1	0.100000
2	0.030000
3	0.070000
4	0.050000
5	0.030000
6	0.030000
7	0.080000
8	0.070000
9	0.120000
10	0.390000
11	0.030000
12	0.050000
13	0.100000
14	0.020000
15	0.110000
16	0.100000
17	0.120000
18	0.050000
19	0.130000
20	0.010000
21	0.060000
22	0.070000
23	0.070000
24	0.070000
25	0.080000
26	0.250000
27	0.070000
28	0.100000
29	0.170000
30	0.060000
31	0.150000
32	0.050000
33	0.320000
34	0.090000
35	0.110000
36	0.130000
37	0.090000
38	0.000000
39	0.090000
40	0.050000
41	0.020000
42	0.090000
43	0.050000
44	0.180000
45	0.130000
46	0.020000
47	0.040000
48	0.200000
49	0.130000
50	0.040000
51	0.050000
52	0.110000
53	0.020000
54	0.060000
55	0.060000
56	0.050000
57	0.050000
58	0.220000
59	0.220000
60	0.030000
61	0.110000
62	0.080000
63	0.070000
64	0.040000
65	0.100000
66	0.030000
67	0.090000
68	0.150000
69	0.090000
70	0.080000
71	0.040000
72	0.020000
73	0.010000
74	0.040000
75	0.170000
76	0.060000
77	0.090000
78	0.180000
79	0.010000
80	0.030000
81	0.120000
82	0.110000
83	0.000000
84	0.070000
85	0.060000
86	0.020000
87	0.140000
88	0.060000
89	0.010000
90	0.040000
91	0.050000
92	0.100000
93	0.150000
94	0.040000
95	0.070000
96	0.130000
97	0.230000
98	0.000000
99	0.050000
100	0.050000
101	0.070000
102	0.000000
103	0.160000
104	0.080000
105	0.120000
106	0.060000
107	0.120000
108	0.030000
109	0.090000
110	0.030000
111	0.100000
112	0.000000
113	0.140000
114	0.160000
115	0.010000
116	0.010000
117	0.270000
118	0.060000
119	0.140000
120	0.110000
121	0.160000
122	0.090000
123	0.240000
124	0.040000
125	0.200000
126	0.010000
127	0.140000
128	0.020000
129	0.110000
130	0.280000
131	0.180000
132	0.160000
133	0.070000
134	0.250000
135	0.110000
136	0.170000
137	0.130000
138	0.120000
139	0.120000
140	0.080000
141	0.000000
142	0.040000
143	0.040000
144	0.000000
145	0.070000
146	0.250000
147	0.110000
148	0.270000
149	0.300000
150	0.080000
151	0.110000
152	0.070000
153	0.050000
154	0.050000
155	0.050000
156	0.050000
157	0.130000
158	0.040000
159	0.080000
160	0.010000
161	0.080000
162	0.120000
163	0.050000
164	0.020000
165	0.040000
166	0.050000
167	0.020000
168	0.010000
169	0.100000
170	0.060000
171	0.040000
172	0.050000
173	0.400000
174	0.190000
175	0.160000
176	0.150000
177	0.060000
178	0.100000
179	0.070000
180	0.030000
181	0.150000
182	0.130000
183	0.040000
184	0.160000
185	0.080000
186	0.030000
187	0.300000
188	0.060000
189	0.030000
190	0.050000
191	0.030000
192	0.290000
193	0.110000
194	0.120000
195	0.410000
196	0.050000
197	0.030000
198	0.150000
199	0.090000
200	0.050000
201	0.080000
202	0.010000
203	0.020000
204	0.100000
205	0.180000
206	0.010000
207	0.030000
208	0.140000
209	0.050000
210	0.140000
211	0.040000
212	0.060000
213	0.050000
214	0.090000
215	0.060000
216	0.120000
217	0.000000
218	0.110000
219	0.010000
220	0.090000
221	0.030000
222	0.100000
223	0.070000
224	0.120000
225	0.240000
226	0.060000
227	0.060000
228	0.090000
229	0.050000
230	0.050000
231	0.090000
232	0.130000
233	0.070000
234	0.010000
235	0.130000
236	0.080000
237	0.070000
238	0.170000
239	0.090000
240	0.050000
241	0.020000
242	0.060000
243	0.090000
244	0.040000
245	0.280000
246	0.040000
247	0.020000
248	0.050000
249	0.070000
250	0.000000
251	0.010000
252	0.070000
253	0.080000
254	0.050000
255	0.270000
256	0.100000
257	0.080000
258	0.060000
259	0.070000
260	0.090000
261	0.010000
262	0.080000
263	0.140000
264	0.330000
265	0.090000
266	0.070000
267	0.060000
268	0.040000
269	0.020000
270	0.160000
271	0.120000
272	0.070000
273	0.120000
274	0.010000
275	0.140000
276	0.000000
277	0.010000
278	0.380000
279	0.040000
280	0.070000
281	0.100000
282	0.030000
283	0.040000
284	0.310000
285	0.020000
286	0.030000
287	0.170000
288	0.120000
289	0.060000
290	0.020000
291	0.090000
292	0.070000
293	0.060000
294	0.080000
295	0.130000
296	0.030000
297	0.040000
298	0.020000
299	0.150000
300	0.120000
301	0.090000
302	0.260000
303	0.020000
304	0.050000
305	0.070000
306	0.170000
307	0.110000
308	0.010000
309	0.110000
310	0.050000
311	0.060000
312	0.050000
313	0.020000
314	0.220000
315	0.010000
316	0.170000
317	0.030000
318	0.030000
319	0.220000
320	0.040000
321	0.170000
322	0.080000
323	0.140000
324	0.000000
325	0.020000
326	0.420000
327	0.100000
328	0.110000
329	0.210000
330	0.080000
331	0.240000
332	0.070000
333	0.130000
334	0.010000
335	0.000000
336	0.220000
337	0.170000
338	0.160000
339	0.080000
340	0.040000
341	0.000000
342	0.200000
343	0.100000
344	0.070000
345	0.020000
346	0.030000
347	0.010000
348	0.140000
349	0.240000
350	0.060000
351	0.040000
352	0.030000
353	0.040000
354	0.060000
355	0.180000
356	0.000000
357	0.000000
358	0.080000
359	0.080000
360	0.050000
361	0.060000
362	0.100000
363	0.060000
364	0.050000
365	0.090000
366	0.300000
367	0.050000
368	0.210000
369	0.090000
370	0.080000
371	0.100000
372	0.090000
373	0.080000
374	0.040000
375	0.040000
376	0.120000
377	0.180000
378	0.070000
379	0.060000
380	0.080000
381	0.100000
382	0.020000
383	0.030000
384	0.050000
385	0.140000
386	0.070000
387	0.020000
388	0.110000
389	0.070000
390	0.170000
391	0.030000
392	0.260000
393	0.050000
394	0.090000
395	0.060000
396	0.030000
397	0.020000
398	0.080000
399	0.070000
400	0.040000
401	0.030000
402	0.110000
403	0.190000
404	0.020000
405	0.000000
406	0.260000
407	0.020000
408	0.030000
409	0.090000
410	0.090000
411	0.340000
412	0.230000
413	0.000000
414	0.040000
415	0.120000
416	0.070000
417	0.060000
418	0.020000
419	0.130000
420	0.050000
421	0.020000
422	0.040000
423	0.100000
424	0.500000
425	0.050000
426	0.050000
427	0.030000
428	0.050000
429	0.100000
430	0.090000
431	0.150000
432	0.120000
433	0.040000
434	0.030000
435	0.220000
436	0.080000
437	0.010000
438	0.170000
439	0.060000
440	0.020000
441	0.060000
442	0.180000
443	0.040000
444	0.090000
445	0.070000
446	0.020000
447	0.000000
448	0.040000
449	0.090000
450	0.060000
451	0.210000
452	0.040000
453	0.300000
454	0.190000
455	0.040000
456	0.130000
457	0.130000
458	0.070000
459	0.030000
460	0.060000
461	0.230000
462	0.090000
463	0.050000
464	0.050000
465	0.060000
466	0.040000
467	0.060000
468	0.030000
469	0.060000
470	0.160000
471	0.050000
472	0.060000
473	0.110000
474	0.060000
475	0.040000
476	0.090000
477	0.190000
478	0.070000
479	0.140000
480	0.110000
481	0.130000
482	0.220000
483	0.010000
484	0.060000
485	0.040000
486	0.060000
487	0.030000
488	0.050000
489	0.070000
490	0.110000
491	0.050000
492	0.100000
493	0.080000
494	0.080000
495	0.050000
496	0.080000
497	0.000000
498	0.020000
499	0.030000
500	0.070000
501	0.020000
502	0.030000
503	0.000000
504	0.020000
505	0.000000
506	0.200000
507	0.070000
508	0.050000
509	0.280000
510	0.030000
511	0.030000
512	0.040000
513	0.050000
514	0.010000
515	0.080000
516	0.080000
517	0.060000
518	0.150000
519	0.030000
520	0.040000
521	0.030000
522	0.110000
523	0.030000
524	0.040000
525	0.030000
526	0.120000
527	0.030000
528	0.090000
529	0.180000
530	0.100000
531	0.290000
532	0.060000
533	0.380000
534	0.100000
535	0.040000
536	0.090000
537	0.070000
538	0.030000
539	0.090000
540	0.050000
541	0.060000
542	0.050000
543	0.200000
544	0.110000
545	0.060000
546	0.050000
547	0.180000
548	0.060000
549	0.160000
550	0.040000
551	0.030000
552	0.020000
553	0.060000
554	0.070000
555	0.010000
556	0.080000
557	0.050000
558	0.140000
559	0.040000
560	0.130000
561	0.000000
562	0.070000
563	0.340000
564	0.070000
565	0.070000
566	0.190000
567	0.060000
568	0.010000
569	0.080000
570	0.140000
571	0.030000
572	0.050000
573	0.060000
574	0.050000
575	0.150000
576	0.030000
577	0.040000
578	0.070000
579	0.070000
580	0.080000
581	0.050000
582	0.130000
583	0.000000
584	0.050000
585	0.160000
586	0.040000
587	0.120000
588	0.370000
589	0.020000
590	0.100000
591	0.170000
592	0.000000
593	0.070000
594	0.110000
595	0.050000
596	0.110000
597	0.100000
598	0.030000
599	0.060000
600	0.020000
601	0.090000
602	0.340000
603	0.020000
604	0.050000
605	0.090000
606	0.040000
607	0.070000
608	0.050000
609	0.120000
610	0.170000
611	0.080000
612	0.090000
613	0.000000
614	0.130000
615	0.050000
616	0.040000
617	0.010000
618	0.020000
619	0.040000
620	0.060000
621	0.080000
622	0.050000
623	0.150000
624	0.230000
625	0.040000
626	0.040000
627	0.090000
628	0.120000
629	0.430000
630	0.120000
631	0.040000
632	0.090000
633	0.050000
634	0.120000
635	0.020000
636	0.090000
637	0.330000
638	0.150000
639	0.190000
640	0.050000
641	0.170000
642	0.010000
643	0.110000
644	0.080000
645	0.020000
646	0.170000
647	0.090000
648	0.090000
649	0.050000
650	0.060000
651	0.220000
652	0.020000
653	0.040000
654	0.010000
655	0.130000
656	0.130000
657	0.100000
658	0.070000
659	0.020000
660	0.200000
661	0.110000
662	0.000000
663	0.090000
664	0.110000
665	0.040000
666	0.070000
667	0.030000
668	0.050000
669	0.060000
670	0.100000
671	0.140000
672	0.060000
673	0.030000
674	0.140000
675	0.110000
676	0.180000
677	0.020000
678	0.270000
679	0.080000
680	0.080000
681	0.090000
682	0.120000
683	0.060000
684	0.020000
685	0.150000
686	0.030000
687	0.070000
688	0.070000
689	0.000000
690	0.050000
691	0.040000
692	0.330000
693	0.020000
694	0.030000
695	0.010000
696	0.230000
697	0.000000
698	0.270000
699	0.210000
700	0.010000
701	0.040000
702	0.080000
703	0.040000
704	0.120000
705	0.030000
706	0.190000
707	0.020000
708	0.040000
709	0.060000
710	0.450000
711	0.090000
712	0.110000
713	0.080000
714	0.060000
715	0.100000
716	0.280000
717	0.090000
718	0.020000
719	0.000000
720	0.190000
721	0.220000
722	0.070000
723	0.040000
724	0.010000
725	0.050000
726	0.180000
727	0.150000
728	0.000000
729	0.190000
730	0.010000
731	0.150000
732	0.020000
733	0.050000
734	0.090000
735	0.120000
736	0.130000
737	0.280000
738	0.080000
739	0.120000
740	0.070000
741	0.150000
742	0.100000
743	0.080000
744	0.020000
745	0.060000
746	0.200000
747	0.050000
748	0.050000
749	0.160000
750	0.090000
751	0.060000
752	0.490000
753	0.100000
754	0.050000
755	0.180000
756	0.080000
757	0.060000
758	0.070000
759	0.160000
760	0.060000
761	0.030000
762	0.040000
763	0.030000
764	0.080000
765	0.190000
766	0.120000
767	0.090000
768	0.020000
769	0.110000
770	0.150000
771	0.040000
772	0.200000
773	0.010000
774	0.290000
775	0.040000
776	0.020000
777	0.130000
778	0.050000
779	0.100000
780	0.180000
781	0.070000
782	0.060000
783	0.120000
784	0.000000
785	0.100000
786	0.150000
787	0.050000
788	0.150000
789	0.080000
790	0.040000
791	0.160000
792	0.000000
793	0.070000
794	0.030000
795	0.140000
796	0.080000
797	0.160000
798	0.050000
799	0.100000
800	0.090000
801	0.140000
802	0.210000
803	0.080000
804	0.080000
805	0.100000
806	0.070000
807	0.040000
808	0.040000
809	0.130000
810	0.000000
811	0.070000
812	0.120000
813	0.150000
814	0.050000
815	0.050000
816	0.200000
817	0.060000
818	0.080000
819	0.090000
820	0.130000
821	0.050000
822	0.120000
823	0.140000
824	0.280000
825	0.080000
826	0.100000
827	0.030000
828	0.040000
829	0.210000
830	0.270000
831	0.090000
832	0.140000
833	0.030000
834	0.060000
835	0.080000
836	0.140000
837	0.010000
838	0.030000
839	0.320000
840	0.080000
841	0.070000
842	0.070000
843	0.040000
844	0.020000
845	0.100000
846	0.130000
847	0.120000
848	0.000000
849	0.080000
850	0.000000
851	0.100000
852	0.070000
853	0.100000
854	0.050000
855	0.110000
856	0.080000
857	0.110000
858	0.160000
859	0.070000
860	0.070000
861	0.110000
862	0.130000
863	0.140000
864	0.080000
865	0.030000
866	0.050000
867	0.010000
868	0.140000
869	0.070000
870	0.040000
871	0.090000
872	0.080000
873	0.190000
874	0.010000
875	0.080000
876	0.130000
877	0.140000
878	0.110000
879	0.030000
880	0.060000
881	0.070000
882	0.070000
883	0.070000
884	0.130000
885	0.050000
886	0.080000
887	0.020000
888	0.050000
889	0.080000
890	0.200000
891	0.030000
892	0.030000
893	0.210000
894	0.030000
895	0.030000
896	0.040000
897	0.060000
898	0.000000
899	0.190000
900	0.040000
901	0.040000
902	0.030000
903	0.110000
904	0.060000
905	0.010000
906	0.010000
907	0.060000
908	0.030000
909	0.020000
910	0.130000
911	0.300000
912	0.030000
913	0.020000
914	0.080000
915	0.130000
916	0.080000
917	0.040000
918	0.000000
919	0.090000
920	0.000000
921	0.060000
922	0.150000
923	0.100000
924	0.050000
925	0.050000
926	0.170000
927	0.190000
928	0.120000
929	0.160000
930	0.100000
931	0.260000
932	0.060000
933	0.070000
934	0.070000
935	0.110000
936	0.100000
937	0.100000
938	0.010000
939	0.030000
940	0.170000
941	0.080000
942	0.030000
943	0.080000
944	0.040000
945	0.100000
946	0.030000
947	0.030000
948	0.190000
949	0.260000
950	0.120000
951	0.030000
952	0.070000
953	0.120000
954	0.110000
955	0.130000
956	0.060000
957	0.060000
958	0.200000
959	0.100000
960	0.010000
961	0.050000
962	0.050000
963	0.120000
964	0.080000
965	0.010000
966	0.220000
967	0.110000
968	0.050000
969	0.040000
970	0.310000
971	0.080000
972	0.090000
973	0.110000
974	0.030000
975	0.160000
976	0.110000
977	0.130000
978	0.070000
979	0.060000
980	0.020000
981	0.110000
982	0.070000
983	0.130000
984	0.240000
985	0.080000
986	0.060000
987	0.100000
988	0.000000
989	0.050000
990	0.040000
991	0.060000
992	0.010000
993	0.050000
994	0.100000
995	0.090000
996	0.160000
997	0.020000
998	0.100000
999	0.080000
1000	0.010000
1001	0.250000
1002	0.000000
1003	0.060000
1004	0.070000
1005	0.060000
1006	0.020000
1007	0.010000
1008	0.050000
1009	0.000000
1010	0.140000
1011	0.080000
1012	0.020000
1013	0.030000
1014	0.050000
1015	0.360000
1016	0.060000
1017	0.050000
1018	0.060000
1019	0.240000
1020	0.020000
1021	0.100000
1022	0.050000
1023	0.040000
1024	0.080000
1025	0.070000
1026	0.020000
1027	0.100000
1028	0.060000
1029	0.170000
1030	0.150000
1031	0.180000
1032	0.010000
1033	0.040000
1034	0.130000
1035	0.030000
1036	0.090000
1037	0.100000
1038	0.050000
1039	0.070000
1040	0.060000
1041	0.030000
1042	0.130000
1043	0.040000
1044	0.120000
1045	0.070000
1046	0.000000
1047	0.090000
1048	0.090000
1049	0.000000
1050	0.220000
1051	0.170000
1052	0.060000
1053	0.130000
1054	0.080000
1055	0.000000
1056	0.090000
1057	0.030000
1058	0.130000
1059	0.120000
1060	0.090000
1061	0.050000
1062	0.020000
1063	0.090000
1064	0.080000
1065	0.180000
1066	0.030000
1067	0.080000
1068	0.190000
1069	0.110000
1070	0.020000
1071	0.030000
1072	0.090000
1073	0.050000
1074	0.070000
1075	0.070000
1076	0.090000
1077	0.300000
1078	0.080000
1079	0.080000
1080	0.000000
1081	0.050000
1082	0.040000
1083	0.020000
1084	0.070000
1085	0.020000
1086	0.190000
1087	0.230000
1088	0.610000
1089	0.030000
1090	0.040000
1091	0.080000
1092	0.120000
1093	0.140000
1094	0.020000
1095	0.050000
1096	0.080000
1097	0.060000
1098	0.070000
1099	0.000000
1100	0.060000
1101	0.260000
1102	0.010000
1103	0.050000
1104	0.100000
1105	0.150000
1106	0.050000
1107	0.130000
1108	0.090000
1109	0.020000
1110	0.090000
1111	0.020000
1112	0.420000
1113	0.140000
1114	0.130000
1115	0.050000
1116	0.230000
1117	0.370000
1118	0.040000
1119	0.010000
1120	0.310000
1121	0.140000
1122	0.230000
1123	0.020000
1124	0.400000
1125	0.320000
1126	0.030000
1127	0.030000
1128	0.020000
1129	0.060000
1130	0.150000
1131	0.070000
1132	0.130000
1133	0.070000
1134	0.060000
1135	0.410000
1136	0.060000
1137	0.150000
1138	0.120000
1139	0.030000
1140	0.020000
1141	0.280000
1142	0.170000
1143	0.030000
1144	0.050000
1145	0.020000
1146	0.080000
1147	0.230000
1148	0.090000
1149	0.040000
1150	0.280000
1151	0.070000
1152	0.050000
1153	0.150000
1154	0.010000
1155	0.090000
1156	0.110000
1157	0.030000
1158	0.070000
1159	0.180000
1160	0.200000
1161	0.040000
1162	0.040000
1163	0.020000
1164	0.320000
1165	0.080000
1166	0.030000
1167	0.070000
1168	0.130000
1169	0.020000
1170	0.160000
1171	0.070000
1172	0.280000
1173	0.050000
1174	0.060000
1175	0.180000
1176	0.060000
1177	0.070000
1178	0.010000
1179	0.110000
1180	0.060000
1181	0.320000
1182	0.140000
1183	0.040000
1184	0.070000
1185	0.020000
1186	0.120000
1187	0.040000
1188	0.080000
1189	0.040000
1190	0.000000
1191	0.100000
1192	0.010000
1193	0.070000
1194	0.250000
1195	0.000000
1196	0.110000
1197	0.040000
1198	0.050000
1199	0.000000
1200	0.060000
1201	0.050000
1202	0.330000
1203	0.050000
1204	0.010000
1205	0.020000
1206	0.220000
1207	0.180000
1208	0.060000
1209	0.190000
1210	0.050000
1211	0.080000
1212	0.120000
1213	0.010000
1214	0.010000
1215	0.280000
1216	0.110000
1217	0.080000
1218	0.180000
1219	0.250000
1220	0.050000
1221	0.040000
1222	0.070000
1223	0.010000
1224	0.130000
1225	0.020000
1226	0.040000
1227	0.120000
1228	0.020000
1229	0.040000
1230	0.090000
1231	0.040000
1232	0.030000
1233	0.100000
1234	0.020000
1235	0.030000
1236	0.060000
1237	0.000000
1238	0.070000
1239	0.080000
1240	0.080000
1241	0.110000
1242	0.330000
1243	0.130000
1244	0.230000
1245	0.110000
1246	0.350000
1247	0.050000
1248	0.030000
1249	0.080000
1250	0.040000
1251	0.110000
1252	0.080000
1253	0.020000
1254	0.160000
1255	0.060000
1256	0.070000
1257	0.040000
1258	0.040000
1259	0.070000
1260	0.240000
1261	0.130000
1262	0.020000
1263	0.050000
1264	0.090000
1265	0.040000
1266	0.110000
1267	0.050000
1268	0.150000
1269	0.080000
1270	0.040000
1271	0.090000
1272	0.120000
1273	0.010000
1274	0.380000
1275	0.060000
1276	0.120000
1277	0.050000
1278	0.060000
1279	0.160000
1280	0.090000
1281	0.070000
1282	0.040000
1283	0.070000
1284	0.150000
1285	0.120000
1286	0.000000
1287	0.060000
1288	0.070000
1289	0.060000
1290	0.010000
1291	0.060000
1292	0.130000
1293	0.040000
1294	0.150000
1295	0.020000
1296	0.030000
1297	0.110000
1298	0.320000
1299	0.200000
1300	0.060000
1301	0.190000
1302	0.110000
1303	0.270000
1304	0.070000
1305	0.060000
1306	0.120000
1307	0.050000
1308	0.090000
1309	0.030000
1310	0.060000
1311	0.060000
1312	0.100000
1313	0.050000
1314	0.160000
1315	0.080000
1316	0.010000
1317	0.330000
1318	0.020000
1319	0.010000
1320	0.180000
1321	0.160000
1322	0.080000
1323	0.060000
1324	0.090000
1325	0.110000
1326	0.060000
1327	0.030000
1328	0.120000
1329	0.270000
1330	0.020000
1331	0.070000
1332	0.080000
1333	0.210000
1334	0.090000
1335	0.090000
1336	0.050000
1337	0.130000
1338	0.110000
1339	0.140000
1340	0.280000
1341	0.200000
1342	0.020000
1343	0.140000
1344	0.030000
1345	0.200000
1346	0.010000
1347	0.070000
1348	0.080000
1349	0.090000
1350	0.060000
1351	0.010000
1352	0.140000
1353	0.070000
1354	0.150000
1355	0.090000
1356	0.100000
1357	0.310000
1358	0.110000
1359	0.080000
1360	0.000000
1361	0.040000
1362	0.210000
1363	0.010000
1364	0.050000
1365	0.030000
1366	0.020000
1367	0.140000
1368	0.070000
1369	0.240000
1370	0.000000
1371	0.050000
1372	0.010000
1373	0.080000
1374	0.020000
1375	0.010000
1376	0.070000
1377	0.050000
1378	0.070000
1379	0.040000
1380	0.230000
1381	0.020000
1382	0.080000
1383	0.310000
1384	0.070000
1385	0.050000
1386	0.060000
1387	0.160000
1388	0.110000
1389	0.120000
1390	0.160000
1391	0.050000
1392	0.120000
1393	0.170000
1394	0.020000
1395	0.160000
1396	0.060000
1397	0.050000
1398	0.070000
1399	0.240000
1400	0.130000
1401	0.060000
1402	0.050000
1403	0.150000
1404	0.040000
1405	0.060000
1406	0.040000
1407	0.190000
1408	0.230000
1409	0.050000
1410	0.050000
1411	0.080000
1412	0.010000
1413	0.120000
1414	0.160000
1415	0.150000
1416	0.060000
1417	0.080000
1418	0.070000
1419	0.030000
1420	0.150000
1421	0.140000
1422	0.230000
1423	0.020000
1424	0.120000
1425	0.180000
1426	0.190000
1427	0.040000
1428	0.080000
1429	0.050000
1430	0.110000
1431	0.050000
1432	0.040000
1433	0.110000
1434	0.280000
1435	0.090000
1436	0.070000
1437	0.160000
1438	0.130000
1439	0.070000
1440	0.090000
1441	0.140000
1442	0.000000
1443	0.050000
1444	0.080000
1445	0.010000
1446	0.160000
1447	0.450000
1448	0.130000
1449	0.360000
1450	0.060000
1451	0.240000
1452	0.000000
1453	0.070000
1454	0.040000
1455	0.090000
1456	0.010000
1457	0.080000
1458	0.110000
1459	0.050000
1460	0.040000
1461	0.000000
1462	0.070000
1463	0.010000
1464	0.090000
1465	0.110000
1466	0.030000
1467	0.190000
1468	0.030000
1469	0.050000
1470	0.200000
1471	0.040000
1472	0.210000
1473	0.150000
1474	0.050000
1475	0.030000
1476	0.030000
1477	0.000000
1478	0.030000
1479	0.020000
1480	0.090000
1481	0.080000
1482	0.060000
1483	0.290000
1484	0.130000
1485	0.000000
1486	0.120000
1487	0.090000
1488	0.040000
1489	0.130000
1490	0.320000
1491	0.230000
1492	0.010000
1493	0.050000
1494	0.030000
1495	0.140000
1496	0.240000
1497	0.290000
1498	0.120000
1499	0.100000
1500	0.120000
1501	0.210000
1502	0.060000
1503	0.120000
1504	0.020000
1505	0.230000
1506	0.010000
1507	0.110000
1508	0.000000
1509	0.070000
1510	0.030000
1511	0.110000
1512	0.080000
1513	0.130000
1514	0.030000
1515	0.030000
1516	0.270000
1517	0.100000
1518	0.080000
1519	0.030000
1520	0.030000
1521	0.060000
1522	0.200000
1523	0.090000
1524	0.090000
1525	0.030000
1526	0.030000
1527	0.130000
1528	0.000000
1529	0.070000
1530	0.240000
1531	0.090000
1532	0.080000
1533	0.080000
1534	0.020000
1535	0.090000
1536	0.010000
1537	0.070000
1538	0.090000
1539	0.080000
1540	0.040000
1541	0.020000
1542	0.170000
1543	0.010000
1544	0.000000
1545	0.100000
1546	0.170000
1547	0.060000
1548	0.080000
1549	0.020000
1550	0.060000
1551	0.090000
1552	0.000000
1553	0.050000
1554	0.020000
1555	0.050000
1556	0.210000
1557	0.070000
1558	0.060000
1559	0.000000
1560	0.020000
1561	0.070000
1562	0.110000
1563	0.020000
1564	0.190000
1565	0.080000
1566	0.020000
1567	0.000000
1568	0.050000
1569	0.150000
1570	0.130000
1571	0.020000
1572	0.080000
1573	0.080000
1574	0.150000
1575	0.130000
1576	0.060000
1577	0.030000
1578	0.090000
1579	0.330000
1580	0.010000
1581	0.010000
1582	0.050000
1583	0.050000
1584	0.190000
1585	0.000000
1586	0.280000
1587	0.090000
1588	0.070000
1589	0.060000
1590	0.070000
1591	0.050000
1592	0.150000
1593	0.250000
1594	0.150000
1595	0.110000
1596	0.040000
1597	0.030000
1598	0.270000
1599	0.200000
1600	0.230000
1601	0.250000
1602	0.050000
1603	0.050000
1604	0.070000
1605	0.300000
1606	0.040000
1607	0.040000
1608	0.280000
1609	0.120000
1610	0.040000
1611	0.240000
1612	0.010000
1613	0.000000
1614	0.110000
1615	0.060000
1616	0.140000
1617	0.080000
1618	0.080000
1619	0.070000
1620	0.060000
1621	0.070000
1622	0.020000
1623	0.100000
1624	0.240000
1625	0.020000
1626	0.120000
1627	0.020000
1628	0.220000
1629	0.110000
1630	0.260000
1631	0.020000
1632	0.200000
1633	0.060000
1634	0.020000
1635	0.290000
1636	0.180000
1637	0.220000
1638	0.040000
1639	0.170000
1640	0.140000
1641	0.100000
1642	0.060000
1643	0.070000
1644	0.050000
1645	0.190000
1646	0.000000
1647	0.130000
1648	0.020000
1649	0.040000
1650	0.150000
1651	0.050000
1652	0.040000
1653	0.060000
1654	0.050000
1655	0.170000
1656	0.040000
1657	0.120000
1658	0.180000
1659	0.080000
1660	0.010000
1661	0.070000
1662	0.040000
1663	0.080000
1664	0.050000
1665	0.130000
1666	0.200000
1667	0.370000
1668	0.040000
1669	0.070000
1670	0.000000
1671	0.140000
1672	0.040000
1673	0.040000
1674	0.070000
1675	0.050000
1676	0.170000
1677	0.090000
1678	0.140000
1679	0.110000
1680	0.170000
1681	0.130000
1682	0.030000
1683	0.100000
1684	0.030000
1685	0.080000
1686	0.050000
1687	0.080000
1688	0.010000
1689	0.110000
1690	0.100000
1691	0.040000
1692	0.140000
1693	0.100000
1694	0.200000
1695	0.080000
1696	0.040000
1697	0.330000
1698	0.130000
1699	0.180000
1700	0.130000
1701	0.220000
1702	0.010000
1703	0.070000
1704	0.030000
1705	0.110000
1706	0.070000
1707	0.180000
1708	0.040000
1709	0.030000
1710	0.010000
1711	0.010000
1712	0.350000
1713	0.060000
1714	0.030000
1715	0.070000
1716	0.110000
1717	0.020000
1718	0.050000
1719	0.080000
1720	0.010000
1721	0.060000
1722	0.060000
1723	0.150000
1724	0.070000
1725	0.010000
1726	0.310000
1727	0.090000
1728	0.050000
1729	0.120000
1730	0.010000
1731	0.100000
1732	0.050000
1733	0.400000
1734	0.120000
1735	0.100000
1736	0.090000
1737	0.400000
1738	0.080000
1739	0.060000
1740	0.010000
1741	0.000000
1742	0.060000
1743	0.010000
1744	0.040000
1745	0.130000
1746	0.070000
1747	0.060000
1748	0.380000
1749	0.200000
1750	0.040000
1751	0.040000
1752	0.090000
1753	0.010000
1754	0.020000
1755	0.240000
1756	0.070000
1757	0.040000
1758	0.100000
1759	0.100000
1760	0.080000
1761	0.190000
1762	0.120000
1763	0.040000
1764	0.050000
1765	0.040000
1766	0.070000
1767	0.050000
1768	0.090000
1769	0.150000
1770	0.170000
1771	0.060000
1772	0.070000
1773	0.090000
1774	0.050000
1775	0.200000
1776	0.200000
1777	0.040000
1778	0.240000
1779	0.090000
1780	0.320000
1781	0.000000
1782	0.050000
1783	0.000000
1784	0.070000
1785	0.080000
1786	0.020000
1787	0.000000
1788	0.000000
1789	0.060000
1790	0.190000
1791	0.100000
1792	0.020000
1793	0.010000
1794	0.210000
1795	0.010000
1796	0.050000
1797	0.120000
1798	0.010000
1799	0.100000
1800	0.090000
1801	0.030000
1802	0.100000
1803	0.140000
1804	0.060000
1805	0.110000
1806	0.040000
1807	0.120000
1808	0.020000
1809	0.130000
1810	0.030000
1811	0.030000
1812	0.450000
1813	0.020000
1814	0.100000
1815	0.020000
1816	0.070000
1817	0.130000
1818	0.020000
1819	0.120000
1820	0.050000
1821	0.060000
1822	0.000000
1823	0.050000
1824	0.100000
1825	0.160000
1826	0.080000
1827	0.090000
1828	0.040000
1829	0.080000
1830	0.040000
1831	0.120000
1832	0.060000
1833	0.080000
1834	0.020000
1835	0.080000
1836	0.180000
1837	0.270000
1838	0.080000
1839	0.020000
1840	0.020000
1841	0.020000
1842	0.100000
1843	0.040000
1844	0.020000
1845	0.150000
1846	0.070000
1847	0.100000
1848	0.040000
1849	0.070000
1850	0.110000
1851	0.250000
1852	0.150000
1853	0.100000
1854	0.030000
1855	0.160000
1856	0.160000
1857	0.020000
1858	0.130000
1859	0.080000
1860	0.160000
1861	0.180000
1862	0.050000
1863	0.140000
1864	0.060000
1865	0.100000
1866	0.060000
1867	0.050000
1868	0.070000
1869	0.050000
1870	0.020000
1871	0.020000
1872	0.030000
1873	0.150000
1874	0.100000
1875	0.090000
1876	0.040000
1877	0.360000
1878	0.100000
1879	0.120000
1880	0.100000
1881	0.050000
1882	0.100000
1883	0.060000
1884	0.400000
1885	0.030000
1886	0.020000
1887	0.060000
1888	0.050000
1889	0.100000
1890	0.240000
1891	0.050000
1892	0.040000
1893	0.070000
1894	0.090000
1895	0.110000
1896	0.170000
1897	0.170000
1898	0.040000
1899	0.390000
1900	0.060000
1901	0.060000
1902	0.180000
1903	0.210000
1904	0.120000
1905	0.080000
1906	0.050000
1907	0.070000
1908	0.070000
1909	0.130000
1910	0.120000
1911	0.030000
1912	0.680000
1913	0.090000
1914	0.050000
1915	0.030000
1916	0.130000
1917	0.100000
1918	0.030000
1919	0.170000
1920	0.210000
1921	0.070000
1922	0.050000
1923	0.120000
1924	0.110000
1925	0.180000
1926	0.020000
1927	0.030000
1928	0.150000
1929	0.080000
1930	0.120000
1931	0.080000
1932	0.020000
1933	0.050000
1934	0.110000
1935	0.140000
1936	0.050000
1937	0.080000
1938	0.080000
1939	0.170000
1940	0.090000
1941	0.540000
1942	0.050000
1943	0.190000
1944	0.020000
1945	0.030000
1946	0.020000
1947	0.110000
1948	0.160000
1949	0.090000
1950	0.000000
1951	0.000000
1952	0.130000
1953	0.030000
1954	0.060000
1955	0.060000
1956	0.070000
1957	0.040000
1958	0.370000
1959	0.070000
1960	0.160000
1961	0.140000
1962	0.230000
1963	0.100000
1964	0.000000
1965	0.010000
1966	0.020000
1967	0.040000
1968	0.100000
1969	0.220000
1970	0.040000
1971	0.020000
1972	0.080000
1973	0.060000
1974	0.050000
1975	0.000000
1976	0.060000
1977	0.040000
1978	0.100000
1979	0.100000
1980	0.450000
1981	0.060000
1982	0.100000
1983	0.340000
1984	0.030000
1985	0.140000
1986	0.020000
1987	0.040000
1988	0.220000
1989	0.050000
1990	0.070000
1991	0.050000
1992	0.020000
1993	0.040000
1994	0.040000
1995	0.040000
1996	0.190000
1997	0.080000
1998	0.370000
1999	0.060000
2000	0.140000
2001	0.060000
2002	0.020000
2003	0.100000
2004	0.160000
2005	0.170000
2006	0.100000
2007	0.010000
2008	0.170000
2009	0.080000
2010	0.300000
2011	0.100000
2012	0.290000
2013	0.190000
2014	0.090000
2015	0.370000
2016	0.030000
2017	0.040000
2018	0.130000
2019	0.050000
2020	0.300000
2021	0.320000
2022	0.180000
2023	0.150000
2024	0.160000
2025	0.100000
2026	0.080000
2027	0.090000
2028	0.040000
2029	0.200000
2030	0.220000
2031	0.120000
2032	0.050000
2033	0.090000
2034	0.040000
2035	0.140000
2036	0.020000
2037	0.050000
2038	0.130000
2039	0.030000
2040	0.040000
2041	0.350000
2042	0.110000
2043	0.140000
2044	0.010000
2045	0.020000
2046	0.110000
2047	0.210000
2048	0.040000
2049	0.070000
2050	0.060000
2051	0.170000
2052	0.080000
2053	0.050000
2054	0.220000
2055	0.020000
2056	0.090000
2057	0.100000
2058	0.020000
2059	0.000000
2060	0.090000
2061	0.050000
2062	0.100000
2063	0.320000
2064	0.010000
2065	0.030000
2066	0.020000
2067	0.030000
2068	0.110000
2069	0.070000
2070	0.160000
2071	0.220000
2072	0.020000
2073	0.360000
2074	0.050000
2075	0.110000
2076	0.060000
2077	0.100000
2078	0.050000
2079	0.030000
2080	0.080000
2081	0.150000
2082	0.040000
2083	0.040000
2084	0.110000
2085	0.210000
2086	0.050000
2087	0.060000
2088	0.200000
2089	0.000000
2090	0.010000
2091	0.000000
2092	0.290000
2093	0.040000
2094	0.010000
2095	0.070000
2096	0.100000
2097	0.100000
2098	0.210000
2099	0.080000
2100	0.110000
2101	0.040000
2102	0.080000
2103	0.050000
2104	0.010000
2105	0.230000
2106	0.330000
2107	0.040000
2108	0.050000
2109	0.080000
2110	0.140000
2111	0.010000
2112	0.070000
2113	0.050000
2114	0.050000
2115	0.040000
2116	0.410000
2117	0.000000
2118	0.040000
2119	0.100000
2120	0.120000
2121	0.190000
2122	0.100000
2123	0.070000
2124	0.050000
2125	0.060000
2126	0.180000
2127	0.120000
2128	0.050000
2129	0.040000
2130	0.040000
2131	0.170000
2132	0.130000
2133	0.030000
2134	0.010000
2135	0.060000
2136	0.140000
2137	0.090000
2138	0.160000
2139	0.020000
2140	0.220000
2141	0.060000
2142	0.050000
2143	0.010000
2144	0.050000
2145	0.020000
2146	0.200000
2147	0.080000
2148	0.050000
2149	0.060000
2150	0.080000
2151	0.060000
2152	0.000000
2153	0.160000
2154	0.050000
2155	0.130000
2156	0.020000
2157	0.050000
2158	0.120000
2159	0.060000
2160	0.020000
2161	0.080000
2162	0.120000
2163	0.080000
2164	0.030000
2165	0.040000
2166	0.020000
2167	0.450000
2168	0.120000
2169	0.000000
2170	0.260000
2171	0.090000
2172	0.190000
2173	0.010000
2174	0.100000
2175	0.120000
2176	0.150000
2177	0.060000
2178	0.010000
2179	0.020000
2180	0.080000
2181	0.030000
2182	0.070000
2183	0.050000
2184	0.050000
2185	0.010000
2186	0.350000
2187	0.060000
2188	0.230000
2189	0.040000
2190	0.040000
2191	0.010000
2192	0.100000
2193	0.060000
2194	0.100000
2195	0.140000
2196	0.080000
2197	0.040000
2198	0.070000
2199	0.310000
2200	0.230000
2201	0.080000
2202	0.090000
2203	0.050000
2204	0.100000
2205	0.110000
2206	0.050000
2207	0.060000
2208	0.190000
2209	0.020000
2210	0.050000
2211	0.080000
2212	0.090000
2213	0.040000
2214	0.040000
2215	0.160000
2216	0.030000
2217	0.010000
2218	0.020000
2219	0.130000
2220	0.030000
2221	0.100000
2222	0.090000
2223	0.050000
2224	0.040000
2225	0.100000
2226	0.040000
2227	0.090000
2228	0.110000
2229	0.050000
2230	0.100000
2231	0.150000
2232	0.120000
2233	0.050000
2234	0.010000
2235	0.100000
2236	0.120000
2237	0.030000
2238	0.100000
2239	0.090000
2240	0.060000
2241	0.070000
2242	0.180000
2243	0.080000
2244	0.250000
2245	0.150000
2246	0.130000
2247	0.150000
2248	0.000000
2249	0.030000
2250	0.080000
2251	0.010000
2252	0.010000
2253	0.060000
2254	0.190000
2255	0.070000
2256	0.010000
2257	0.040000
2258	0.140000
2259	0.120000
2260	0.070000
2261	0.060000
2262	0.080000
2263	0.040000
2264	0.120000
2265	0.110000
2266	0.130000
2267	0.120000
2268	0.010000
2269	0.040000
2270	0.090000
2271	0.240000
2272	0.130000
2273	0.020000
2274	0.010000
2275	0.040000
2276	0.080000
2277	0.020000
2278	0.060000
2279	0.050000
2280	0.100000
2281	0.090000
2282	0.090000
2283	0.090000
2284	0.130000
2285	0.060000
2286	0.030000
2287	0.040000
2288	0.360000
2289	0.030000
2290	0.080000
2291	0.040000
2292	0.010000
2293	0.150000
2294	0.070000
2295	0.020000
2296	0.040000
2297	0.020000
2298	0.030000
2299	0.100000
2300	0.050000
2301	0.080000
2302	0.040000
2303	0.230000
2304	0.120000
2305	0.090000
2306	0.080000
2307	0.180000
2308	0.000000
2309	0.070000
2310	0.010000
2311	0.040000
2312	0.050000
2313	0.080000
2314	0.090000
2315	0.060000
2316	0.070000
2317	0.080000
2318	0.020000
2319	0.020000
2320	0.090000
2321	0.090000
2322	0.050000
2323	0.140000
2324	0.080000
2325	0.050000
2326	0.010000
2327	0.070000
2328	0.080000
2329	0.080000
2330	0.110000
2331	0.040000
2332	0.130000
2333	0.000000
2334	0.210000
2335	0.100000
2336	0.040000
2337	0.080000
2338	0.060000
2339	0.040000
2340	0.100000
2341	0.050000
2342	0.060000
2343	0.090000
2344	0.010000
2345	0.040000
2346	0.020000
2347	0.040000
2348	0.290000
2349	0.080000
2350	0.050000
2351	0.030000
2352	0.190000
2353	0.060000
2354	0.160000
2355	0.050000
2356	0.030000
2357	0.070000
2358	0.030000
2359	0.050000
2360	0.050000
2361	0.060000
2362	0.050000
2363	0.070000
2364	0.040000
2365	0.010000
2366	0.100000
2367	0.040000
2368	0.130000
2369	0.030000
2370	0.040000
2371	0.000000
2372	0.010000
2373	0.060000
2374	0.190000
2375	0.030000
2376	0.110000
2377	0.060000
2378	0.040000
2379	0.060000
2380	0.150000
2381	0.050000
2382	0.080000
2383	0.160000
2384	0.040000
2385	0.020000
2386	0.080000
2387	0.070000
2388	0.060000
2389	0.110000
2390	0.040000
2391	0.100000
2392	0.070000
2393	0.140000
2394	0.040000
2395	0.130000
2396	0.070000
2397	0.060000
2398	0.020000
2399	0.000000
2400	0.020000
2401	0.000000
2402	0.090000
2403	0.150000
2404	0.090000
2405	0.050000
2406	0.060000
2407	0.060000
2408	0.060000
2409	0.010000
2410	0.120000
2411	0.070000
2412	0.060000
2413	0.010000
2414	0.170000
2415	0.030000
2416	0.020000
2417	0.040000
2418	0.130000
2419	0.340000
2420	0.130000
2421	0.050000
2422	0.050000
2423	0.090000
2424	0.060000
2425	0.080000
2426	0.080000
2427	0.100000
2428	0.170000
2429	0.050000
2430	0.050000
2431	0.010000
2432	0.080000
2433	0.050000
2434	0.050000
2435	0.120000
2436	0.200000
2437	0.040000
2438	0.080000
2439	0.010000
2440	0.060000
2441	0.050000
2442	0.060000
2443	0.060000
2444	0.030000
2445	0.110000
2446	0.260000
2447	0.100000
2448	0.030000
2449	0.020000
2450	0.040000
2451	0.060000
2452	0.040000
2453	0.120000
2454	0.100000
2455	0.130000
2456	0.080000
2457	0.120000
2458	0.040000
2459	0.030000
2460	0.030000
2461	0.090000
2462	0.260000
2463	0.190000
2464	0.010000
2465	0.230000
2466	0.300000
2467	0.020000
2468	0.040000
2469	0.000000
2470	0.040000
2471	0.020000
2472	0.100000
2473	0.010000
2474	0.040000
2475	0.090000
2476	0.090000
2477	0.130000
2478	0.240000
2479	0.010000
2480	0.000000
2481	0.090000
2482	0.010000
2483	0.090000
2484	0.120000
2485	0.220000
2486	0.010000
2487	0.050000
2488	0.020000
2489	0.130000
2490	0.020000
2491	0.060000
2492	0.100000
2493	0.060000
2494	0.010000
2495	0.010000
2496	0.400000
2497	0.060000
2498	0.050000
2499	0.080000
2500	0.000000
2501	0.110000
2502	0.000000
2503	0.190000
2504	0.070000
2505	0.020000
2506	0.080000
2507	0.310000
2508	0.090000
2509	0.110000
2510	0.030000
2511	0.050000
2512	0.050000
2513	0.130000
2514	0.080000
2515	0.080000
2516	0.030000
2517	0.010000
2518	0.010000
2519	0.000000
2520	0.040000
2521	0.050000
2522	0.020000
2523	0.050000
2524	0.060000
2525	0.070000
2526	0.050000
2527	0.060000
2528	0.020000
2529	0.420000
2530	0.040000
2531	0.060000
2532	0.030000
2533	0.210000
2534	0.050000
2535	0.030000
2536	0.080000
2537	0.100000
2538	0.040000
2539	0.120000
2540	0.010000
2541	0.070000
2542	0.040000
2543	0.060000
2544	0.400000
2545	0.000000
2546	0.090000
2547	0.110000
2548	0.050000
2549	0.050000
2550	0.110000
2551	0.090000
2552	0.050000
2553	0.030000
2554	0.010000
2555	0.080000
2556	0.060000
2557	0.060000
2558	0.030000
2559	0.070000
2560	0.070000
2561	0.090000
2562	0.070000
2563	0.040000
2564	0.100000
2565	0.190000
2566	0.100000
2567	0.200000
2568	0.020000
2569	0.070000
2570	0.070000
2571	0.020000
2572	0.010000
2573	0.080000
2574	0.020000
2575	0.110000
2576	0.120000
2577	0.120000
2578	0.000000
2579	0.080000
2580	0.040000
2581	0.140000
2582	0.040000
2583	0.140000
2584	0.000000
2585	0.090000
2586	0.040000
2587	0.040000
2588	0.070000
2589	0.080000
2590	0.160000
2591	0.090000
2592	0.240000
2593	0.130000
2594	0.090000
2595	0.060000
2596	0.040000
2597	0.070000
2598	0.070000
2599	0.110000
2600	0.120000
2601	0.020000
2602	0.030000
2603	0.030000
2604	0.020000
2605	0.160000
2606	0.100000
2607	0.020000
2608	0.220000
2609	0.090000
2610	0.070000
2611	0.220000
2612	0.010000
2613	0.020000
2614	0.040000
2615	0.000000
2616	0.060000
2617	0.090000
2618	0.030000
2619	0.070000
2620	0.110000
2621	0.150000
2622	0.040000
2623	0.030000
2624	0.190000
2625	0.190000
2626	0.020000
2627	0.200000
2628	0.040000
2629	0.020000
2630	0.110000
2631	0.050000
2632	0.030000
2633	0.030000
2634	0.190000
2635	0.090000
2636	0.080000
2637	0.070000
2638	0.270000
2639	0.020000
2640	0.030000
2641	0.190000
2642	0.070000
2643	0.350000
2644	0.050000
2645	0.110000
2646	0.040000
2647	0.000000
2648	0.080000
2649	0.040000
2650	0.040000
2651	0.120000
2652	0.080000
2653	0.050000
2654	0.080000
2655	0.190000
2656	0.020000
2657	0.020000
2658	0.060000
2659	0.170000
2660	0.080000
2661	0.040000
2662	0.020000
2663	0.070000
2664	0.120000
2665	0.470000
2666	0.000000
2667	0.050000
2668	0.050000
2669	0.100000
2670	0.230000
2671	0.050000
2672	0.020000
2673	0.010000
2674	0.120000
2675	0.020000
2676	0.090000
2677	0.020000
2678	0.030000
2679	0.150000
2680	0.060000
2681	0.030000
2682	0.030000
2683	0.070000
2684	0.130000
2685	0.130000
2686	0.060000
2687	0.050000
2688	0.190000
2689	0.110000
2690	0.010000
2691	0.280000
2692	0.050000
2693	0.160000
2694	0.030000
2695	0.050000
2696	0.040000
2697	0.040000
2698	0.060000
2699	0.070000
2700	0.110000
2701	0.080000
2702	0.050000
2703	0.090000
2704	0.070000
2705	0.000000
2706	0.050000
2707	0.010000
2708	0.060000
2709	0.010000
2710	0.080000
2711	0.090000
2712	0.060000
2713	0.010000
2714	0.040000
2715	0.050000
2716	0.010000
2717	0.050000
2718	0.110000
2719	0.160000
2720	0.020000
2721	0.030000
2722	0.000000
2723	0.070000
2724	0.050000
2725	0.050000
2726	0.120000
2727	0.140000
2728	0.060000
2729	0.060000
2730	0.160000
2731	0.210000
2732	0.030000
2733	0.020000
2734	0.050000
2735	0.020000
2736	0.090000
2737	0.080000
2738	0.160000
2739	0.060000
2740	0.020000
2741	0.040000
2742	0.140000
2743	0.030000
2744	0.000000
2745	0.120000
2746	0.030000
2747	0.050000
2748	0.190000
2749	0.050000
2750	0.100000
2751	0.170000
2752	0.010000
2753	0.390000
2754	0.070000
2755	0.030000
2756	0.040000
2757	0.120000
2758	0.090000
2759	0.010000
2760	0.090000
2761	0.000000
2762	0.040000
2763	0.010000
2764	0.130000
2765	0.130000
2766	0.060000
2767	0.060000
2768	0.040000
2769	0.080000
2770	0.050000
2771	0.180000
2772	0.140000
2773	0.110000
2774	0.100000
2775	0.000000
2776	0.070000
2777	0.620000
2778	0.090000
2779	0.210000
2780	0.080000
2781	0.120000
2782	0.110000
2783	0.130000
2784	0.020000
2785	0.040000
2786	0.130000
2787	0.040000
2788	0.150000
2789	0.130000
2790	0.040000
2791	0.070000
2792	0.040000
2793	0.350000
2794	0.100000
2795	0.010000
2796	0.150000
2797	0.010000
2798	0.080000
2799	0.060000
2800	0.040000
2801	0.210000
2802	0.040000
2803	0.080000
2804	0.040000
2805	0.080000
2806	0.050000
2807	0.180000
2808	0.130000
2809	0.130000
2810	0.260000
2811	0.080000
2812	0.010000
2813	0.020000
2814	0.130000
2815	0.010000
2816	0.060000
2817	0.060000
2818	0.250000
2819	0.050000
2820	0.360000
2821	0.040000
2822	0.020000
2823	0.100000
2824	0.120000
2825	0.030000
2826	0.150000
2827	0.040000
2828	0.050000
2829	0.070000
2830	0.100000
2831	0.070000
2832	0.090000
2833	0.070000
2834	0.010000
2835	0.030000
2836	0.040000
2837	0.140000
2838	0.080000
2839	0.070000
2840	0.400000
2841	0.310000
2842	0.040000
2843	0.010000
2844	0.160000
2845	0.090000
2846	0.050000
2847	0.100000
2848	0.020000
2849	0.160000
2850	0.050000
2851	0.060000
2852	0.160000
2853	0.100000
2854	0.080000
2855	0.050000
2856	0.050000
2857	0.090000
2858	0.030000
2859	0.100000
2860	0.170000
2861	0.090000
2862	0.130000
2863	0.080000
2864	0.100000
2865	0.070000
2866	0.110000
2867	0.060000
2868	0.020000
2869	0.020000
2870	0.100000
2871	0.060000
2872	0.230000
2873	0.220000
2874	0.110000
2875	0.080000
2876	0.200000
2877	0.030000
2878	0.290000
2879	0.020000
2880	0.160000
2881	0.010000
2882	0.070000
2883	0.000000
2884	0.010000
2885	0.110000
2886	0.130000
2887	0.530000
2888	0.150000
2889	0.090000
2890	0.100000
2891	0.100000
2892	0.040000
2893	0.020000
2894	0.090000
2895	0.240000
2896	0.200000
2897	0.020000
2898	0.120000
2899	0.040000
2900	0.080000
2901	0.040000
2902	0.050000
2903	0.100000
2904	0.040000
2905	0.110000
2906	0.080000
2907	0.410000
2908	0.060000
2909	0.630000
2910	0.100000
2911	0.060000
2912	0.020000
2913	0.070000
2914	0.190000
2915	0.100000
2916	0.270000
2917	0.030000
2918	0.060000
2919	0.060000
2920	0.010000
2921	0.230000
2922	0.020000
2923	0.030000
2924	0.050000
2925	0.040000
2926	0.050000
2927	0.040000
2928	0.330000
2929	0.210000
2930	0.000000
2931	0.060000
2932	0.060000
2933	0.100000
2934	0.240000
2935	0.200000
2936	0.010000
2937	0.100000
2938	0.080000
2939	0.040000
2940	0.010000
2941	0.160000
2942	0.190000
2943	0.230000
2944	0.040000
2945	0.070000
2946	0.350000
2947	0.120000
2948	0.030000
2949	0.040000
2950	0.090000
2951	0.080000
2952	0.160000
2953	0.160000
2954	0.060000
2955	0.150000
2956	0.040000
2957	0.080000
2958	0.050000
2959	0.000000
2960	0.070000
2961	0.060000
2962	0.130000
2963	0.010000
2964	0.070000
2965	0.010000
2966	0.230000
2967	0.190000
2968	0.050000
2969	0.070000
2970	0.080000
2971	0.030000
2972	0.050000
2973	0.140000
2974	0.040000
2975	0.080000
2976	0.020000
2977	0.000000
2978	0.050000
2979	0.050000
2980	0.070000
2981	0.020000
2982	0.060000
2983	0.130000
2984	0.030000
2985	0.150000
2986	0.360000
2987	0.060000
2988	0.130000
2989	0.110000
2990	0.040000
2991	0.070000
2992	0.090000
2993	0.000000
2994	0.130000
2995	0.090000
2996	0.080000
2997	0.040000
2998	0.020000
2999	0.280000
3000	0.040000
3001	0.240000
3002	0.150000
3003	0.060000
3004	0.080000
3005	0.200000
3006	0.040000
3007	0.050000
3008	0.080000
3009	0.000000
3010	0.200000
3011	0.090000
3012	0.460000
3013	0.300000
3014	0.110000
3015	0.000000
3016	0.070000
3017	0.130000
3018	0.400000
3019	0.010000
3020	0.130000
3021	0.010000
3022	0.180000
3023	0.050000
3024	0.080000
3025	0.220000
3026	0.090000
3027	0.040000
3028	0.010000
3029	0.270000
3030	0.050000
3031	0.080000
3032	0.080000
3033	0.130000
3034	0.000000
3035	0.020000
3036	0.040000
3037	0.070000
3038	0.110000
3039	0.120000
3040	0.070000
3041	0.100000
3042	0.030000
3043	0.050000
3044	0.010000
3045	0.100000
3046	0.070000
3047	0.100000
3048	0.110000
3049	0.110000
3050	0.100000
3051	0.250000
3052	0.060000
3053	0.120000
3054	0.200000
3055	0.220000
3056	0.130000
3057	0.140000
3058	0.180000
3059	0.030000
3060	0.050000
3061	0.040000
3062	0.030000
3063	0.060000
3064	0.020000
3065	0.040000
3066	0.050000
3067	0.210000
3068	0.020000
3069	0.060000
3070	0.070000
3071	0.060000
3072	0.140000
3073	0.030000
3074	0.180000
3075	0.160000
3076	0.050000
3077	0.030000
3078	0.090000
3079	0.060000
3080	0.270000
3081	0.300000
3082	0.100000
3083	0.030000
3084	0.110000
3085	0.110000
3086	0.050000
3087	0.080000
3088	0.010000
3089	0.010000
3090	0.100000
3091	0.040000
3092	0.150000
3093	0.050000
3094	0.050000
3095	0.060000
3096	0.050000
3097	0.040000
3098	0.050000
3099	0.200000
3100	0.090000
3101	0.220000
3102	0.060000
3103	0.010000
3104	0.020000
3105	0.020000
3106	0.050000
3107	0.010000
3108	0.240000
3109	0.050000
3110	0.280000
3111	0.150000
3112	0.090000
3113	0.010000
3114	0.100000
3115	0.010000
3116	0.020000
3117	0.030000
3118	0.220000
3119	0.090000
3120	0.080000
3121	0.090000
3122	0.010000
3123	0.120000
3124	0.020000
3125	0.270000
3126	0.120000
3127	0.040000
3128	0.150000
3129	0.160000
3130	0.040000
3131	0.030000
3132	0.070000
3133	0.060000
3134	0.030000
3135	0.070000
3136	0.010000
3137	0.120000
3138	0.070000
3139	0.070000
3140	0.110000
3141	0.010000
3142	0.050000
3143	0.160000
3144	0.020000
3145	0.100000
3146	0.030000
3147	0.040000
3148	0.070000
3149	0.060000
3150	0.050000
3151	0.110000
3152	0.020000
3153	0.050000
3154	0.090000
3155	0.050000
3156	0.120000
3157	0.040000
3158	0.230000
3159	0.160000
3160	0.060000
3161	0.070000
3162	0.130000
3163	0.430000
3164	0.070000
3165	0.050000
3166	0.110000
3167	0.100000
3168	0.070000
3169	0.130000
3170	0.150000
3171	0.050000
3172	0.080000
3173	0.110000
3174	0.000000
3175	0.040000
3176	0.060000
3177	0.060000
3178	0.260000
3179	0.040000
3180	0.050000
3181	0.070000
3182	0.150000
3183	0.090000
3184	0.030000
3185	0.100000
3186	0.020000
3187	0.040000
3188	0.010000
3189	0.140000
3190	0.020000
3191	0.080000
3192	0.200000
3193	0.020000
3194	0.040000
3195	0.100000
3196	0.080000
3197	0.030000
3198	0.120000
3199	0.050000
3200	0.040000
3201	0.210000
3202	0.130000
3203	0.050000
3204	0.070000
3205	0.100000
3206	0.080000
3207	0.030000
3208	0.080000
3209	0.440000
3210	0.060000
3211	0.140000
3212	0.010000
3213	0.100000
3214	0.020000
3215	0.030000
3216	0.030000
3217	0.180000
3218	0.080000
3219	0.070000
3220	0.070000
3221	0.040000
3222	0.030000
3223	0.100000
3224	0.240000
3225	0.050000
3226	0.020000
3227	0.050000
3228	0.040000
3229	0.080000
3230	0.100000
3231	0.100000
3232	0.100000
3233	0.070000
3234	0.010000
3235	0.070000
3236	0.030000
3237	0.080000
3238	0.040000
3239	0.020000
3240	0.040000
3241	0.010000
3242	0.250000
3243	0.070000
3244	0.000000
3245	0.240000
3246	0.060000
3247	0.050000
3248	0.080000
3249	0.010000
3250	0.070000
3251	0.020000
3252	0.070000
3253	0.140000
3254	0.020000
3255	0.110000
3256	0.120000
3257	0.040000
3258	0.040000
3259	0.240000
3260	0.180000
3261	0.090000
3262	0.040000
3263	0.190000
3264	0.020000
3265	0.240000
3266	0.090000
3267	0.020000
3268	0.090000
3269	0.060000
3270	0.230000
3271	0.170000
3272	0.140000
3273	0.020000
3274	0.250000
3275	0.000000
3276	0.030000
3277	0.110000
3278	0.070000
3279	0.080000
3280	0.340000
3281	0.010000
3282	0.070000
3283	0.120000
3284	0.020000
3285	0.180000
3286	0.070000
3287	0.010000
3288	0.060000
3289	0.040000
3290	0.010000
3291	0.030000
3292	0.410000
3293	0.020000
3294	0.050000
3295	0.070000
3296	0.190000
3297	0.020000
3298	0.080000
3299	0.090000
3300	0.140000
3301	0.220000
3302	0.010000
3303	0.050000
3304	0.100000
3305	0.160000
3306	0.040000
3307	0.020000
3308	0.090000
3309	0.160000
3310	0.030000
3311	0.350000
3312	0.280000
3313	0.220000
3314	0.100000
3315	0.120000
3316	0.000000
3317	0.070000
3318	0.070000
3319	0.140000
3320	0.140000
3321	0.070000
3322	0.010000
3323	0.130000
3324	0.020000
3325	0.050000
3326	0.050000
3327	0.220000
3328	0.150000
3329	0.090000
3330	0.040000
3331	0.070000
3332	0.190000
3333	0.100000
3334	0.090000
3335	0.040000
3336	0.020000
3337	0.010000
3338	0.030000
3339	0.120000
3340	0.080000
3341	0.150000
3342	0.140000
3343	0.030000
3344	0.060000
3345	0.090000
3346	0.080000
3347	0.040000
3348	0.060000
3349	0.080000
3350	0.070000
3351	0.080000
3352	0.180000
3353	0.040000
3354	0.090000
3355	0.030000
3356	0.170000
3357	0.040000
3358	0.010000
3359	0.040000
3360	0.080000
3361	0.110000
3362	0.080000
3363	0.130000
3364	0.060000
3365	0.050000
3366	0.070000
3367	0.000000
3368	0.060000
3369	0.050000
3370	0.140000
3371	0.260000
3372	0.020000
3373	0.070000
3374	0.030000
3375	0.020000
3376	0.050000
3377	0.070000
3378	0.100000
3379	0.080000
3380	0.110000
3381	0.010000
3382	0.090000
3383	0.050000
3384	0.060000
3385	0.020000
3386	0.060000
3387	0.100000
3388	0.040000
3389	0.250000
3390	0.040000
3391	0.720000
3392	0.010000
3393	0.230000
3394	0.270000
3395	0.080000
3396	0.010000
3397	0.050000
3398	0.040000
3399	0.030000
3400	0.060000
3401	0.180000
3402	0.290000
3403	0.130000
3404	0.050000
3405	0.050000
3406	0.080000
3407	0.030000
3408	0.070000
3409	0.060000
3410	0.330000
3411	0.310000
3412	0.190000
3413	0.090000
3414	0.040000
3415	0.020000
3416	0.210000
3417	0.070000
3418	0.020000
3419	0.090000
3420	0.040000
3421	0.030000
3422	0.110000
3423	0.140000
3424	0.050000
3425	0.230000
3426	0.090000
3427	0.050000
3428	0.110000
3429	0.040000
3430	0.210000
3431	0.010000
3432	0.110000
3433	0.090000
3434	0.020000
3435	0.120000
3436	0.080000
3437	0.020000
3438	0.030000
3439	0.130000
3440	0.040000
3441	0.190000
3442	0.010000
3443	0.040000
3444	0.110000
3445	0.100000
3446	0.090000
3447	0.090000
3448	0.050000
3449	0.030000
3450	0.190000
3451	0.040000
3452	0.100000
3453	0.150000
3454	0.230000
3455	0.030000
3456	0.110000
3457	0.170000
3458	0.040000
3459	0.040000
3460	0.060000
3461	0.080000
3462	0.320000
3463	0.080000
3464	0.120000
3465	0.050000
3466	0.030000
3467	0.090000
3468	0.090000
3469	0.160000
3470	0.020000
3471	0.480000
3472	0.020000
3473	0.160000
3474	0.140000
3475	0.450000
3476	0.020000
3477	0.000000
3478	0.100000
3479	0.050000
3480	0.010000
3481	0.170000
3482	0.090000
3483	0.160000
3484	0.040000
3485	0.080000
3486	0.140000
3487	0.220000
3488	0.060000
3489	0.010000
3490	0.190000
3491	0.100000
3492	0.020000
3493	0.210000
3494	0.070000
3495	0.030000
3496	0.030000
3497	0.000000
3498	0.060000
3499	0.040000
3500	0.110000
3501	0.070000
3502	0.070000
3503	0.200000
3504	0.170000
3505	0.030000
3506	0.070000
3507	0.390000
3508	0.080000
3509	0.360000
3510	0.000000
3511	0.040000
3512	0.160000
3513	0.120000
3514	0.160000
3515	0.070000
3516	0.120000
3517	0.100000
3518	0.210000
3519	0.280000
3520	0.160000
3521	0.010000
3522	0.020000
3523	0.080000
3524	0.050000
3525	0.050000
3526	0.160000
3527	0.030000
3528	0.120000
3529	0.110000
3530	0.010000
3531	0.060000
3532	0.040000
3533	0.100000
3534	0.090000
3535	0.090000
3536	0.060000
3537	0.120000
3538	0.160000
3539	0.000000
3540	0.180000
3541	0.060000
3542	0.070000
3543	0.120000
3544	0.020000
3545	0.040000
3546	0.140000
3547	0.130000
3548	0.070000
3549	0.040000
3550	0.220000
3551	0.110000
3552	0.030000
3553	0.100000
3554	0.020000
3555	0.080000
3556	0.110000
3557	0.190000
3558	0.070000
3559	0.040000
3560	0.070000
3561	0.040000
3562	0.450000
3563	0.060000
3564	0.040000
3565	0.100000
3566	0.050000
3567	0.090000
3568	0.160000
3569	0.210000
3570	0.020000
3571	0.060000
3572	0.000000
3573	0.040000
3574	0.090000
3575	0.040000
3576	0.150000
3577	0.160000
3578	0.140000
3579	0.120000
3580	0.090000
3581	0.090000
3582	0.080000
3583	0.040000
3584	0.050000
3585	0.070000
3586	0.020000
3587	0.000000
3588	0.170000
3589	0.440000
3590	0.330000
3591	0.030000
3592	0.240000
3593	0.030000
3594	0.090000
3595	0.000000
3596	0.080000
3597	0.100000
3598	0.020000
3599	0.380000
3600	0.110000
3601	0.060000
3602	0.060000
3603	0.140000
3604	0.050000
3605	0.010000
3606	0.040000
3607	0.190000
3608	0.080000
3609	0.050000
3610	0.080000
3611	0.050000
3612	0.110000
3613	0.110000
3614	0.060000
3615	0.170000
3616	0.050000
3617	0.080000
3618	0.260000
3619	0.000000
3620	0.150000
3621	0.050000
3622	0.050000
3623	0.060000
3624	0.100000
3625	0.040000
3626	0.080000
3627	0.030000
3628	0.090000
3629	0.080000
3630	0.080000
3631	0.080000
3632	0.060000
3633	0.000000
3634	0.060000
3635	0.080000
3636	0.010000
3637	0.130000
3638	0.010000
3639	0.050000
3640	0.120000
3641	0.230000
3642	0.000000
3643	0.160000
3644	0.070000
3645	0.080000
3646	0.110000
3647	0.010000
3648	0.360000
3649	0.070000
3650	0.190000
3651	0.030000
3652	0.160000
3653	0.020000
3654	0.280000
3655	0.010000
3656	0.060000
3657	0.060000
3658	0.060000
3659	0.060000
3660	0.140000
3661	0.060000
3662	0.000000
3663	0.090000
3664	0.030000
3665	0.240000
3666	0.080000
3667	0.040000
3668	0.040000
3669	0.310000
3670	0.080000
3671	0.100000
3672	0.100000
3673	0.120000
3674	0.080000
3675	0.420000
3676	0.040000
3677	0.010000
3678	0.320000
3679	0.190000
3680	0.030000
3681	0.150000
3682	0.000000
3683	0.010000
3684	0.190000
3685	0.290000
3686	0.080000
3687	0.060000
3688	0.200000
3689	0.020000
3690	0.190000
3691	0.180000
3692	0.000000
3693	0.270000
3694	0.090000
3695	0.160000
3696	0.090000
3697	0.090000
3698	0.220000
3699	0.130000
3700	0.040000
3701	0.080000
3702	0.040000
3703	0.020000
3704	0.120000
3705	0.510000
3706	0.150000
3707	0.030000
3708	0.020000
3709	0.020000
3710	0.030000
3711	0.050000
3712	0.160000
3713	0.100000
3714	0.030000
3715	0.220000
3716	0.240000
3717	0.140000
3718	0.060000
3719	0.080000
3720	0.050000
3721	0.090000
3722	0.080000
3723	0.000000
3724	0.200000
3725	0.050000
3726	0.140000
3727	0.180000
3728	0.020000
3729	0.100000
3730	0.060000
3731	0.130000
3732	0.190000
3733	0.160000
3734	0.030000
3735	0.050000
3736	0.060000
3737	0.030000
3738	0.070000
3739	0.020000
3740	0.040000
3741	0.060000
3742	0.060000
3743	0.020000
3744	0.010000
3745	0.150000
3746	0.300000
3747	0.070000
3748	0.080000
3749	0.150000
3750	0.020000
3751	0.050000
3752	0.060000
3753	0.070000
3754	0.120000
3755	0.090000
3756	0.290000
3757	0.120000
3758	0.080000
3759	0.080000
3760	0.220000
3761	0.220000
3762	0.040000
3763	0.010000
3764	0.050000
3765	0.000000
3766	0.050000
3767	0.000000
3768	0.340000
3769	0.190000
3770	0.120000
3771	0.140000
3772	0.020000
3773	0.260000
3774	0.120000
3775	0.050000
3776	0.100000
3777	0.030000
3778	0.260000
3779	0.120000
3780	0.160000
3781	0.110000
3782	0.080000
3783	0.050000
3784	0.090000
3785	0.020000
3786	0.100000
3787	0.000000
3788	0.050000
3789	0.140000
3790	0.070000
3791	0.110000
3792	0.370000
3793	0.110000
3794	0.050000
3795	0.020000
3796	0.080000
3797	0.060000
3798	0.050000
3799	0.000000
3800	0.040000
3801	0.300000
3802	0.040000
3803	0.010000
3804	0.250000
3805	0.040000
3806	0.240000
3807	0.070000
3808	0.180000
3809	0.110000
3810	0.130000
3811	0.090000
3812	0.110000
3813	0.090000
3814	0.030000
3815	0.080000
3816	0.080000
3817	0.050000
3818	0.010000
3819	0.090000
3820	0.120000
3821	0.180000
3822	0.140000
3823	0.370000
3824	0.380000
3825	0.040000
3826	0.050000
3827	0.170000
3828	0.130000
3829	0.180000
3830	0.090000
3831	0.060000
3832	0.110000
3833	0.180000
3834	0.030000
3835	0.120000
3836	0.180000
3837	0.070000
3838	0.060000
3839	0.000000
3840	0.090000
3841	0.280000
3842	0.280000
3843	0.030000
3844	0.130000
3845	0.060000
3846	0.200000
3847	0.130000
3848	0.050000
3849	0.120000
3850	0.140000
3851	0.160000
3852	0.100000
3853	0.080000
3854	0.090000
3855	0.090000
3856	0.020000
3857	0.050000
3858	0.070000
3859	0.320000
3860	0.030000
3861	0.100000
3862	0.070000
3863	0.080000
3864	0.090000
3865	0.060000
3866	0.050000
3867	0.040000
3868	0.100000
3869	0.020000
3870	0.050000
3871	0.080000
3872	0.080000
3873	0.030000
3874	0.120000
3875	0.090000
3876	0.090000
3877	0.020000
3878	0.240000
3879	0.050000
3880	0.080000
3881	0.100000
3882	0.100000
3883	0.030000
3884	0.240000
3885	0.220000
3886	0.170000
3887	0.060000
3888	0.090000
3889	0.180000
3890	0.030000
3891	0.040000
3892	0.160000
3893	0.100000
3894	0.130000
3895	0.140000
3896	0.050000
3897	0.010000
3898	0.040000
3899	0.080000
3900	0.090000
3901	0.000000
3902	0.070000
3903	0.050000
3904	0.040000
3905	0.100000
3906	0.120000
3907	0.110000
3908	0.040000
3909	0.060000
3910	0.040000
3911	0.020000
3912	0.120000
3913	0.010000
3914	0.200000
3915	0.040000
3916	0.250000
3917	0.030000
3918	0.070000
3919	0.040000
3920	0.000000
3921	0.100000
3922	0.040000
3923	0.070000
3924	0.050000
3925	0.130000
3926	0.040000
3927	0.130000
3928	0.020000
3929	0.220000
3930	0.100000
3931	0.000000
3932	0.000000
3933	0.040000
3934	0.100000
3935	0.040000
3936	0.050000
3937	0.100000
3938	0.040000
3939	0.030000
3940	0.100000
3941	0.010000
3942	0.370000
3943	0.060000
3944	0.070000
3945	0.260000
3946	0.240000
3947	0.070000
3948	0.150000
3949	0.100000
3950	0.110000
3951	0.170000
3952	0.060000
3953	0.120000
3954	0.090000
3955	0.230000
3956	0.000000
3957	0.040000
3958	0.120000
3959	0.070000
3960	0.040000
3961	0.060000
3962	0.020000
3963	0.200000
3964	0.050000
3965	0.150000
3966	0.000000
3967	0.050000
3968	0.140000
3969	0.050000
3970	0.080000
3971	0.270000
3972	0.070000
3973	0.010000
3974	0.020000
3975	0.050000
3976	0.110000
3977	0.050000
3978	0.090000
3979	0.080000
3980	0.110000
3981	0.140000
3982	0.070000
3983	0.030000
3984	0.070000
3985	0.090000
3986	0.070000
3987	0.040000
3988	0.030000
3989	0.060000
3990	0.080000
3991	0.140000
3992	0.120000
3993	0.200000
3994	0.060000
3995	0.210000
3996	0.040000
3997	0.180000
3998	0.080000
3999	0.130000
4000	0.000000
4001	0.020000
4002	0.070000
4003	0.070000
4004	0.270000
4005	0.150000
4006	0.110000
4007	0.110000
4008	0.070000
4009	0.260000
4010	0.060000
4011	0.010000
4012	0.070000
4013	0.100000
4014	0.000000
4015	0.040000
4016	0.230000
4017	0.100000
4018	0.220000
4019	0.050000
4020	0.130000
4021	0.010000
4022	0.150000
4023	0.020000
4024	0.010000
4025	0.060000
4026	0.020000
4027	0.050000
4028	0.130000
4029	0.110000
4030	0.040000
4031	0.140000
4032	0.100000
4033	0.270000
4034	0.090000
4035	0.020000
4036	0.090000
4037	0.070000
4038	0.020000
4039	0.100000
4040	0.020000
4041	0.060000
4042	0.300000
4043	0.010000
4044	0.060000
4045	0.050000
4046	0.060000
4047	0.060000
4048	0.100000
4049	0.220000
4050	0.190000
4051	0.010000
4052	0.050000
4053	0.010000
4054	0.020000
4055	0.040000
4056	0.050000
4057	0.040000
4058	0.290000
4059	0.080000
4060	0.170000
4061	0.080000
4062	0.120000
4063	0.080000
4064	0.000000
4065	0.060000
4066	0.070000
4067	0.150000
4068	0.000000
4069	0.000000
4070	0.050000
4071	0.050000
4072	0.010000
4073	0.040000
4074	0.010000
4075	0.070000
4076	0.040000
4077	0.040000
4078	0.040000
4079	0.080000
4080	0.100000
4081	0.060000
4082	0.080000
4083	0.090000
4084	0.020000
4085	0.200000
4086	0.130000
4087	0.130000
4088	0.020000
4089	0.250000
4090	0.010000
4091	0.030000
4092	0.060000
4093	0.070000
4094	0.120000
4095	0.040000
4096	0.110000
4097	0.080000
4098	0.160000
4099	0.080000
4100	0.050000
4101	0.040000
4102	0.200000
4103	0.010000
4104	0.110000
4105	0.040000
4106	0.010000
4107	0.250000
4108	0.080000
4109	0.060000
4110	0.050000
4111	0.080000
4112	0.090000
4113	0.020000
4114	0.250000
4115	0.050000
4116	0.110000
4117	0.200000
4118	0.110000
4119	0.060000
4120	0.040000
4121	0.060000
4122	0.110000
4123	0.030000
4124	0.010000
4125	0.020000
4126	0.210000
4127	0.080000
4128	0.040000
4129	0.060000
4130	0.260000
4131	0.060000
4132	0.050000
4133	0.050000
4134	0.140000
4135	0.110000
4136	0.070000
4137	0.050000
4138	0.030000
4139	0.110000
4140	0.220000
4141	0.160000
4142	0.030000
4143	0.060000
4144	0.070000
4145	0.050000
4146	0.040000
4147	0.090000
4148	0.080000
4149	0.050000
4150	0.050000
4151	0.020000
4152	0.190000
4153	0.010000
4154	0.010000
4155	0.090000
4156	0.100000
4157	0.020000
4158	0.000000
4159	0.040000
4160	0.190000
4161	0.030000
4162	0.050000
4163	0.030000
4164	0.050000
4165	0.100000
4166	0.050000
4167	0.100000
4168	0.030000
4169	0.350000
4170	0.130000
4171	0.050000
4172	0.060000
4173	0.030000
4174	0.020000
4175	0.190000
4176	0.070000
4177	0.160000
4178	0.010000
4179	0.040000
4180	0.030000
4181	0.120000
4182	0.080000
4183	0.160000
4184	0.080000
4185	0.120000
4186	0.120000
4187	0.090000
4188	0.030000
4189	0.050000
4190	0.010000
4191	0.060000
4192	0.030000
4193	0.120000
4194	0.180000
4195	0.020000
4196	0.040000
4197	0.010000
4198	0.090000
4199	0.030000
4200	0.130000
4201	0.030000
4202	0.060000
4203	0.040000
4204	0.160000
4205	0.000000
4206	0.000000
4207	0.040000
4208	0.140000
4209	0.060000
4210	0.300000
4211	0.060000
4212	0.070000
4213	0.110000
4214	0.060000
4215	0.180000
4216	0.020000
4217	0.230000
4218	0.010000
4219	0.100000
4220	0.120000
4221	0.140000
4222	0.080000
4223	0.010000
4224	0.130000
4225	0.040000
4226	0.010000
4227	0.440000
4228	0.040000
4229	0.050000
4230	0.040000
4231	0.040000
4232	0.080000
4233	0.000000
4234	0.080000
4235	0.070000
4236	0.060000
4237	0.040000
4238	0.050000
4239	0.170000
4240	0.050000
4241	0.050000
4242	0.050000
4243	0.020000
4244	0.040000
4245	0.220000
4246	0.040000
4247	0.100000
4248	0.050000
4249	0.060000
4250	0.030000
4251	0.000000
4252	0.080000
4253	0.400000
4254	0.070000
4255	0.070000
4256	0.050000
4257	0.090000
4258	0.120000
4259	0.010000
4260	0.220000
4261	0.300000
4262	0.090000
4263	0.060000
4264	0.010000
4265	0.200000
4266	0.150000
4267	0.050000
4268	0.010000
4269	0.010000
4270	0.070000
4271	0.160000
4272	0.170000
4273	0.050000
4274	0.060000
4275	0.030000
4276	0.050000
4277	0.670000
4278	0.080000
4279	0.300000
4280	0.080000
4281	0.010000
4282	0.020000
4283	0.050000
4284	0.250000
4285	0.090000
4286	0.030000
4287	0.160000
4288	0.050000
4289	0.170000
4290	0.070000
4291	0.160000
4292	0.070000
4293	0.070000
4294	0.100000
4295	0.050000
4296	0.030000
4297	0.090000
4298	0.160000
4299	0.080000
4300	0.040000
4301	0.080000
4302	0.020000
4303	0.050000
4304	0.070000
4305	0.220000
4306	0.030000
4307	0.020000
4308	0.100000
4309	0.050000
4310	0.080000
4311	0.020000
4312	0.200000
4313	0.050000
4314	0.010000
4315	0.060000
4316	0.080000
4317	0.070000
4318	0.130000
4319	0.010000
4320	0.050000
4321	0.010000
4322	0.090000
4323	0.050000
4324	0.090000
4325	0.070000
4326	0.120000
4327	0.130000
4328	0.150000
4329	0.150000
4330	0.030000
4331	0.040000
4332	0.030000
4333	0.180000
4334	0.190000
4335	0.190000
4336	0.030000
4337	0.080000
4338	0.040000
4339	0.110000
4340	0.050000
4341	0.030000
4342	0.110000
4343	0.030000
4344	0.750000
4345	0.250000
4346	0.060000
4347	0.060000
4348	0.020000
4349	0.020000
4350	0.020000
4351	0.120000
4352	0.130000
4353	0.070000
4354	0.110000
4355	0.040000
4356	0.200000
4357	0.070000
4358	0.080000
4359	0.000000
4360	0.080000
4361	0.100000
4362	0.040000
4363	0.120000
4364	0.060000
4365	0.020000
4366	0.020000
4367	0.130000
4368	0.160000
4369	0.030000
4370	0.030000
4371	0.100000
4372	0.050000
4373	0.140000
4374	0.090000
4375	0.040000
4376	0.010000
4377	0.340000
4378	0.060000
4379	0.030000
4380	0.040000
4381	0.060000
4382	0.010000
4383	0.020000
4384	0.030000
4385	0.010000
4386	0.580000
4387	0.240000
4388	0.170000
4389	0.050000
4390	0.030000
4391	0.020000
4392	0.010000
4393	0.020000
4394	0.090000
4395	0.000000
4396	0.000000
4397	0.090000
4398	0.010000
4399	0.070000
4400	0.070000
4401	0.020000
4402	0.020000
4403	0.140000
4404	0.000000
4405	0.090000
4406	0.140000
4407	0.010000
4408	0.090000
4409	0.120000
4410	0.060000
4411	0.100000
4412	0.070000
4413	0.030000
4414	0.130000
4415	0.010000
4416	0.070000
4417	0.150000
4418	0.100000
4419	0.000000
4420	0.050000
4421	0.050000
4422	0.180000
4423	0.070000
4424	0.040000
4425	0.570000
4426	0.050000
4427	0.030000
4428	0.000000
4429	0.020000
4430	0.020000
4431	0.040000
4432	0.060000
4433	0.050000
4434	0.040000
4435	0.110000
4436	0.130000
4437	0.040000
4438	0.060000
4439	0.060000
4440	0.010000
4441	0.050000
4442	0.020000
4443	0.030000
4444	0.120000
4445	0.110000
4446	0.130000
4447	0.150000
4448	0.350000
4449	0.120000
4450	0.100000
4451	0.130000
4452	0.090000
4453	0.030000
4454	0.020000
4455	0.020000
4456	0.080000
4457	0.120000
4458	0.070000
4459	0.110000
4460	0.010000
4461	0.120000
4462	0.010000
4463	0.030000
4464	0.000000
4465	0.040000
4466	0.050000
4467	0.060000
4468	0.080000
4469	0.030000
4470	0.050000
4471	0.030000
4472	0.180000
4473	0.010000
4474	0.030000
4475	0.060000
4476	0.010000
4477	0.030000
4478	0.230000
4479	0.140000
4480	0.120000
4481	0.040000
4482	0.420000
4483	0.050000
4484	0.040000
4485	0.010000
4486	0.000000
4487	0.170000
4488	0.020000
4489	0.180000
4490	0.070000
4491	0.180000
4492	0.030000
4493	0.040000
4494	0.020000
4495	0.010000
4496	0.080000
4497	0.090000
4498	0.090000
4499	0.050000
4500	0.050000
4501	0.090000
4502	0.130000
4503	0.000000
4504	0.010000
4505	0.010000
4506	0.190000
4507	0.110000
4508	0.360000
4509	0.120000
4510	0.200000
4511	0.270000
4512	0.140000
4513	0.050000
4514	0.000000
4515	0.020000
4516	0.030000
4517	0.090000
4518	0.020000
4519	0.010000
4520	0.110000
4521	0.040000
4522	0.070000
4523	0.380000
4524	0.000000
4525	0.030000
4526	0.090000
4527	0.030000
4528	0.060000
4529	0.070000
4530	0.040000
4531	0.060000
4532	0.060000
4533	0.040000
4534	0.050000
4535	0.010000
4536	0.060000
4537	0.050000
4538	0.030000
4539	0.040000
4540	0.090000
4541	0.300000
4542	0.000000
4543	0.320000
4544	0.080000
4545	0.000000
4546	0.060000
4547	0.050000
4548	0.050000
4549	0.070000
4550	0.050000
4551	0.020000
4552	0.140000
4553	0.020000
4554	0.010000
4555	0.090000
4556	0.130000
4557	0.070000
4558	0.010000
4559	0.080000
4560	0.190000
4561	0.140000
4562	0.190000
4563	0.030000
4564	0.070000
4565	0.050000
4566	0.030000
4567	0.080000
4568	0.010000
4569	0.180000
4570	0.050000
4571	0.050000
4572	0.050000
4573	0.090000
4574	0.070000
4575	0.140000
4576	0.020000
4577	0.100000
4578	0.330000
4579	0.220000
4580	0.050000
4581	0.090000
4582	0.050000
4583	0.020000
4584	0.100000
4585	0.050000
4586	0.000000
4587	0.060000
4588	0.050000
4589	0.130000
4590	0.070000
4591	0.160000
4592	0.120000
4593	0.180000
4594	0.040000
4595	0.060000
4596	0.040000
4597	0.040000
4598	0.070000
4599	0.020000
4600	0.160000
4601	0.080000
4602	0.050000
4603	0.030000
4604	0.040000
4605	0.180000
4606	0.040000
4607	0.220000
4608	0.010000
4609	0.120000
4610	0.050000
4611	0.190000
4612	0.020000
4613	0.060000
4614	0.020000
4615	0.100000
4616	0.020000
4617	0.050000
4618	0.180000
4619	0.200000
4620	0.060000
4621	0.240000
4622	0.020000
4623	0.070000
4624	0.070000
4625	0.050000
4626	0.130000
4627	0.100000
4628	0.020000
4629	0.050000
4630	0.070000
4631	0.060000
4632	0.070000
4633	0.120000
4634	0.080000
4635	0.030000
4636	0.010000
4637	0.040000
4638	0.030000
4639	0.020000
4640	0.160000
4641	0.070000
4642	0.040000
4643	0.070000
4644	0.040000
4645	0.030000
4646	0.020000
4647	0.250000
4648	0.050000
4649	0.060000
4650	0.100000
4651	0.100000
4652	0.020000
4653	0.070000
4654	0.050000
4655	0.130000
4656	0.060000
4657	0.050000
4658	0.120000
4659	0.110000
4660	0.070000
4661	0.170000
4662	0.020000
4663	0.090000
4664	0.000000
4665	0.050000
4666	0.020000
4667	0.030000
4668	0.100000
4669	0.080000
4670	0.170000
4671	0.040000
4672	0.040000
4673	0.290000
4674	0.000000
4675	0.100000
4676	0.050000
4677	0.010000
4678	0.080000
4679	0.090000
4680	0.130000
4681	0.070000
4682	0.200000
4683	0.030000
4684	0.100000
4685	0.070000
4686	0.160000
4687	0.110000
4688	0.060000
4689	0.070000
4690	0.050000
4691	0.030000
4692	0.080000
4693	0.020000
4694	0.070000
4695	0.040000
4696	0.000000
4697	0.180000
4698	0.040000
4699	0.180000
4700	0.180000
4701	0.090000
4702	0.110000
4703	0.050000
4704	0.060000
4705	0.110000
4706	0.070000
4707	0.030000
4708	0.130000
4709	0.090000
4710	0.020000
4711	0.010000
4712	0.060000
4713	0.000000
4714	0.020000
4715	0.040000
4716	0.070000
4717	0.100000
4718	0.160000
4719	0.080000
4720	0.080000
4721	0.120000
4722	0.050000
4723	0.030000
4724	0.070000
4725	0.250000
4726	0.160000
4727	0.090000
4728	0.250000
4729	0.080000
4730	0.040000
4731	0.050000
4732	0.270000
4733	0.090000
4734	0.040000
4735	0.090000
4736	0.140000
4737	0.080000
4738	0.130000
4739	0.050000
4740	0.030000
4741	0.050000
4742	0.060000
4743	0.060000
4744	0.050000
4745	0.110000
4746	0.030000
4747	0.140000
4748	0.250000
4749	0.040000
4750	0.250000
4751	0.030000
4752	0.030000
4753	0.030000
4754	0.200000
4755	0.060000
4756	0.050000
4757	0.140000
4758	0.050000
4759	0.040000
4760	0.050000
4761	0.020000
4762	0.120000
4763	0.060000
4764	0.010000
4765	0.270000
4766	0.050000
4767	0.020000
4768	0.000000
4769	0.030000
4770	0.000000
4771	0.270000
4772	0.070000
4773	0.010000
4774	0.130000
4775	0.000000
4776	0.050000
4777	0.040000
4778	0.010000
4779	0.300000
4780	0.140000
4781	0.010000
4782	0.140000
4783	0.060000
4784	0.140000
4785	0.120000
4786	0.240000
4787	0.050000
4788	0.060000
4789	0.070000
4790	0.160000
4791	0.110000
4792	0.050000
4793	0.000000
4794	0.070000
4795	0.100000
4796	0.180000
4797	0.050000
4798	0.040000
4799	0.100000
4800	0.000000
4801	0.100000
4802	0.370000
4803	0.070000
4804	0.080000
4805	0.010000
4806	0.240000
4807	0.130000
4808	0.240000
4809	0.030000
4810	0.090000
4811	0.080000
4812	0.170000
4813	0.110000
4814	0.020000
4815	0.100000
4816	0.220000
4817	0.060000
4818	0.050000
4819	0.070000
4820	0.010000
4821	0.080000
4822	0.080000
4823	0.340000
4824	0.060000
4825	0.020000
4826	0.190000
4827	0.000000
4828	0.190000
4829	0.160000
4830	0.040000
4831	0.190000
4832	0.070000
4833	0.030000
4834	0.170000
4835	0.090000
4836	0.070000
4837	0.030000
4838	0.060000
4839	0.030000
4840	0.030000
4841	0.090000
4842	0.070000
4843	0.090000
4844	0.070000
4845	0.070000
4846	0.040000
4847	0.170000
4848	0.070000
4849	0.030000
4850	0.000000
4851	0.050000
4852	0.240000
4853	0.110000
4854	0.060000
4855	0.120000
4856	0.050000
4857	0.100000
4858	0.050000
4859	0.010000
4860	0.030000
4861	0.140000
4862	0.120000
4863	0.050000
4864	0.070000
4865	0.050000
4866	0.010000
4867	0.400000
4868	0.160000
4869	0.050000
4870	0.090000
4871	0.000000
4872	0.000000
4873	0.020000
4874	0.060000
4875	0.110000
4876	0.020000
4877	0.010000
4878	0.010000
4879	0.220000
4880	0.020000
4881	0.060000
4882	0.110000
4883	0.060000
4884	0.180000
4885	0.040000
4886	0.230000
4887	0.010000
4888	0.260000
4889	0.210000
4890	0.090000
4891	0.080000
4892	0.100000
4893	0.110000
4894	0.090000
4895	0.060000
4896	0.100000
4897	0.230000
4898	0.030000
4899	0.110000
4900	0.050000
4901	0.110000
4902	0.070000
4903	0.060000
4904	0.080000
4905	0.100000
4906	0.220000
4907	0.100000
4908	0.050000
4909	0.210000
4910	0.080000
4911	0.010000
4912	0.040000
4913	0.050000
4914	0.060000
4915	0.100000
4916	0.140000
4917	0.040000
4918	0.160000
4919	0.040000
4920	0.060000
4921	0.060000
4922	0.020000
4923	0.040000
4924	0.090000
4925	0.040000
4926	0.010000
4927	0.010000
4928	0.040000
4929	0.110000
4930	0.180000
4931	0.010000
4932	0.070000
4933	0.090000
4934	0.130000
4935	0.030000
4936	0.020000
4937	0.150000
4938	0.070000
4939	0.130000
4940	0.110000
4941	0.000000
4942	0.080000
4943	0.030000
4944	0.070000
4945	0.260000
4946	0.120000
4947	0.050000
4948	0.490000
4949	0.050000
4950	0.320000
4951	0.110000
4952	0.130000
4953	0.180000
4954	0.170000
4955	0.080000
4956	0.190000
4957	0.160000
4958	0.210000
4959	0.060000
4960	0.030000
4961	0.110000
4962	0.120000
4963	0.090000
4964	0.110000
4965	0.070000
4966	0.110000
4967	0.040000
4968	0.030000
4969	0.000000
4970	0.010000
4971	0.030000
4972	0.130000
4973	0.060000
4974	0.060000
4975	0.050000
4976	0.000000
4977	0.140000
4978	0.120000
4979	0.220000
4980	0.090000
4981	0.040000
4982	0.090000
4983	0.030000
4984	0.060000
4985	0.090000
4986	0.080000
4987	0.160000
4988	0.030000
4989	0.110000
4990	0.080000
4991	0.020000
4992	0.010000
4993	0.030000
4994	0.100000
4995	0.260000
4996	0.000000
4997	0.070000
4998	0.030000
4999	0.070000
5000	0.190000
5001	0.130000
5002	0.280000
5003	0.040000
5004	0.070000
5005	0.040000
5006	0.080000
5007	0.040000
5008	0.160000
5009	0.080000
5010	0.070000
5011	0.300000
5012	0.040000
5013	0.110000
5014	0.120000
5015	0.310000
5016	0.080000
5017	0.060000
5018	0.010000
5019	0.150000
5020	0.030000
5021	0.070000
5022	0.040000
5023	0.120000
5024	0.080000
5025	0.080000
5026	0.530000
5027	0.050000
5028	0.020000
5029	0.060000
5030	0.040000
5031	0.050000
5032	0.120000
5033	0.080000
5034	0.100000
5035	0.070000
5036	0.070000
5037	0.110000
5038	0.090000
5039	0.150000
5040	0.020000
5041	0.190000
5042	0.100000
5043	0.040000
5044	0.030000
5045	0.050000
5046	0.280000
5047	0.040000
5048	0.000000
5049	0.230000
5050	0.060000
5051	0.050000
5052	0.020000
5053	0.190000
5054	0.290000
5055	0.020000
5056	0.070000
5057	0.010000
5058	0.060000
5059	0.110000
5060	0.110000
5061	0.030000
5062	0.010000
5063	0.110000
5064	0.070000
5065	0.120000
5066	0.000000
5067	0.050000
5068	0.090000
5069	0.080000
5070	0.170000
5071	0.120000
5072	0.040000
5073	0.050000
5074	0.240000
5075	0.120000
5076	0.010000
5077	0.250000
5078	0.000000
5079	0.130000
5080	0.050000
5081	0.020000
5082	0.090000
5083	0.110000
5084	0.290000
5085	0.110000
5086	0.100000
5087	0.070000
5088	0.080000
5089	0.050000
5090	0.090000
5091	0.040000
5092	0.020000
5093	0.040000
5094	0.050000
5095	0.080000
5096	0.030000
5097	0.010000
5098	0.040000
5099	0.060000
5100	0.350000
5101	0.020000
5102	0.100000
5103	0.310000
5104	0.120000
5105	0.050000
5106	0.090000
5107	0.030000
5108	0.010000
5109	0.080000
5110	0.010000
5111	0.330000
5112	0.160000
5113	0.130000
5114	0.060000
5115	0.090000
5116	0.020000
5117	0.040000
5118	0.120000
5119	0.040000
5120	0.100000
5121	0.010000
5122	0.020000
5123	0.050000
5124	0.050000
5125	0.090000
5126	0.130000
5127	0.080000
5128	0.090000
5129	0.120000
5130	0.050000
5131	0.000000
5132	0.100000
5133	0.130000
5134	0.030000
5135	0.080000
5136	0.000000
5137	0.150000
5138	0.040000
5139	0.030000
5140	0.130000
5141	0.050000
5142	0.140000
5143	0.030000
5144	0.040000
5145	0.030000
5146	0.040000
5147	0.040000
5148	0.030000
5149	0.020000
5150	0.000000
5151	0.090000
5152	0.010000
5153	0.200000
5154	0.030000
5155	0.070000
5156	0.280000
5157	0.110000
5158	0.010000
5159	0.060000
5160	0.000000
5161	0.130000
5162	0.020000
5163	0.050000
5164	0.060000
5165	0.050000
5166	0.170000
5167	0.160000
5168	0.040000
5169	0.060000
5170	0.030000
5171	0.050000
5172	0.170000
5173	0.110000
5174	0.040000
5175	0.060000
5176	0.020000
5177	0.060000
5178	0.110000
5179	0.030000
5180	0.080000
5181	0.090000
5182	0.160000
5183	0.070000
5184	0.190000
5185	0.080000
5186	0.140000
5187	0.150000
5188	0.130000
5189	0.080000
5190	0.080000
5191	0.030000
5192	0.040000
5193	0.100000
5194	0.040000
5195	0.080000
5196	0.020000
5197	0.130000
5198	0.150000
5199	0.030000
5200	0.090000
5201	0.080000
5202	0.030000
5203	0.010000
5204	0.030000
5205	0.130000
5206	0.000000
5207	0.040000
5208	0.100000
5209	0.050000
5210	0.050000
5211	0.090000
5212	0.030000
5213	0.020000
5214	0.060000
5215	0.030000
5216	0.050000
5217	0.110000
5218	0.120000
5219	0.080000
5220	0.350000
5221	0.040000
5222	0.300000
5223	0.140000
5224	0.010000
5225	0.040000
5226	0.150000
5227	0.080000
5228	0.060000
5229	0.040000
5230	0.100000
5231	0.040000
5232	0.040000
5233	0.100000
5234	0.110000
5235	0.040000
5236	0.100000
5237	0.100000
5238	0.070000
5239	0.000000
5240	0.070000
5241	0.070000
5242	0.080000
5243	0.050000
5244	0.000000
5245	0.000000
5246	0.050000
5247	0.040000
5248	0.030000
5249	0.020000
5250	0.090000
5251	0.050000
5252	0.130000
5253	0.200000
5254	0.060000
5255	0.240000
5256	0.190000
5257	0.050000
5258	0.020000
5259	0.040000
5260	0.060000
5261	0.030000
5262	0.070000
5263	0.260000
5264	0.180000
5265	0.110000
5266	0.050000
5267	0.080000
5268	0.090000
5269	0.100000
5270	0.090000
5271	0.280000
5272	0.100000
5273	0.120000
5274	0.020000
5275	0.070000
5276	0.080000
5277	0.250000
5278	0.050000
5279	0.050000
5280	0.050000
5281	0.110000
5282	0.110000
5283	0.220000
5284	0.010000
5285	0.040000
5286	0.140000
5287	0.080000
5288	0.020000
5289	0.360000
5290	0.000000
5291	0.060000
5292	0.020000
5293	0.000000
5294	0.040000
5295	0.010000
5296	0.000000
5297	0.040000
5298	0.160000
5299	0.020000
5300	0.120000
5301	0.090000
5302	0.130000
5303	0.040000
5304	0.070000
5305	0.060000
5306	0.130000
5307	0.050000
5308	0.000000
5309	0.060000
5310	0.150000
5311	0.010000
5312	0.230000
5313	0.020000
5314	0.000000
5315	0.010000
5316	0.040000
5317	0.120000
5318	0.130000
5319	0.100000
5320	0.070000
5321	0.130000
5322	0.040000
5323	0.020000
5324	0.030000
5325	0.020000
5326	0.050000
5327	0.020000
5328	0.050000
5329	0.160000
5330	0.080000
5331	0.090000
5332	0.180000
5333	0.450000
5334	0.000000
5335	0.160000
5336	0.110000
5337	0.040000
5338	0.200000
5339	0.100000
5340	0.070000
5341	0.050000
5342	0.070000
5343	0.010000
5344	0.060000
5345	0.040000
5346	0.000000
5347	0.090000
5348	0.090000
5349	0.060000
5350	0.140000
5351	0.030000
5352	0.090000
5353	0.080000
5354	0.080000
5355	0.150000
5356	0.080000
5357	0.090000
5358	0.070000
5359	0.310000
5360	0.060000
5361	0.100000
5362	0.100000
5363	0.060000
5364	0.090000
5365	0.050000
5366	0.120000
5367	0.480000
5368	0.020000
5369	0.100000
5370	0.060000
5371	0.250000
5372	0.080000
5373	0.090000
5374	0.120000
5375	0.070000
5376	0.170000
5377	0.060000
5378	0.010000
5379	0.000000
5380	0.010000
5381	0.030000
5382	0.040000
5383	0.000000
5384	0.060000
5385	0.030000
5386	0.150000
5387	0.430000
5388	0.050000
5389	0.100000
5390	0.040000
5391	0.010000
5392	0.030000
5393	0.020000
5394	0.170000
5395	0.040000
5396	0.130000
5397	0.160000
5398	0.050000
5399	0.130000
5400	0.060000
5401	0.030000
5402	0.050000
5403	0.120000
5404	0.210000
5405	0.000000
5406	0.040000
5407	0.030000
5408	0.060000
5409	0.030000
5410	0.000000
5411	0.000000
5412	0.180000
5413	0.130000
5414	0.040000
5415	0.020000
5416	0.030000
5417	0.010000
5418	0.150000
5419	0.050000
5420	0.190000
5421	0.050000
5422	0.040000
5423	0.140000
5424	0.120000
5425	0.010000
5426	0.050000
5427	0.130000
5428	0.200000
5429	0.070000
5430	0.020000
5431	0.070000
5432	0.090000
5433	0.210000
5434	0.060000
5435	0.080000
5436	0.090000
5437	0.120000
5438	0.000000
5439	0.010000
5440	0.050000
5441	0.080000
5442	0.110000
5443	0.110000
5444	0.070000
5445	0.150000
5446	0.150000
5447	0.070000
5448	0.220000
5449	0.180000
5450	0.210000
5451	0.050000
5452	0.080000
5453	0.140000
5454	0.010000
5455	0.010000
5456	0.090000
5457	0.120000
5458	0.120000
5459	0.090000
5460	0.070000
5461	0.030000
5462	0.080000
5463	0.130000
5464	0.050000
5465	0.050000
5466	0.050000
5467	0.040000
5468	0.050000
5469	0.050000
5470	0.060000
5471	0.040000
5472	0.110000
5473	0.120000
5474	0.030000
5475	0.190000
5476	0.010000
5477	0.050000
5478	0.030000
5479	0.050000
5480	0.090000
5481	0.040000
5482	0.410000
5483	0.010000
5484	0.170000
5485	0.080000
5486	0.060000
5487	0.080000
5488	0.140000
5489	0.040000
5490	0.110000
5491	0.180000
5492	0.180000
5493	0.180000
5494	0.050000
5495	0.080000
5496	0.030000
5497	0.110000
5498	0.020000
5499	0.070000
5500	0.070000
5501	0.050000
5502	0.070000
5503	0.030000
5504	0.040000
5505	0.030000
5506	0.060000
5507	0.110000
5508	0.030000
5509	0.060000
5510	0.070000
5511	0.110000
5512	0.070000
5513	0.030000
5514	0.040000
5515	0.110000
5516	0.030000
5517	0.240000
5518	0.070000
5519	0.160000
5520	0.130000
5521	0.030000
5522	0.180000
5523	0.080000
5524	0.010000
5525	0.030000
5526	0.210000
5527	0.010000
5528	0.140000
5529	0.020000
5530	0.080000
5531	0.250000
5532	0.010000
5533	0.050000
5534	0.050000
5535	0.160000
5536	0.220000
5537	0.120000
5538	0.000000
5539	0.370000
5540	0.070000
5541	0.070000
5542	0.160000
5543	0.260000
5544	0.070000
5545	0.030000
5546	0.050000
5547	0.080000
5548	0.050000
5549	0.020000
5550	0.250000
5551	0.050000
5552	0.050000
5553	0.060000
5554	0.040000
5555	0.150000
5556	0.010000
5557	0.180000
5558	0.240000
5559	0.110000
5560	0.010000
5561	0.140000
5562	0.040000
5563	0.060000
5564	0.010000
5565	0.040000
5566	0.110000
5567	0.050000
5568	0.150000
5569	0.100000
5570	0.090000
5571	0.030000
5572	0.060000
5573	0.100000
5574	0.040000
5575	0.080000
5576	0.120000
5577	0.020000
5578	0.060000
5579	0.000000
5580	0.160000
5581	0.060000
5582	0.160000
5583	0.080000
5584	0.140000
5585	0.140000
5586	0.050000
5587	0.010000
5588	0.030000
5589	0.030000
5590	0.020000
5591	0.010000
5592	0.060000
5593	0.100000
5594	0.130000
5595	0.260000
5596	0.170000
5597	0.130000
5598	0.100000
5599	0.010000
5600	0.060000
5601	0.060000
5602	0.080000
5603	0.030000
5604	0.100000
5605	0.260000
5606	0.010000
5607	0.130000
5608	0.040000
5609	0.030000
5610	0.090000
5611	0.080000
5612	0.030000
5613	0.040000
5614	0.150000
5615	0.000000
5616	0.100000
5617	0.100000
5618	0.030000
5619	0.040000
5620	0.190000
5621	0.270000
5622	0.090000
5623	0.020000
5624	0.040000
5625	0.110000
5626	0.070000
5627	0.090000
5628	0.070000
5629	0.110000
5630	0.050000
5631	0.080000
5632	0.050000
5633	0.000000
5634	0.040000
5635	0.030000
5636	0.350000
5637	0.020000
5638	0.030000
5639	0.030000
5640	0.050000
5641	0.050000
5642	0.120000
5643	0.300000
5644	0.020000
5645	0.260000
5646	0.060000
5647	0.100000
5648	0.090000
5649	0.000000
5650	0.220000
5651	0.000000
5652	0.010000
5653	0.060000
5654	0.250000
5655	0.040000
5656	0.010000
5657	0.210000
5658	0.030000
5659	0.160000
5660	0.090000
5661	0.100000
5662	0.000000
5663	0.090000
5664	0.070000
5665	0.040000
5666	0.080000
5667	0.240000
5668	0.050000
5669	0.070000
5670	0.010000
5671	0.080000
5672	0.040000
5673	0.050000
5674	0.060000
5675	0.340000
5676	0.110000
5677	0.150000
5678	0.080000
5679	0.330000
5680	0.120000
5681	0.030000
5682	0.420000
5683	0.180000
5684	0.030000
5685	0.060000
5686	0.190000
5687	0.130000
5688	0.060000
5689	0.480000
5690	0.020000
5691	0.100000
5692	0.030000
5693	0.010000
5694	0.050000
5695	0.060000
5696	0.050000
5697	0.010000
5698	0.100000
5699	0.130000
5700	0.040000
5701	0.100000
5702	0.060000
5703	0.010000
5704	0.050000
5705	0.090000
5706	0.130000
5707	0.060000
5708	0.250000
5709	0.180000
5710	0.030000
5711	0.050000
5712	0.150000
5713	0.070000
5714	0.050000
5715	0.100000
5716	0.160000
5717	0.240000
5718	0.210000
5719	0.020000
5720	0.040000
5721	0.050000
5722	0.240000
5723	0.200000
5724	0.080000
5725	0.000000
5726	0.100000
5727	0.080000
5728	0.070000
5729	0.140000
5730	0.000000
5731	0.120000
5732	0.010000
5733	0.190000
5734	0.140000
5735	0.010000
5736	0.080000
5737	0.080000
5738	0.160000
5739	0.010000
5740	0.070000
5741	0.090000
5742	0.050000
5743	0.020000
5744	0.180000
5745	0.080000
5746	0.060000
5747	0.060000
5748	0.080000
5749	0.050000
5750	0.140000
5751	0.040000
5752	0.010000
5753	0.040000
5754	0.140000
5755	0.020000
5756	0.050000
5757	0.100000
5758	0.090000
5759	0.050000
5760	0.060000
5761	0.020000
5762	0.220000
5763	0.030000
5764	0.050000
5765	0.030000
5766	0.050000
5767	0.050000
5768	0.120000
5769	0.060000
5770	0.070000
5771	0.140000
5772	0.050000
5773	0.060000
5774	0.040000
5775	0.040000
5776	0.110000
5777	0.100000
5778	0.190000
5779	0.090000
5780	0.290000
5781	0.010000
5782	0.050000
5783	0.090000
5784	0.070000
5785	0.130000
5786	0.090000
5787	0.050000
5788	0.150000
5789	0.010000
5790	0.080000
5791	0.060000
5792	0.050000
5793	0.020000
5794	0.090000
5795	0.140000
5796	0.000000
5797	0.070000
5798	0.080000
5799	0.050000
5800	0.010000
5801	0.030000
5802	0.060000
5803	0.090000
5804	0.050000
5805	0.070000
5806	0.090000
5807	0.040000
5808	0.090000
5809	0.140000
5810	0.040000
5811	0.100000
5812	0.350000
5813	0.040000
5814	0.060000
5815	0.040000
5816	0.000000
5817	0.060000
5818	0.020000
5819	0.090000
5820	0.090000
5821	0.080000
5822	0.060000
5823	0.090000
5824	0.080000
5825	0.120000
5826	0.120000
5827	0.080000
5828	0.040000
5829	0.020000
5830	0.000000
5831	0.620000
5832	0.010000
5833	0.040000
5834	0.000000
5835	0.040000
5836	0.030000
5837	0.140000
5838	0.150000
5839	0.030000
5840	0.150000
5841	0.110000
5842	0.130000
5843	0.040000
5844	0.060000
5845	0.190000
5846	0.100000
5847	0.140000
5848	0.220000
5849	0.060000
5850	0.020000
5851	0.050000
5852	0.090000
5853	0.030000
5854	0.260000
5855	0.040000
5856	0.060000
5857	0.100000
5858	0.020000
5859	0.030000
5860	0.110000
5861	0.040000
5862	0.030000
5863	0.020000
5864	0.040000
5865	0.090000
5866	0.020000
5867	0.090000
5868	0.030000
5869	0.070000
5870	0.020000
5871	0.040000
5872	0.100000
5873	0.100000
5874	0.140000
5875	0.110000
5876	0.070000
5877	0.040000
5878	0.090000
5879	0.110000
5880	0.290000
5881	0.160000
5882	0.120000
5883	0.040000
5884	0.110000
5885	0.070000
5886	0.190000
5887	0.120000
5888	0.340000
5889	0.140000
5890	0.060000
5891	0.200000
5892	0.030000
5893	0.150000
5894	0.040000
5895	0.100000
5896	0.150000
5897	0.000000
5898	0.070000
5899	0.010000
5900	0.000000
5901	0.010000
5902	0.070000
5903	0.090000
5904	0.000000
5905	0.020000
5906	0.070000
5907	0.050000
5908	0.190000
5909	0.070000
5910	0.000000
5911	0.040000
5912	0.060000
5913	0.060000
5914	0.010000
5915	0.110000
5916	0.120000
5917	0.050000
5918	0.030000
5919	0.070000
5920	0.180000
5921	0.110000
5922	0.180000
5923	0.050000
5924	0.110000
5925	0.100000
5926	0.110000
5927	0.120000
5928	0.020000
5929	0.160000
5930	0.000000
5931	0.120000
5932	0.060000
5933	0.050000
5934	0.060000
5935	0.040000
5936	0.070000
5937	0.030000
5938	0.110000
5939	0.060000
5940	0.110000
5941	0.030000
5942	0.140000
5943	0.040000
5944	0.000000
5945	0.090000
5946	0.160000
5947	0.020000
5948	0.200000
5949	0.160000
5950	0.410000
5951	0.070000
5952	0.060000
5953	0.150000
5954	0.120000
5955	0.060000
5956	0.200000
5957	0.030000
5958	0.150000
5959	0.100000
5960	0.030000
5961	0.100000
5962	0.050000
5963	0.160000
5964	0.150000
5965	0.110000
5966	0.070000
5967	0.040000
5968	0.100000
5969	0.110000
5970	0.030000
5971	0.100000
5972	0.130000
5973	0.100000
5974	0.060000
5975	0.080000
5976	0.000000
5977	0.090000
5978	0.180000
5979	0.000000
5980	0.080000
5981	0.020000
5982	0.050000
5983	0.080000
5984	0.080000
5985	0.050000
5986	0.070000
5987	0.010000
5988	0.020000
5989	0.020000
5990	0.020000
5991	0.050000
5992	0.020000
5993	0.020000
5994	0.180000
5995	0.140000
5996	0.200000
5997	0.160000
5998	0.240000
5999	0.070000
6000	0.050000
6001	0.120000
6002	0.190000
6003	0.020000
6004	0.140000
6005	0.180000
6006	0.120000
6007	0.120000
6008	0.070000
6009	0.010000
6010	0.120000
6011	0.080000
6012	0.010000
6013	0.040000
6014	0.030000
6015	0.090000
6016	0.210000
6017	0.010000
6018	0.090000
6019	0.090000
6020	0.050000
6021	0.100000
6022	0.090000
6023	0.050000
6024	0.120000
6025	0.060000
6026	0.060000
6027	0.000000
6028	0.080000
6029	0.000000
6030	0.150000
6031	0.060000
6032	0.050000
6033	0.080000
6034	0.050000
6035	0.000000
6036	0.110000
6037	0.050000
6038	0.010000
6039	0.140000
6040	0.390000
