0	1.000000
1	0.486020
2	0.459772
3	0.451546
4	0.432210
5	0.424492
6	0.422175
7	0.405750
8	0.402745
9	0.395155
10	0.387333
11	0.386635
12	0.386119
13	0.385416
14	0.383469
15	0.381029
16	0.380241
17	0.377068
18	0.375092
19	0.374666
20	0.367793
21	0.361152
22	0.360162
23	0.353964
24	0.351728
25	0.349041
26	0.346208
27	0.345702
28	0.345566
29	0.343461
30	0.341789
31	0.339101
32	0.338302
33	0.337923
34	0.332782
35	0.330894
36	0.330815
37	0.329766
38	0.328310
39	0.327631
40	0.327172
41	0.326908
42	0.326845
43	0.321179
44	0.321055
45	0.320559
46	0.319331
47	0.319329
48	0.318894
49	0.317495
50	0.314554
51	0.314391
52	0.314145
53	0.313876
54	0.312939
55	0.312521
56	0.311515
57	0.309477
58	0.308284
59	0.307629
60	0.305907
61	0.305861
62	0.305806
63	0.305300
64	0.305216
65	0.303781
66	0.303186
67	0.302731
68	0.301488
69	0.300359
70	0.300025
71	0.299844
72	0.299449
73	0.299254
74	0.298201
75	0.297954
76	0.297919
77	0.295514
78	0.294693
79	0.293769
80	0.292021
81	0.291941
82	0.291261
83	0.291106
84	0.290783
85	0.290649
86	0.290176
87	0.289844
88	0.288416
89	0.288310
90	0.287425
91	0.287307
92	0.285646
93	0.285583
94	0.285109
95	0.284968
96	0.283843
97	0.283595
98	0.282620
99	0.282493
100	0.281710
101	0.280854
102	0.280723
103	0.280464
104	0.279995
105	0.277881
106	0.277753
107	0.277638
108	0.276548
109	0.276013
110	0.275433
111	0.275334
112	0.274767
113	0.273552
114	0.273097
115	0.273055
116	0.272926
117	0.272437
118	0.272213
119	0.271804
120	0.270939
121	0.270553
122	0.270551
123	0.269616
124	0.268920
125	0.268015
126	0.267640
127	0.267531
128	0.266572
129	0.266401
130	0.266006
131	0.265881
132	0.265564
133	0.265416
134	0.265285
135	0.264921
136	0.264106
137	0.263925
138	0.263450
139	0.263271
140	0.263107
141	0.263080
142	0.262948
143	0.262343
144	0.261956
145	0.261325
146	0.261097
147	0.260868
148	0.260725
149	0.260358
150	0.260023
151	0.259421
152	0.259410
153	0.259098
154	0.259076
155	0.258779
156	0.258647
157	0.258397
158	0.258133
159	0.258032
160	0.258020
161	0.257922
162	0.257839
163	0.256924
164	0.256652
165	0.256325
166	0.255822
167	0.255544
168	0.255445
169	0.255398
170	0.254757
171	0.254263
172	0.253894
173	0.253833
174	0.253495
175	0.251758
176	0.251480
177	0.251266
178	0.251201
179	0.251156
180	0.251124
181	0.250403
182	0.249433
183	0.249207
184	0.249175
185	0.249173
186	0.248722
187	0.247738
188	0.247660
189	0.246998
190	0.246994
191	0.246823
192	0.246641
193	0.246376
194	0.245940
195	0.245939
196	0.245819
197	0.245741
198	0.245521
199	0.245485
200	0.245460
201	0.245329
202	0.245254
203	0.245097
204	0.244900
205	0.244873
206	0.244753
207	0.244693
208	0.244354
209	0.244293
210	0.244233
211	0.244113
212	0.243207
213	0.243178
214	0.243154
215	0.243147
216	0.243100
217	0.243013
218	0.242757
219	0.242619
220	0.242322
221	0.242034
222	0.241893
223	0.241858
224	0.241555
225	0.241379
226	0.241211
227	0.241210
228	0.240995
229	0.240489
230	0.240433
231	0.240399
232	0.239918
233	0.239906
234	0.239870
235	0.239852
236	0.239851
237	0.239444
238	0.239146
239	0.239025
240	0.238911
241	0.238905
242	0.238851
243	0.238545
244	0.238429
245	0.238417
246	0.238320
247	0.238191
248	0.237815
249	0.237757
250	0.237251
251	0.236986
252	0.236986
253	0.236947
254	0.236930
255	0.236911
256	0.236563
257	0.236436
258	0.236426
259	0.236321
260	0.236241
261	0.235964
262	0.235876
263	0.235823
264	0.235513
265	0.235018
266	0.234907
267	0.234766
268	0.234740
269	0.234677
270	0.234398
271	0.234270
272	0.234232
273	0.234161
274	0.233994
275	0.233982
276	0.233974
277	0.233914
278	0.233823
279	0.233577
280	0.233491
281	0.233314
282	0.233267
283	0.232842
284	0.232813
285	0.232751
286	0.232601
287	0.232453
288	0.232284
289	0.232240
290	0.232160
291	0.231881
292	0.231804
293	0.231788
294	0.231490
295	0.231114
296	0.231074
297	0.231030
298	0.230683
299	0.230566
300	0.230508
301	0.230447
302	0.230295
303	0.230127
304	0.229955
305	0.229911
306	0.229819
307	0.229644
308	0.229583
309	0.229465
310	0.229420
311	0.229396
312	0.229163
313	0.229145
314	0.229066
315	0.228872
316	0.228761
317	0.228633
318	0.228569
319	0.228504
320	0.228426
321	0.228403
322	0.228403
323	0.228131
324	0.228120
325	0.227932
326	0.227678
327	0.227674
328	0.227584
329	0.227556
330	0.227410
331	0.227230
332	0.227197
333	0.227131
334	0.227022
335	0.226990
336	0.226774
337	0.226660
338	0.226623
339	0.226532
340	0.226455
341	0.226444
342	0.226015
343	0.225611
344	0.225140
345	0.225115
346	0.225033
347	0.224971
348	0.224870
349	0.224741
350	0.224599
351	0.224560
352	0.224443
353	0.224399
354	0.224343
355	0.224186
356	0.224151
357	0.224131
358	0.223935
359	0.223734
360	0.223633
361	0.223539
362	0.223427
363	0.223414
364	0.223213
365	0.223193
366	0.223053
367	0.223042
368	0.222965
369	0.222941
370	0.222636
371	0.222575
372	0.222463
373	0.222459
374	0.222252
375	0.222205
376	0.222155
377	0.222128
378	0.221987
379	0.221705
380	0.221659
381	0.221651
382	0.221319
383	0.221264
384	0.221091
385	0.221052
386	0.221035
387	0.221017
388	0.220969
389	0.220842
390	0.220639
391	0.220618
392	0.220607
393	0.220376
394	0.220330
395	0.220090
396	0.220072
397	0.220066
398	0.220052
399	0.219978
400	0.219953
401	0.219789
402	0.219742
403	0.219694
404	0.219594
405	0.219567
406	0.219466
407	0.219435
408	0.219255
409	0.219190
410	0.219160
411	0.218947
412	0.218936
413	0.218936
414	0.218931
415	0.218870
416	0.218512
417	0.218426
418	0.218372
419	0.218316
420	0.218205
421	0.218122
422	0.218093
423	0.218079
424	0.218063
425	0.217975
426	0.217657
427	0.217572
428	0.217545
429	0.217473
430	0.217439
431	0.217363
432	0.217231
433	0.217220
434	0.217105
435	0.216921
436	0.216897
437	0.216863
438	0.216806
439	0.216747
440	0.216582
441	0.216581
442	0.216438
443	0.216405
444	0.216400
445	0.216396
446	0.216240
447	0.216173
448	0.216172
449	0.216141
450	0.216019
451	0.216001
452	0.215783
453	0.215770
454	0.215762
455	0.215428
456	0.215421
457	0.215409
458	0.215409
459	0.215348
460	0.215312
461	0.215309
462	0.215282
463	0.215275
464	0.215213
465	0.214783
466	0.214777
467	0.214706
468	0.214704
469	0.214568
470	0.214566
471	0.214447
472	0.214323
473	0.214155
474	0.213946
475	0.213940
476	0.213939
477	0.213899
478	0.213887
479	0.213875
480	0.213804
481	0.213762
482	0.213757
483	0.213709
484	0.213660
485	0.213619
486	0.213555
487	0.213518
488	0.213510
489	0.213471
490	0.213442
491	0.213434
492	0.213376
493	0.213347
494	0.213286
495	0.213206
496	0.213176
497	0.213124
498	0.213054
499	0.213025
500	0.212934
501	0.212934
502	0.212866
503	0.212767
504	0.212754
505	0.212679
506	0.212670
507	0.212591
508	0.212493
509	0.212463
510	0.212390
511	0.212327
512	0.212233
513	0.212219
514	0.212192
515	0.212115
516	0.212068
517	0.211920
518	0.211901
519	0.211835
520	0.211772
521	0.211688
522	0.211621
523	0.211545
524	0.211524
525	0.211489
526	0.211486
527	0.211429
528	0.211354
529	0.211316
530	0.211313
531	0.211286
532	0.211223
533	0.211212
534	0.211178
535	0.210969
536	0.210942
537	0.210889
538	0.210743
539	0.210730
540	0.210651
541	0.210604
542	0.210592
543	0.210582
544	0.210566
545	0.210480
546	0.210321
547	0.210272
548	0.210250
549	0.210232
550	0.210091
551	0.210062
552	0.210022
553	0.210001
554	0.209896
555	0.209893
556	0.209882
557	0.209880
558	0.209821
559	0.209751
560	0.209637
561	0.209560
562	0.209539
563	0.209473
564	0.209443
565	0.209442
566	0.209433
567	0.209433
568	0.209314
569	0.209282
570	0.209274
571	0.209268
572	0.209240
573	0.209199
574	0.209182
575	0.209164
576	0.209162
577	0.209152
578	0.208997
579	0.208965
580	0.208935
581	0.208858
582	0.208834
583	0.208627
584	0.208618
585	0.208526
586	0.208512
587	0.208462
588	0.208450
589	0.208405
590	0.208395
591	0.208388
592	0.208252
593	0.208210
594	0.208191
595	0.208186
596	0.208170
597	0.208117
598	0.208097
599	0.208012
600	0.207923
601	0.207835
602	0.207834
603	0.207743
604	0.207603
605	0.207601
606	0.207590
607	0.207466
608	0.207447
609	0.207442
610	0.207431
611	0.207364
612	0.207353
613	0.207318
614	0.207228
615	0.207208
616	0.207187
617	0.207166
618	0.207140
619	0.207093
620	0.207057
621	0.207044
622	0.206994
623	0.206968
624	0.206878
625	0.206748
626	0.206669
627	0.206640
628	0.206576
629	0.206528
630	0.206498
631	0.206438
632	0.206338
633	0.206324
634	0.206317
635	0.206255
636	0.206227
637	0.206201
638	0.206169
639	0.206125
640	0.206117
641	0.206074
642	0.206072
643	0.205995
644	0.205973
645	0.205937
646	0.205906
647	0.205868
648	0.205807
649	0.205776
650	0.205753
651	0.205730
652	0.205640
653	0.205620
654	0.205616
655	0.205592
656	0.205529
657	0.205502
658	0.205499
659	0.205495
660	0.205482
661	0.205405
662	0.205404
663	0.205354
664	0.205348
665	0.205328
666	0.205168
667	0.205168
668	0.205116
669	0.205024
670	0.205005
671	0.204979
672	0.204971
673	0.204934
674	0.204894
675	0.204879
676	0.204877
677	0.204866
678	0.204839
679	0.204834
680	0.204703
681	0.204647
682	0.204631
683	0.204628
684	0.204582
685	0.204377
686	0.204374
687	0.204361
688	0.204263
689	0.204250
690	0.204235
691	0.204209
692	0.204172
693	0.204126
694	0.204050
695	0.203988
696	0.203974
697	0.203971
698	0.203965
699	0.203949
700	0.203912
701	0.203884
702	0.203837
703	0.203825
704	0.203742
705	0.203740
706	0.203708
707	0.203617
708	0.203527
709	0.203498
710	0.203433
711	0.203285
712	0.203282
713	0.203277
714	0.203262
715	0.203120
716	0.203117
717	0.203061
718	0.203050
719	0.203026
720	0.203005
721	0.202981
722	0.202941
723	0.202935
724	0.202913
725	0.202881
726	0.202872
727	0.202851
728	0.202824
729	0.202819
730	0.202796
731	0.202747
732	0.202725
733	0.202686
734	0.202685
735	0.202644
736	0.202592
737	0.202572
738	0.202540
739	0.202498
740	0.202353
741	0.202352
742	0.202278
743	0.202269
744	0.202265
745	0.202265
746	0.202252
747	0.202236
748	0.202224
749	0.202183
750	0.202130
751	0.202101
752	0.202097
753	0.202059
754	0.202047
755	0.202035
756	0.201974
757	0.201901
758	0.201841
759	0.201817
760	0.201790
761	0.201750
762	0.201738
763	0.201698
764	0.201696
765	0.201638
766	0.201607
767	0.201570
768	0.201557
769	0.201477
770	0.201458
771	0.201453
772	0.201432
773	0.201428
774	0.201405
775	0.201404
776	0.201393
777	0.201366
778	0.201348
779	0.201332
780	0.201304
781	0.201302
782	0.201298
783	0.201281
784	0.201270
785	0.201213
786	0.201146
787	0.201128
788	0.201123
789	0.201120
790	0.201062
791	0.201049
792	0.201040
793	0.201002
794	0.200985
795	0.200976
796	0.200945
797	0.200921
798	0.200880
799	0.200788
800	0.200739
801	0.200732
802	0.200726
803	0.200610
804	0.200547
805	0.200524
806	0.200512
807	0.200433
808	0.200430
809	0.200421
810	0.200371
811	0.200311
812	0.200291
813	0.200286
814	0.200284
815	0.200282
816	0.200281
817	0.200235
818	0.200141
819	0.200127
820	0.200123
821	0.200088
822	0.200033
823	0.199971
824	0.199958
825	0.199936
826	0.199926
827	0.199896
828	0.199877
829	0.199872
830	0.199792
831	0.199778
832	0.199714
833	0.199677
834	0.199671
835	0.199608
836	0.199596
837	0.199583
838	0.199577
839	0.199560
840	0.199450
841	0.199430
842	0.199400
843	0.199382
844	0.199352
845	0.199347
846	0.199342
847	0.199331
848	0.199272
849	0.199264
850	0.199173
851	0.199153
852	0.199136
853	0.199106
854	0.199106
855	0.198987
856	0.198987
857	0.198971
858	0.198900
859	0.198874
860	0.198869
861	0.198867
862	0.198835
863	0.198754
864	0.198742
865	0.198730
866	0.198724
867	0.198662
868	0.198641
869	0.198640
870	0.198638
871	0.198637
872	0.198636
873	0.198617
874	0.198562
875	0.198550
876	0.198495
877	0.198481
878	0.198478
879	0.198449
880	0.198407
881	0.198390
882	0.198364
883	0.198360
884	0.198341
885	0.198302
886	0.198274
887	0.198268
888	0.198195
889	0.198193
890	0.198132
891	0.198126
892	0.198108
893	0.198093
894	0.198041
895	0.198016
896	0.198012
897	0.198002
898	0.197992
899	0.197947
900	0.197908
901	0.197849
902	0.197806
903	0.197804
904	0.197769
905	0.197739
906	0.197697
907	0.197674
908	0.197669
909	0.197638
910	0.197630
911	0.197628
912	0.197624
913	0.197621
914	0.197542
915	0.197503
916	0.197500
917	0.197455
918	0.197423
919	0.197382
920	0.197368
921	0.197358
922	0.197284
923	0.197280
924	0.197264
925	0.197232
926	0.197190
927	0.197111
928	0.197058
929	0.197042
930	0.197035
931	0.197033
932	0.197033
933	0.197021
934	0.196988
935	0.196967
936	0.196954
937	0.196952
938	0.196951
939	0.196938
940	0.196933
941	0.196928
942	0.196870
943	0.196835
944	0.196810
945	0.196741
946	0.196724
947	0.196695
948	0.196659
949	0.196610
950	0.196574
951	0.196553
952	0.196510
953	0.196501
954	0.196483
955	0.196426
956	0.196403
957	0.196388
958	0.196381
959	0.196347
960	0.196347
961	0.196336
962	0.196325
963	0.196287
964	0.196282
965	0.196256
966	0.196247
967	0.196229
968	0.196221
969	0.196171
970	0.196146
971	0.196140
972	0.196135
973	0.196085
974	0.196064
975	0.196056
976	0.196006
977	0.195962
978	0.195951
979	0.195944
980	0.195940
981	0.195848
982	0.195810
983	0.195805
984	0.195793
985	0.195748
986	0.195739
987	0.195737
988	0.195720
989	0.195698
990	0.195692
991	0.195669
992	0.195660
993	0.195633
994	0.195598
995	0.195566
996	0.195565
997	0.195561
998	0.195560
999	0.195558
1000	0.195484
1001	0.195442
1002	0.195402
1003	0.195267
1004	0.195165
1005	0.195164
1006	0.195158
1007	0.195154
1008	0.195153
1009	0.195097
1010	0.195078
1011	0.195071
1012	0.195064
1013	0.195028
1014	0.195005
1015	0.194997
1016	0.194958
1017	0.194957
1018	0.194883
1019	0.194867
1020	0.194828
1021	0.194755
1022	0.194744
1023	0.194729
1024	0.194663
1025	0.194647
1026	0.194626
1027	0.194542
1028	0.194540
1029	0.194472
1030	0.194454
1031	0.194417
1032	0.194347
1033	0.194332
1034	0.194300
1035	0.194291
1036	0.194263
1037	0.194214
1038	0.194214
1039	0.194202
1040	0.194184
1041	0.194159
1042	0.194147
1043	0.194134
1044	0.194052
1045	0.194036
1046	0.194027
1047	0.194017
1048	0.194002
1049	0.193975
1050	0.193941
1051	0.193933
1052	0.193910
1053	0.193887
1054	0.193842
1055	0.193817
1056	0.193786
1057	0.193755
1058	0.193738
1059	0.193643
1060	0.193635
1061	0.193623
1062	0.193603
1063	0.193600
1064	0.193595
1065	0.193472
1066	0.193466
1067	0.193459
1068	0.193425
1069	0.193375
1070	0.193357
1071	0.193338
1072	0.193310
1073	0.193232
1074	0.193229
1075	0.193225
1076	0.193216
1077	0.193215
1078	0.193213
1079	0.193197
1080	0.193175
1081	0.193086
1082	0.193012
1083	0.192995
1084	0.192968
1085	0.192939
1086	0.192931
1087	0.192907
1088	0.192895
1089	0.192889
1090	0.192802
1091	0.192799
1092	0.192791
1093	0.192789
1094	0.192770
1095	0.192767
1096	0.192764
1097	0.192756
1098	0.192740
1099	0.192734
1100	0.192728
1101	0.192648
1102	0.192646
1103	0.192610
1104	0.192604
1105	0.192591
1106	0.192572
1107	0.192524
1108	0.192516
1109	0.192481
1110	0.192461
1111	0.192439
1112	0.192418
1113	0.192406
1114	0.192405
1115	0.192401
1116	0.192400
1117	0.192380
1118	0.192377
1119	0.192368
1120	0.192273
1121	0.192250
1122	0.192236
1123	0.192221
1124	0.192182
1125	0.192141
1126	0.192069
1127	0.192053
1128	0.192047
1129	0.192042
1130	0.192020
1131	0.192014
1132	0.191998
1133	0.191992
1134	0.191992
1135	0.191991
1136	0.191940
1137	0.191921
1138	0.191915
1139	0.191903
1140	0.191876
1141	0.191871
1142	0.191811
1143	0.191765
1144	0.191643
1145	0.191619
1146	0.191579
1147	0.191538
1148	0.191523
1149	0.191455
1150	0.191426
1151	0.191423
1152	0.191399
1153	0.191381
1154	0.191373
1155	0.191361
1156	0.191301
1157	0.191269
1158	0.191259
1159	0.191254
1160	0.191223
1161	0.191186
1162	0.191145
1163	0.191140
1164	0.191128
1165	0.191116
1166	0.191064
1167	0.191061
1168	0.191056
1169	0.191056
1170	0.191050
1171	0.191018
1172	0.190999
1173	0.190985
1174	0.190978
1175	0.190964
1176	0.190953
1177	0.190939
1178	0.190903
1179	0.190896
1180	0.190874
1181	0.190861
1182	0.190852
1183	0.190733
1184	0.190714
1185	0.190680
1186	0.190668
1187	0.190640
1188	0.190632
1189	0.190577
1190	0.190572
1191	0.190546
1192	0.190527
1193	0.190525
1194	0.190524
1195	0.190505
1196	0.190498
1197	0.190484
1198	0.190448
1199	0.190446
1200	0.190440
1201	0.190437
1202	0.190435
1203	0.190423
1204	0.190402
1205	0.190392
1206	0.190379
1207	0.190330
1208	0.190313
1209	0.190294
1210	0.190212
1211	0.190206
1212	0.190195
1213	0.190186
1214	0.190184
1215	0.190180
1216	0.190169
1217	0.190160
1218	0.190063
1219	0.190039
1220	0.190037
1221	0.190014
1222	0.189991
1223	0.189940
1224	0.189936
1225	0.189933
1226	0.189921
1227	0.189907
1228	0.189901
1229	0.189891
1230	0.189886
1231	0.189885
1232	0.189876
1233	0.189875
1234	0.189873
1235	0.189827
1236	0.189805
1237	0.189805
1238	0.189799
1239	0.189771
1240	0.189748
1241	0.189741
1242	0.189738
1243	0.189724
1244	0.189715
1245	0.189713
1246	0.189690
1247	0.189680
1248	0.189660
1249	0.189639
1250	0.189602
1251	0.189598
1252	0.189590
1253	0.189569
1254	0.189566
1255	0.189536
1256	0.189536
1257	0.189493
1258	0.189479
1259	0.189471
1260	0.189471
1261	0.189461
1262	0.189397
1263	0.189366
1264	0.189360
1265	0.189341
1266	0.189340
1267	0.189337
1268	0.189332
1269	0.189321
1270	0.189315
1271	0.189314
1272	0.189299
1273	0.189290
1274	0.189256
1275	0.189189
1276	0.189179
1277	0.189168
1278	0.189160
1279	0.189141
1280	0.189139
1281	0.189138
1282	0.189101
1283	0.189090
1284	0.189079
1285	0.189067
1286	0.189058
1287	0.189023
1288	0.188932
1289	0.188918
1290	0.188902
1291	0.188842
1292	0.188838
1293	0.188820
1294	0.188810
1295	0.188789
1296	0.188788
1297	0.188782
1298	0.188771
1299	0.188740
1300	0.188728
1301	0.188680
1302	0.188669
1303	0.188667
1304	0.188641
1305	0.188637
1306	0.188637
1307	0.188603
1308	0.188574
1309	0.188574
1310	0.188573
1311	0.188562
1312	0.188557
1313	0.188532
1314	0.188526
1315	0.188508
1316	0.188507
1317	0.188500
1318	0.188483
1319	0.188479
1320	0.188474
1321	0.188470
1322	0.188469
1323	0.188463
1324	0.188459
1325	0.188437
1326	0.188436
1327	0.188404
1328	0.188398
1329	0.188393
1330	0.188369
1331	0.188342
1332	0.188333
1333	0.188333
1334	0.188330
1335	0.188276
1336	0.188266
1337	0.188264
1338	0.188250
1339	0.188250
1340	0.188235
1341	0.188223
1342	0.188197
1343	0.188186
1344	0.188177
1345	0.188177
1346	0.188153
1347	0.188145
1348	0.188105
1349	0.188024
1350	0.188001
1351	0.187960
1352	0.187956
1353	0.187931
1354	0.187930
1355	0.187915
1356	0.187912
1357	0.187885
1358	0.187864
1359	0.187859
1360	0.187857
1361	0.187823
1362	0.187808
1363	0.187793
1364	0.187786
1365	0.187780
1366	0.187775
1367	0.187769
1368	0.187730
1369	0.187689
1370	0.187673
1371	0.187672
1372	0.187660
1373	0.187632
1374	0.187623
1375	0.187620
1376	0.187608
1377	0.187592
1378	0.187527
1379	0.187488
1380	0.187466
1381	0.187423
1382	0.187410
1383	0.187354
1384	0.187333
1385	0.187304
1386	0.187300
1387	0.187297
1388	0.187288
1389	0.187270
1390	0.187246
1391	0.187199
1392	0.187199
1393	0.187199
1394	0.187172
1395	0.187160
1396	0.187139
1397	0.187121
1398	0.187121
1399	0.187098
1400	0.187093
1401	0.187064
1402	0.187025
1403	0.186955
1404	0.186931
1405	0.186920
1406	0.186883
1407	0.186834
1408	0.186787
1409	0.186771
1410	0.186765
1411	0.186761
1412	0.186753
1413	0.186681
1414	0.186672
1415	0.186669
1416	0.186650
1417	0.186614
1418	0.186600
1419	0.186591
1420	0.186580
1421	0.186577
1422	0.186575
1423	0.186575
1424	0.186559
1425	0.186558
1426	0.186519
1427	0.186490
1428	0.186477
1429	0.186462
1430	0.186452
1431	0.186374
1432	0.186357
1433	0.186345
1434	0.186317
1435	0.186313
1436	0.186312
1437	0.186294
1438	0.186265
1439	0.186246
1440	0.186237
1441	0.186211
1442	0.186193
1443	0.186149
1444	0.186108
1445	0.186102
1446	0.186083
1447	0.186075
1448	0.186071
1449	0.186057
1450	0.186025
1451	0.186015
1452	0.186010
1453	0.185974
1454	0.185962
1455	0.185959
1456	0.185955
1457	0.185946
1458	0.185946
1459	0.185928
1460	0.185928
1461	0.185887
1462	0.185881
1463	0.185865
1464	0.185857
1465	0.185840
1466	0.185840
1467	0.185835
1468	0.185818
1469	0.185814
1470	0.185801
1471	0.185743
1472	0.185690
1473	0.185682
1474	0.185680
1475	0.185664
1476	0.185648
1477	0.185640
1478	0.185638
1479	0.185634
1480	0.185628
1481	0.185625
1482	0.185617
1483	0.185615
1484	0.185606
1485	0.185603
1486	0.185578
1487	0.185550
1488	0.185535
1489	0.185519
1490	0.185494
1491	0.185459
1492	0.185443
1493	0.185441
1494	0.185406
1495	0.185404
1496	0.185391
1497	0.185368
1498	0.185334
1499	0.185303
1500	0.185302
1501	0.185294
1502	0.185289
1503	0.185281
1504	0.185279
1505	0.185272
1506	0.185252
1507	0.185233
1508	0.185228
1509	0.185216
1510	0.185198
1511	0.185195
1512	0.185177
1513	0.185173
1514	0.185153
1515	0.185138
1516	0.185100
1517	0.185100
1518	0.185098
1519	0.185083
1520	0.185064
1521	0.185045
1522	0.185042
1523	0.185041
1524	0.185010
1525	0.184979
1526	0.184963
1527	0.184956
1528	0.184946
1529	0.184926
1530	0.184918
1531	0.184907
1532	0.184885
1533	0.184866
1534	0.184857
1535	0.184851
1536	0.184842
1537	0.184829
1538	0.184826
1539	0.184807
1540	0.184789
1541	0.184789
1542	0.184788
1543	0.184743
1544	0.184714
1545	0.184709
1546	0.184665
1547	0.184662
1548	0.184659
1549	0.184642
1550	0.184626
1551	0.184610
1552	0.184593
1553	0.184572
1554	0.184537
1555	0.184536
1556	0.184518
1557	0.184517
1558	0.184490
1559	0.184489
1560	0.184461
1561	0.184436
1562	0.184420
1563	0.184415
1564	0.184398
1565	0.184397
1566	0.184340
1567	0.184327
1568	0.184300
1569	0.184242
1570	0.184235
1571	0.184222
1572	0.184221
1573	0.184215
1574	0.184191
1575	0.184183
1576	0.184177
1577	0.184176
1578	0.184166
1579	0.184162
1580	0.184153
1581	0.184150
1582	0.184145
1583	0.184145
1584	0.184137
1585	0.184134
1586	0.184130
1587	0.184126
1588	0.184123
1589	0.184053
1590	0.184051
1591	0.184047
1592	0.183974
1593	0.183954
1594	0.183951
1595	0.183947
1596	0.183943
1597	0.183943
1598	0.183912
1599	0.183904
1600	0.183900
1601	0.183871
1602	0.183847
1603	0.183844
1604	0.183829
1605	0.183828
1606	0.183825
1607	0.183823
1608	0.183817
1609	0.183815
1610	0.183807
1611	0.183802
1612	0.183800
1613	0.183785
1614	0.183783
1615	0.183769
1616	0.183758
1617	0.183757
1618	0.183740
1619	0.183709
1620	0.183707
1621	0.183706
1622	0.183697
1623	0.183689
1624	0.183658
1625	0.183646
1626	0.183645
1627	0.183639
1628	0.183593
1629	0.183543
1630	0.183523
1631	0.183521
1632	0.183515
1633	0.183514
1634	0.183506
1635	0.183456
1636	0.183441
1637	0.183426
1638	0.183425
1639	0.183418
1640	0.183412
1641	0.183410
1642	0.183390
1643	0.183319
1644	0.183268
1645	0.183260
1646	0.183254
1647	0.183240
1648	0.183232
1649	0.183225
1650	0.183213
1651	0.183213
1652	0.183209
1653	0.183172
1654	0.183153
1655	0.183147
1656	0.183112
1657	0.183089
1658	0.183087
1659	0.183084
1660	0.183080
1661	0.183074
1662	0.183069
1663	0.183066
1664	0.183054
1665	0.183052
1666	0.183046
1667	0.183045
1668	0.183035
1669	0.183031
1670	0.183025
1671	0.183012
1672	0.183011
1673	0.183009
1674	0.182994
1675	0.182994
1676	0.182986
1677	0.182984
1678	0.182981
1679	0.182978
1680	0.182951
1681	0.182940
1682	0.182938
1683	0.182935
1684	0.182930
1685	0.182912
1686	0.182899
1687	0.182891
1688	0.182882
1689	0.182877
1690	0.182864
1691	0.182863
1692	0.182845
1693	0.182815
1694	0.182806
1695	0.182798
1696	0.182796
1697	0.182776
1698	0.182767
1699	0.182761
1700	0.182753
1701	0.182744
1702	0.182729
1703	0.182703
1704	0.182703
1705	0.182618
1706	0.182613
1707	0.182601
1708	0.182601
1709	0.182600
1710	0.182596
1711	0.182556
1712	0.182550
1713	0.182542
1714	0.182536
1715	0.182519
1716	0.182512
1717	0.182502
1718	0.182466
1719	0.182460
1720	0.182443
1721	0.182413
1722	0.182386
1723	0.182385
1724	0.182381
1725	0.182344
1726	0.182336
1727	0.182328
1728	0.182323
1729	0.182318
1730	0.182310
1731	0.182308
1732	0.182299
1733	0.182294
1734	0.182284
1735	0.182276
1736	0.182269
1737	0.182253
1738	0.182247
1739	0.182241
1740	0.182182
1741	0.182172
1742	0.182171
1743	0.182130
1744	0.182121
1745	0.182108
1746	0.182088
1747	0.182082
1748	0.182080
1749	0.182054
1750	0.182042
1751	0.182011
1752	0.181992
1753	0.181988
1754	0.181980
1755	0.181964
1756	0.181958
1757	0.181957
1758	0.181945
1759	0.181945
1760	0.181943
1761	0.181938
1762	0.181931
1763	0.181931
1764	0.181926
1765	0.181922
1766	0.181918
1767	0.181903
1768	0.181866
1769	0.181851
1770	0.181841
1771	0.181822
1772	0.181811
1773	0.181810
1774	0.181806
1775	0.181784
1776	0.181774
1777	0.181751
1778	0.181709
1779	0.181696
1780	0.181684
1781	0.181672
1782	0.181656
1783	0.181645
1784	0.181645
1785	0.181603
1786	0.181589
1787	0.181571
1788	0.181567
1789	0.181562
1790	0.181535
1791	0.181518
1792	0.181514
1793	0.181485
1794	0.181475
1795	0.181472
1796	0.181459
1797	0.181448
1798	0.181418
1799	0.181403
1800	0.181401
1801	0.181401
1802	0.181387
1803	0.181386
1804	0.181382
1805	0.181376
1806	0.181355
1807	0.181346
1808	0.181340
1809	0.181320
1810	0.181297
1811	0.181296
1812	0.181286
1813	0.181284
1814	0.181276
1815	0.181242
1816	0.181231
1817	0.181216
1818	0.181210
1819	0.181199
1820	0.181182
1821	0.181179
1822	0.181174
1823	0.181170
1824	0.181167
1825	0.181166
1826	0.181156
1827	0.181091
1828	0.181088
1829	0.181080
1830	0.181029
1831	0.181029
1832	0.180989
1833	0.180966
1834	0.180952
1835	0.180945
1836	0.180943
1837	0.180943
1838	0.180928
1839	0.180928
1840	0.180906
1841	0.180905
1842	0.180894
1843	0.180868
1844	0.180855
1845	0.180854
1846	0.180847
1847	0.180834
1848	0.180832
1849	0.180832
1850	0.180794
1851	0.180794
1852	0.180790
1853	0.180789
1854	0.180759
1855	0.180722
1856	0.180713
1857	0.180700
1858	0.180698
1859	0.180683
1860	0.180682
1861	0.180681
1862	0.180671
1863	0.180671
1864	0.180667
1865	0.180659
1866	0.180618
1867	0.180612
1868	0.180603
1869	0.180594
1870	0.180592
1871	0.180585
1872	0.180567
1873	0.180561
1874	0.180546
1875	0.180525
1876	0.180511
1877	0.180504
1878	0.180498
1879	0.180488
1880	0.180475
1881	0.180473
1882	0.180472
1883	0.180442
1884	0.180433
1885	0.180427
1886	0.180427
1887	0.180401
1888	0.180392
1889	0.180388
1890	0.180383
1891	0.180361
1892	0.180332
1893	0.180328
1894	0.180319
1895	0.180316
1896	0.180310
1897	0.180292
1898	0.180245
1899	0.180238
1900	0.180238
1901	0.180235
1902	0.180232
1903	0.180217
1904	0.180215
1905	0.180208
1906	0.180207
1907	0.180197
1908	0.180197
1909	0.180194
1910	0.180189
1911	0.180143
1912	0.180140
1913	0.180138
1914	0.180138
1915	0.180127
1916	0.180121
1917	0.180110
1918	0.180109
1919	0.180090
1920	0.180073
1921	0.180071
1922	0.180052
1923	0.180045
1924	0.180043
1925	0.180037
1926	0.180034
1927	0.180022
1928	0.180013
1929	0.180006
1930	0.179982
1931	0.179961
1932	0.179957
1933	0.179920
1934	0.179910
1935	0.179906
1936	0.179897
1937	0.179886
1938	0.179874
1939	0.179861
1940	0.179843
1941	0.179836
1942	0.179835
1943	0.179822
1944	0.179814
1945	0.179798
1946	0.179773
1947	0.179759
1948	0.179748
1949	0.179731
1950	0.179729
1951	0.179721
1952	0.179718
1953	0.179717
1954	0.179713
1955	0.179711
1956	0.179705
1957	0.179702
1958	0.179692
1959	0.179639
1960	0.179609
1961	0.179607
1962	0.179598
1963	0.179593
1964	0.179591
1965	0.179577
1966	0.179575
1967	0.179560
1968	0.179560
1969	0.179545
1970	0.179544
1971	0.179533
1972	0.179529
1973	0.179514
1974	0.179510
1975	0.179492
1976	0.179481
1977	0.179475
1978	0.179468
1979	0.179465
1980	0.179447
1981	0.179430
1982	0.179406
1983	0.179398
1984	0.179393
1985	0.179388
1986	0.179382
1987	0.179353
1988	0.179343
1989	0.179340
1990	0.179330
1991	0.179325
1992	0.179319
1993	0.179317
1994	0.179294
1995	0.179290
1996	0.179285
1997	0.179279
1998	0.179263
1999	0.179253
2000	0.179249
2001	0.179243
2002	0.179237
2003	0.179234
2004	0.179227
2005	0.179221
2006	0.179168
2007	0.179157
2008	0.179156
2009	0.179149
2010	0.179148
2011	0.179147
2012	0.179141
2013	0.179140
2014	0.179137
2015	0.179133
2016	0.179114
2017	0.179091
2018	0.179079
2019	0.179074
2020	0.179048
2021	0.179033
2022	0.179020
2023	0.179000
2024	0.178998
2025	0.178972
2026	0.178960
2027	0.178953
2028	0.178932
2029	0.178916
2030	0.178915
2031	0.178902
2032	0.178898
2033	0.178896
2034	0.178877
2035	0.178877
2036	0.178871
2037	0.178842
2038	0.178834
2039	0.178830
2040	0.178803
2041	0.178786
2042	0.178756
2043	0.178724
2044	0.178704
2045	0.178693
2046	0.178687
2047	0.178687
2048	0.178658
2049	0.178633
2050	0.178628
2051	0.178613
2052	0.178606
2053	0.178592
2054	0.178587
2055	0.178547
2056	0.178542
2057	0.178510
2058	0.178505
2059	0.178491
2060	0.178489
2061	0.178489
2062	0.178485
2063	0.178482
2064	0.178482
2065	0.178466
2066	0.178466
2067	0.178456
2068	0.178456
2069	0.178406
2070	0.178384
2071	0.178381
2072	0.178374
2073	0.178374
2074	0.178368
2075	0.178357
2076	0.178356
2077	0.178347
2078	0.178336
2079	0.178331
2080	0.178323
2081	0.178316
2082	0.178300
2083	0.178263
2084	0.178253
2085	0.178247
2086	0.178228
2087	0.178215
2088	0.178189
2089	0.178188
2090	0.178184
2091	0.178181
2092	0.178171
2093	0.178163
2094	0.178155
2095	0.178149
2096	0.178140
2097	0.178100
2098	0.178085
2099	0.178043
2100	0.178022
2101	0.177998
2102	0.177993
2103	0.177987
2104	0.177970
2105	0.177969
2106	0.177969
2107	0.177968
2108	0.177963
2109	0.177952
2110	0.177944
2111	0.177935
2112	0.177930
2113	0.177870
2114	0.177836
2115	0.177833
2116	0.177798
2117	0.177778
2118	0.177778
2119	0.177771
2120	0.177757
2121	0.177750
2122	0.177732
2123	0.177712
2124	0.177707
2125	0.177704
2126	0.177698
2127	0.177692
2128	0.177654
2129	0.177606
2130	0.177604
2131	0.177590
2132	0.177585
2133	0.177582
2134	0.177579
2135	0.177565
2136	0.177565
2137	0.177557
2138	0.177542
2139	0.177539
2140	0.177539
2141	0.177508
2142	0.177508
2143	0.177507
2144	0.177499
2145	0.177490
2146	0.177483
2147	0.177473
2148	0.177436
2149	0.177432
2150	0.177430
2151	0.177415
2152	0.177411
2153	0.177399
2154	0.177396
2155	0.177352
2156	0.177350
2157	0.177343
2158	0.177342
2159	0.177330
2160	0.177327
2161	0.177324
2162	0.177300
2163	0.177286
2164	0.177280
2165	0.177276
2166	0.177257
2167	0.177253
2168	0.177235
2169	0.177234
2170	0.177228
2171	0.177215
2172	0.177196
2173	0.177191
2174	0.177182
2175	0.177129
2176	0.177094
2177	0.177092
2178	0.177079
2179	0.177078
2180	0.177073
2181	0.177042
2182	0.177027
2183	0.177025
2184	0.177023
2185	0.177011
2186	0.177002
2187	0.176997
2188	0.176996
2189	0.176985
2190	0.176979
2191	0.176971
2192	0.176945
2193	0.176907
2194	0.176905
2195	0.176885
2196	0.176877
2197	0.176877
2198	0.176867
2199	0.176859
2200	0.176859
2201	0.176843
2202	0.176838
2203	0.176828
2204	0.176823
2205	0.176818
2206	0.176813
2207	0.176800
2208	0.176794
2209	0.176789
2210	0.176782
2211	0.176769
2212	0.176769
2213	0.176757
2214	0.176756
2215	0.176744
2216	0.176744
2217	0.176739
2218	0.176718
2219	0.176709
2220	0.176697
2221	0.176693
2222	0.176688
2223	0.176683
2224	0.176680
2225	0.176671
2226	0.176667
2227	0.176663
2228	0.176650
2229	0.176646
2230	0.176643
2231	0.176639
2232	0.176624
2233	0.176623
2234	0.176614
2235	0.176597
2236	0.176595
2237	0.176585
2238	0.176584
2239	0.176559
2240	0.176559
2241	0.176552
2242	0.176538
2243	0.176530
2244	0.176523
2245	0.176513
2246	0.176507
2247	0.176491
2248	0.176488
2249	0.176484
2250	0.176477
2251	0.176474
2252	0.176470
2253	0.176461
2254	0.176454
2255	0.176442
2256	0.176437
2257	0.176431
2258	0.176422
2259	0.176421
2260	0.176417
2261	0.176413
2262	0.176404
2263	0.176396
2264	0.176384
2265	0.176367
2266	0.176353
2267	0.176353
2268	0.176351
2269	0.176338
2270	0.176330
2271	0.176317
2272	0.176306
2273	0.176306
2274	0.176238
2275	0.176236
2276	0.176226
2277	0.176223
2278	0.176220
2279	0.176213
2280	0.176208
2281	0.176201
2282	0.176195
2283	0.176190
2284	0.176185
2285	0.176180
2286	0.176172
2287	0.176168
2288	0.176166
2289	0.176155
2290	0.176149
2291	0.176148
2292	0.176103
2293	0.176100
2294	0.176097
2295	0.176087
2296	0.176080
2297	0.176079
2298	0.176061
2299	0.176061
2300	0.176059
2301	0.176059
2302	0.176044
2303	0.176021
2304	0.176009
2305	0.176007
2306	0.176002
2307	0.175998
2308	0.175996
2309	0.175996
2310	0.175991
2311	0.175989
2312	0.175987
2313	0.175973
2314	0.175969
2315	0.175969
2316	0.175964
2317	0.175964
2318	0.175958
2319	0.175951
2320	0.175947
2321	0.175945
2322	0.175922
2323	0.175916
2324	0.175899
2325	0.175894
2326	0.175890
2327	0.175887
2328	0.175870
2329	0.175867
2330	0.175837
2331	0.175835
2332	0.175809
2333	0.175794
2334	0.175793
2335	0.175768
2336	0.175756
2337	0.175754
2338	0.175750
2339	0.175721
2340	0.175715
2341	0.175711
2342	0.175692
2343	0.175639
2344	0.175637
2345	0.175630
2346	0.175618
2347	0.175617
2348	0.175611
2349	0.175588
2350	0.175584
2351	0.175583
2352	0.175574
2353	0.175572
2354	0.175566
2355	0.175565
2356	0.175559
2357	0.175552
2358	0.175552
2359	0.175544
2360	0.175537
2361	0.175536
2362	0.175500
2363	0.175464
2364	0.175456
2365	0.175447
2366	0.175432
2367	0.175427
2368	0.175405
2369	0.175399
2370	0.175382
2371	0.175366
2372	0.175358
2373	0.175349
2374	0.175332
2375	0.175331
2376	0.175327
2377	0.175315
2378	0.175299
2379	0.175294
2380	0.175289
2381	0.175287
2382	0.175282
2383	0.175279
2384	0.175276
2385	0.175267
2386	0.175257
2387	0.175255
2388	0.175253
2389	0.175249
2390	0.175243
2391	0.175237
2392	0.175223
2393	0.175219
2394	0.175203
2395	0.175197
2396	0.175181
2397	0.175177
2398	0.175169
2399	0.175167
2400	0.175162
2401	0.175157
2402	0.175151
2403	0.175147
2404	0.175143
2405	0.175112
2406	0.175111
2407	0.175110
2408	0.175106
2409	0.175087
2410	0.175083
2411	0.175082
2412	0.175079
2413	0.175079
2414	0.175056
2415	0.175048
2416	0.175047
2417	0.175018
2418	0.175016
2419	0.175003
2420	0.174996
2421	0.174995
2422	0.174988
2423	0.174984
2424	0.174978
2425	0.174958
2426	0.174948
2427	0.174932
2428	0.174923
2429	0.174916
2430	0.174912
2431	0.174909
2432	0.174892
2433	0.174872
2434	0.174868
2435	0.174864
2436	0.174856
2437	0.174848
2438	0.174841
2439	0.174838
2440	0.174834
2441	0.174826
2442	0.174802
2443	0.174784
2444	0.174771
2445	0.174761
2446	0.174758
2447	0.174758
2448	0.174749
2449	0.174734
2450	0.174733
2451	0.174728
2452	0.174727
2453	0.174725
2454	0.174708
2455	0.174705
2456	0.174695
2457	0.174694
2458	0.174686
2459	0.174675
2460	0.174666
2461	0.174661
2462	0.174656
2463	0.174655
2464	0.174633
2465	0.174631
2466	0.174629
2467	0.174627
2468	0.174614
2469	0.174599
2470	0.174558
2471	0.174548
2472	0.174545
2473	0.174544
2474	0.174521
2475	0.174519
2476	0.174516
2477	0.174515
2478	0.174494
2479	0.174490
2480	0.174490
2481	0.174485
2482	0.174482
2483	0.174472
2484	0.174446
2485	0.174421
2486	0.174420
2487	0.174413
2488	0.174411
2489	0.174400
2490	0.174398
2491	0.174376
2492	0.174360
2493	0.174360
2494	0.174339
2495	0.174332
2496	0.174321
2497	0.174305
2498	0.174288
2499	0.174278
2500	0.174277
2501	0.174274
2502	0.174269
2503	0.174268
2504	0.174252
2505	0.174251
2506	0.174249
2507	0.174245
2508	0.174238
2509	0.174227
2510	0.174208
2511	0.174197
2512	0.174195
2513	0.174191
2514	0.174188
2515	0.174181
2516	0.174171
2517	0.174170
2518	0.174165
2519	0.174159
2520	0.174155
2521	0.174153
2522	0.174148
2523	0.174114
2524	0.174111
2525	0.174089
2526	0.174085
2527	0.174083
2528	0.174078
2529	0.174073
2530	0.174061
2531	0.174053
2532	0.174022
2533	0.174002
2534	0.173988
2535	0.173987
2536	0.173984
2537	0.173972
2538	0.173957
2539	0.173941
2540	0.173923
2541	0.173921
2542	0.173920
2543	0.173919
2544	0.173912
2545	0.173907
2546	0.173907
2547	0.173896
2548	0.173881
2549	0.173880
2550	0.173857
2551	0.173848
2552	0.173846
2553	0.173841
2554	0.173839
2555	0.173839
2556	0.173838
2557	0.173824
2558	0.173822
2559	0.173789
2560	0.173787
2561	0.173779
2562	0.173776
2563	0.173774
2564	0.173772
2565	0.173771
2566	0.173762
2567	0.173756
2568	0.173735
2569	0.173730
2570	0.173672
2571	0.173643
2572	0.173643
2573	0.173641
2574	0.173634
2575	0.173629
2576	0.173619
2577	0.173619
2578	0.173616
2579	0.173608
2580	0.173605
2581	0.173597
2582	0.173596
2583	0.173592
2584	0.173587
2585	0.173572
2586	0.173570
2587	0.173570
2588	0.173566
2589	0.173551
2590	0.173551
2591	0.173539
2592	0.173522
2593	0.173520
2594	0.173508
2595	0.173469
2596	0.173448
2597	0.173435
2598	0.173430
2599	0.173426
2600	0.173421
2601	0.173416
2602	0.173409
2603	0.173408
2604	0.173403
2605	0.173402
2606	0.173386
2607	0.173381
2608	0.173371
2609	0.173358
2610	0.173358
2611	0.173354
2612	0.173354
2613	0.173340
2614	0.173331
2615	0.173330
2616	0.173326
2617	0.173301
2618	0.173300
2619	0.173297
2620	0.173280
2621	0.173268
2622	0.173268
2623	0.173263
2624	0.173252
2625	0.173245
2626	0.173244
2627	0.173204
2628	0.173203
2629	0.173203
2630	0.173201
2631	0.173199
2632	0.173178
2633	0.173175
2634	0.173175
2635	0.173147
2636	0.173145
2637	0.173132
2638	0.173131
2639	0.173120
2640	0.173117
2641	0.173097
2642	0.173091
2643	0.173085
2644	0.173085
2645	0.173058
2646	0.173053
2647	0.173050
2648	0.173041
2649	0.173036
2650	0.173035
2651	0.173014
2652	0.172994
2653	0.172978
2654	0.172969
2655	0.172958
2656	0.172940
2657	0.172923
2658	0.172922
2659	0.172919
2660	0.172913
2661	0.172903
2662	0.172901
2663	0.172879
2664	0.172878
2665	0.172873
2666	0.172869
2667	0.172865
2668	0.172848
2669	0.172815
2670	0.172806
2671	0.172805
2672	0.172768
2673	0.172763
2674	0.172763
2675	0.172744
2676	0.172735
2677	0.172732
2678	0.172727
2679	0.172716
2680	0.172715
2681	0.172714
2682	0.172706
2683	0.172661
2684	0.172656
2685	0.172651
2686	0.172650
2687	0.172645
2688	0.172644
2689	0.172627
2690	0.172616
2691	0.172608
2692	0.172593
2693	0.172588
2694	0.172581
2695	0.172576
2696	0.172575
2697	0.172565
2698	0.172559
2699	0.172546
2700	0.172534
2701	0.172524
2702	0.172508
2703	0.172503
2704	0.172490
2705	0.172486
2706	0.172484
2707	0.172483
2708	0.172469
2709	0.172458
2710	0.172456
2711	0.172448
2712	0.172448
2713	0.172434
2714	0.172431
2715	0.172431
2716	0.172424
2717	0.172421
2718	0.172400
2719	0.172379
2720	0.172369
2721	0.172359
2722	0.172351
2723	0.172341
2724	0.172335
2725	0.172332
2726	0.172324
2727	0.172322
2728	0.172314
2729	0.172301
2730	0.172299
2731	0.172298
2732	0.172282
2733	0.172273
2734	0.172270
2735	0.172244
2736	0.172241
2737	0.172238
2738	0.172232
2739	0.172232
2740	0.172225
2741	0.172224
2742	0.172218
2743	0.172192
2744	0.172190
2745	0.172183
2746	0.172182
2747	0.172181
2748	0.172176
2749	0.172175
2750	0.172161
2751	0.172159
2752	0.172151
2753	0.172150
2754	0.172136
2755	0.172122
2756	0.172120
2757	0.172115
2758	0.172110
2759	0.172107
2760	0.172105
2761	0.172104
2762	0.172096
2763	0.172091
2764	0.172089
2765	0.172083
2766	0.172071
2767	0.172068
2768	0.172052
2769	0.172047
2770	0.172046
2771	0.172041
2772	0.172037
2773	0.172037
2774	0.172035
2775	0.172029
2776	0.172005
2777	0.171995
2778	0.171995
2779	0.171982
2780	0.171971
2781	0.171946
2782	0.171946
2783	0.171945
2784	0.171945
2785	0.171938
2786	0.171937
2787	0.171935
2788	0.171931
2789	0.171927
2790	0.171918
2791	0.171915
2792	0.171914
2793	0.171902
2794	0.171901
2795	0.171890
2796	0.171881
2797	0.171872
2798	0.171865
2799	0.171859
2800	0.171836
2801	0.171833
2802	0.171833
2803	0.171823
2804	0.171820
2805	0.171789
2806	0.171788
2807	0.171787
2808	0.171781
2809	0.171759
2810	0.171733
2811	0.171719
2812	0.171717
2813	0.171713
2814	0.171699
2815	0.171697
2816	0.171675
2817	0.171660
2818	0.171659
2819	0.171646
2820	0.171642
2821	0.171616
2822	0.171603
2823	0.171603
2824	0.171590
2825	0.171589
2826	0.171579
2827	0.171572
2828	0.171556
2829	0.171555
2830	0.171546
2831	0.171542
2832	0.171533
2833	0.171533
2834	0.171518
2835	0.171511
2836	0.171495
2837	0.171492
2838	0.171489
2839	0.171486
2840	0.171480
2841	0.171478
2842	0.171470
2843	0.171467
2844	0.171466
2845	0.171446
2846	0.171422
2847	0.171414
2848	0.171414
2849	0.171414
2850	0.171413
2851	0.171400
2852	0.171394
2853	0.171389
2854	0.171386
2855	0.171385
2856	0.171379
2857	0.171378
2858	0.171377
2859	0.171375
2860	0.171375
2861	0.171372
2862	0.171358
2863	0.171358
2864	0.171356
2865	0.171354
2866	0.171352
2867	0.171331
2868	0.171312
2869	0.171308
2870	0.171303
2871	0.171290
2872	0.171274
2873	0.171273
2874	0.171271
2875	0.171271
2876	0.171259
2877	0.171254
2878	0.171238
2879	0.171231
2880	0.171214
2881	0.171204
2882	0.171203
2883	0.171202
2884	0.171201
2885	0.171197
2886	0.171197
2887	0.171189
2888	0.171182
2889	0.171179
2890	0.171171
2891	0.171156
2892	0.171146
2893	0.171134
2894	0.171131
2895	0.171104
2896	0.171101
2897	0.171094
2898	0.171073
2899	0.171071
2900	0.171065
2901	0.171063
2902	0.171049
2903	0.171045
2904	0.171001
2905	0.170988
2906	0.170981
2907	0.170979
2908	0.170970
2909	0.170948
2910	0.170945
2911	0.170945
2912	0.170941
2913	0.170932
2914	0.170930
2915	0.170921
2916	0.170911
2917	0.170910
2918	0.170888
2919	0.170885
2920	0.170865
2921	0.170863
2922	0.170852
2923	0.170847
2924	0.170837
2925	0.170815
2926	0.170813
2927	0.170797
2928	0.170790
2929	0.170772
2930	0.170760
2931	0.170756
2932	0.170753
2933	0.170752
2934	0.170735
2935	0.170734
2936	0.170733
2937	0.170733
2938	0.170726
2939	0.170718
2940	0.170716
2941	0.170704
2942	0.170682
2943	0.170668
2944	0.170668
2945	0.170662
2946	0.170657
2947	0.170645
2948	0.170643
2949	0.170643
2950	0.170639
2951	0.170633
2952	0.170627
2953	0.170617
2954	0.170616
2955	0.170612
2956	0.170594
2957	0.170584
2958	0.170583
2959	0.170568
2960	0.170566
2961	0.170565
2962	0.170562
2963	0.170542
2964	0.170532
2965	0.170530
2966	0.170525
2967	0.170517
2968	0.170516
2969	0.170488
2970	0.170478
2971	0.170474
2972	0.170473
2973	0.170460
2974	0.170457
2975	0.170455
2976	0.170455
2977	0.170451
2978	0.170445
2979	0.170443
2980	0.170442
2981	0.170440
2982	0.170439
2983	0.170438
2984	0.170432
2985	0.170422
2986	0.170420
2987	0.170415
2988	0.170410
2989	0.170410
2990	0.170409
2991	0.170401
2992	0.170401
2993	0.170385
2994	0.170385
2995	0.170384
2996	0.170379
2997	0.170374
2998	0.170368
2999	0.170319
3000	0.170313
3001	0.170312
3002	0.170309
3003	0.170294
3004	0.170293
3005	0.170292
3006	0.170289
3007	0.170283
3008	0.170282
3009	0.170249
3010	0.170243
3011	0.170243
3012	0.170241
3013	0.170232
3014	0.170230
3015	0.170213
3016	0.170203
3017	0.170198
3018	0.170197
3019	0.170178
3020	0.170167
3021	0.170156
3022	0.170152
3023	0.170136
3024	0.170132
3025	0.170118
3026	0.170117
3027	0.170113
3028	0.170095
3029	0.170094
3030	0.170053
3031	0.170047
3032	0.170045
3033	0.170032
3034	0.170029
3035	0.170027
3036	0.170024
3037	0.170011
3038	0.170004
3039	0.170001
3040	0.169999
3041	0.169982
3042	0.169968
3043	0.169960
3044	0.169951
3045	0.169944
3046	0.169936
3047	0.169936
3048	0.169907
3049	0.169904
3050	0.169891
3051	0.169891
3052	0.169871
3053	0.169869
3054	0.169869
3055	0.169862
3056	0.169862
3057	0.169861
3058	0.169849
3059	0.169846
3060	0.169843
3061	0.169833
3062	0.169832
3063	0.169814
3064	0.169806
3065	0.169793
3066	0.169771
3067	0.169770
3068	0.169766
3069	0.169741
3070	0.169738
3071	0.169735
3072	0.169726
3073	0.169719
3074	0.169710
3075	0.169710
3076	0.169708
3077	0.169698
3078	0.169697
3079	0.169697
3080	0.169694
3081	0.169692
3082	0.169680
3083	0.169676
3084	0.169672
3085	0.169667
3086	0.169665
3087	0.169664
3088	0.169655
3089	0.169651
3090	0.169639
3091	0.169617
3092	0.169607
3093	0.169603
3094	0.169595
3095	0.169587
3096	0.169583
3097	0.169576
3098	0.169574
3099	0.169571
3100	0.169565
3101	0.169557
3102	0.169545
3103	0.169539
3104	0.169538
3105	0.169535
3106	0.169525
3107	0.169520
3108	0.169519
3109	0.169518
3110	0.169518
3111	0.169518
3112	0.169503
3113	0.169500
3114	0.169487
3115	0.169486
3116	0.169479
3117	0.169473
3118	0.169463
3119	0.169445
3120	0.169444
3121	0.169444
3122	0.169442
3123	0.169420
3124	0.169410
3125	0.169398
3126	0.169395
3127	0.169393
3128	0.169386
3129	0.169375
3130	0.169364
3131	0.169339
3132	0.169337
3133	0.169331
3134	0.169315
3135	0.169311
3136	0.169309
3137	0.169296
3138	0.169295
3139	0.169279
3140	0.169247
3141	0.169244
3142	0.169244
3143	0.169233
3144	0.169233
3145	0.169225
3146	0.169223
3147	0.169209
3148	0.169201
3149	0.169201
3150	0.169201
3151	0.169195
3152	0.169190
3153	0.169189
3154	0.169182
3155	0.169182
3156	0.169166
3157	0.169164
3158	0.169160
3159	0.169153
3160	0.169147
3161	0.169145
3162	0.169143
3163	0.169141
3164	0.169133
3165	0.169127
3166	0.169121
3167	0.169118
3168	0.169113
3169	0.169100
3170	0.169100
3171	0.169084
3172	0.169082
3173	0.169081
3174	0.169081
3175	0.169078
3176	0.169058
3177	0.169047
3178	0.168987
3179	0.168975
3180	0.168970
3181	0.168967
3182	0.168965
3183	0.168960
3184	0.168956
3185	0.168951
3186	0.168948
3187	0.168948
3188	0.168914
3189	0.168893
3190	0.168890
3191	0.168880
3192	0.168880
3193	0.168875
3194	0.168870
3195	0.168863
3196	0.168859
3197	0.168854
3198	0.168853
3199	0.168846
3200	0.168844
3201	0.168842
3202	0.168822
3203	0.168813
3204	0.168811
3205	0.168807
3206	0.168803
3207	0.168794
3208	0.168790
3209	0.168787
3210	0.168786
3211	0.168751
3212	0.168750
3213	0.168750
3214	0.168749
3215	0.168727
3216	0.168727
3217	0.168715
3218	0.168714
3219	0.168698
3220	0.168696
3221	0.168693
3222	0.168691
3223	0.168686
3224	0.168675
3225	0.168674
3226	0.168663
3227	0.168663
3228	0.168656
3229	0.168656
3230	0.168641
3231	0.168622
3232	0.168620
3233	0.168605
3234	0.168601
3235	0.168601
3236	0.168590
3237	0.168586
3238	0.168580
3239	0.168579
3240	0.168554
3241	0.168554
3242	0.168550
3243	0.168547
3244	0.168531
3245	0.168528
3246	0.168518
3247	0.168513
3248	0.168510
3249	0.168504
3250	0.168499
3251	0.168483
3252	0.168473
3253	0.168468
3254	0.168467
3255	0.168464
3256	0.168463
3257	0.168454
3258	0.168454
3259	0.168449
3260	0.168447
3261	0.168438
3262	0.168435
3263	0.168418
3264	0.168416
3265	0.168405
3266	0.168397
3267	0.168394
3268	0.168389
3269	0.168385
3270	0.168376
3271	0.168376
3272	0.168371
3273	0.168353
3274	0.168342
3275	0.168336
3276	0.168334
3277	0.168312
3278	0.168309
3279	0.168306
3280	0.168299
3281	0.168282
3282	0.168275
3283	0.168271
3284	0.168269
3285	0.168266
3286	0.168249
3287	0.168248
3288	0.168241
3289	0.168236
3290	0.168225
3291	0.168223
3292	0.168221
3293	0.168214
3294	0.168213
3295	0.168186
3296	0.168179
3297	0.168165
3298	0.168152
3299	0.168146
3300	0.168145
3301	0.168140
3302	0.168133
3303	0.168131
3304	0.168130
3305	0.168129
3306	0.168127
3307	0.168117
3308	0.168110
3309	0.168109
3310	0.168103
3311	0.168102
3312	0.168088
3313	0.168083
3314	0.168078
3315	0.168072
3316	0.168068
3317	0.168067
3318	0.168063
3319	0.168045
3320	0.168045
3321	0.168022
3322	0.168020
3323	0.168017
3324	0.168003
3325	0.167991
3326	0.167988
3327	0.167983
3328	0.167980
3329	0.167960
3330	0.167937
3331	0.167930
3332	0.167917
3333	0.167914
3334	0.167895
3335	0.167891
3336	0.167890
3337	0.167889
3338	0.167883
3339	0.167875
3340	0.167867
3341	0.167865
3342	0.167857
3343	0.167853
3344	0.167852
3345	0.167841
3346	0.167840
3347	0.167839
3348	0.167819
3349	0.167809
3350	0.167803
3351	0.167800
3352	0.167783
3353	0.167775
3354	0.167750
3355	0.167739
3356	0.167738
3357	0.167738
3358	0.167737
3359	0.167725
3360	0.167701
3361	0.167695
3362	0.167682
3363	0.167681
3364	0.167674
3365	0.167667
3366	0.167638
3367	0.167634
3368	0.167628
3369	0.167608
3370	0.167600
3371	0.167595
3372	0.167594
3373	0.167589
3374	0.167588
3375	0.167566
3376	0.167564
3377	0.167549
3378	0.167547
3379	0.167540
3380	0.167526
3381	0.167524
3382	0.167511
3383	0.167507
3384	0.167501
3385	0.167501
3386	0.167498
3387	0.167494
3388	0.167481
3389	0.167477
3390	0.167464
3391	0.167461
3392	0.167458
3393	0.167457
3394	0.167456
3395	0.167436
3396	0.167424
3397	0.167413
3398	0.167409
3399	0.167402
3400	0.167394
3401	0.167372
3402	0.167365
3403	0.167342
3404	0.167339
3405	0.167333
3406	0.167329
3407	0.167326
3408	0.167325
3409	0.167324
3410	0.167320
3411	0.167308
3412	0.167304
3413	0.167304
3414	0.167303
3415	0.167300
3416	0.167297
3417	0.167292
3418	0.167288
3419	0.167286
3420	0.167276
3421	0.167273
3422	0.167271
3423	0.167256
3424	0.167256
3425	0.167254
3426	0.167240
3427	0.167228
3428	0.167214
3429	0.167207
3430	0.167183
3431	0.167181
3432	0.167176
3433	0.167175
3434	0.167175
3435	0.167170
3436	0.167156
3437	0.167152
3438	0.167149
3439	0.167148
3440	0.167135
3441	0.167128
3442	0.167120
3443	0.167113
3444	0.167111
3445	0.167111
3446	0.167108
3447	0.167098
3448	0.167098
3449	0.167091
3450	0.167087
3451	0.167084
3452	0.167081
3453	0.167079
3454	0.167070
3455	0.167068
3456	0.167062
3457	0.167058
3458	0.167057
3459	0.167056
3460	0.167053
3461	0.167049
3462	0.167048
3463	0.167045
3464	0.167045
3465	0.167038
3466	0.167033
3467	0.167029
3468	0.167024
3469	0.167020
3470	0.167016
3471	0.166989
3472	0.166981
3473	0.166966
3474	0.166963
3475	0.166957
3476	0.166947
3477	0.166944
3478	0.166944
3479	0.166936
3480	0.166934
3481	0.166923
3482	0.166913
3483	0.166902
3484	0.166898
3485	0.166896
3486	0.166894
3487	0.166894
3488	0.166882
3489	0.166878
3490	0.166872
3491	0.166871
3492	0.166862
3493	0.166856
3494	0.166853
3495	0.166843
3496	0.166841
3497	0.166835
3498	0.166834
3499	0.166826
3500	0.166823
3501	0.166817
3502	0.166805
3503	0.166802
3504	0.166796
3505	0.166769
3506	0.166764
3507	0.166741
3508	0.166737
3509	0.166724
3510	0.166722
3511	0.166722
3512	0.166721
3513	0.166720
3514	0.166707
3515	0.166702
3516	0.166701
3517	0.166697
3518	0.166685
3519	0.166662
3520	0.166658
3521	0.166649
3522	0.166645
3523	0.166637
3524	0.166635
3525	0.166631
3526	0.166628
3527	0.166608
3528	0.166603
3529	0.166597
3530	0.166596
3531	0.166592
3532	0.166592
3533	0.166587
3534	0.166586
3535	0.166579
3536	0.166544
3537	0.166534
3538	0.166526
3539	0.166509
3540	0.166507
3541	0.166500
3542	0.166481
3543	0.166480
3544	0.166468
3545	0.166458
3546	0.166454
3547	0.166454
3548	0.166439
3549	0.166394
3550	0.166386
3551	0.166380
3552	0.166365
3553	0.166363
3554	0.166354
3555	0.166353
3556	0.166351
3557	0.166330
3558	0.166329
3559	0.166325
3560	0.166320
3561	0.166303
3562	0.166287
3563	0.166285
3564	0.166283
3565	0.166278
3566	0.166273
3567	0.166263
3568	0.166262
3569	0.166252
3570	0.166250
3571	0.166246
3572	0.166244
3573	0.166235
3574	0.166234
3575	0.166228
3576	0.166218
3577	0.166207
3578	0.166202
3579	0.166198
3580	0.166194
3581	0.166189
3582	0.166175
3583	0.166168
3584	0.166165
3585	0.166159
3586	0.166150
3587	0.166144
3588	0.166126
3589	0.166096
3590	0.166075
3591	0.166067
3592	0.166045
3593	0.166041
3594	0.166039
3595	0.166033
3596	0.166033
3597	0.166029
3598	0.166021
3599	0.166007
3600	0.165997
3601	0.165997
3602	0.165992
3603	0.165980
3604	0.165963
3605	0.165952
3606	0.165942
3607	0.165939
3608	0.165938
3609	0.165936
3610	0.165933
3611	0.165927
3612	0.165927
3613	0.165925
3614	0.165921
3615	0.165920
3616	0.165918
3617	0.165917
3618	0.165910
3619	0.165909
3620	0.165907
3621	0.165907
3622	0.165892
3623	0.165888
3624	0.165886
3625	0.165885
3626	0.165884
3627	0.165883
3628	0.165873
3629	0.165872
3630	0.165872
3631	0.165869
3632	0.165869
3633	0.165869
3634	0.165868
3635	0.165867
3636	0.165862
3637	0.165840
3638	0.165831
3639	0.165827
3640	0.165814
3641	0.165811
3642	0.165803
3643	0.165802
3644	0.165799
3645	0.165796
3646	0.165791
3647	0.165791
3648	0.165789
3649	0.165780
3650	0.165768
3651	0.165764
3652	0.165759
3653	0.165745
3654	0.165733
3655	0.165732
3656	0.165707
3657	0.165703
3658	0.165694
3659	0.165692
3660	0.165691
3661	0.165687
3662	0.165680
3663	0.165672
3664	0.165660
3665	0.165657
3666	0.165652
3667	0.165651
3668	0.165647
3669	0.165630
3670	0.165624
3671	0.165618
3672	0.165603
3673	0.165602
3674	0.165574
3675	0.165568
3676	0.165562
3677	0.165560
3678	0.165552
3679	0.165550
3680	0.165549
3681	0.165538
3682	0.165527
3683	0.165522
3684	0.165522
3685	0.165515
3686	0.165513
3687	0.165511
3688	0.165494
3689	0.165491
3690	0.165472
3691	0.165469
3692	0.165467
3693	0.165465
3694	0.165458
3695	0.165444
3696	0.165442
3697	0.165439
3698	0.165429
3699	0.165424
3700	0.165408
3701	0.165407
3702	0.165407
3703	0.165406
3704	0.165391
3705	0.165382
3706	0.165368
3707	0.165348
3708	0.165338
3709	0.165334
3710	0.165333
3711	0.165320
3712	0.165320
3713	0.165317
3714	0.165315
3715	0.165296
3716	0.165290
3717	0.165284
3718	0.165283
3719	0.165269
3720	0.165243
3721	0.165240
3722	0.165229
3723	0.165227
3724	0.165225
3725	0.165201
3726	0.165194
3727	0.165191
3728	0.165183
3729	0.165182
3730	0.165178
3731	0.165177
3732	0.165171
3733	0.165165
3734	0.165156
3735	0.165152
3736	0.165135
3737	0.165130
3738	0.165115
3739	0.165111
3740	0.165103
3741	0.165103
3742	0.165102
3743	0.165096
3744	0.165094
3745	0.165085
3746	0.165084
3747	0.165081
3748	0.165069
3749	0.165065
3750	0.165063
3751	0.165054
3752	0.165054
3753	0.165053
3754	0.165051
3755	0.165049
3756	0.165049
3757	0.165038
3758	0.165038
3759	0.165017
3760	0.165007
3761	0.165007
3762	0.165005
3763	0.164982
3764	0.164978
3765	0.164977
3766	0.164973
3767	0.164972
3768	0.164967
3769	0.164966
3770	0.164958
3771	0.164958
3772	0.164948
3773	0.164948
3774	0.164932
3775	0.164922
3776	0.164918
3777	0.164911
3778	0.164905
3779	0.164896
3780	0.164882
3781	0.164882
3782	0.164877
3783	0.164863
3784	0.164863
3785	0.164854
3786	0.164850
3787	0.164838
3788	0.164815
3789	0.164810
3790	0.164805
3791	0.164799
3792	0.164797
3793	0.164786
3794	0.164785
3795	0.164779
3796	0.164769
3797	0.164767
3798	0.164757
3799	0.164751
3800	0.164743
3801	0.164736
3802	0.164736
3803	0.164735
3804	0.164722
3805	0.164707
3806	0.164707
3807	0.164703
3808	0.164660
3809	0.164659
3810	0.164656
3811	0.164644
3812	0.164620
3813	0.164616
3814	0.164616
3815	0.164613
3816	0.164607
3817	0.164603
3818	0.164592
3819	0.164583
3820	0.164578
3821	0.164574
3822	0.164571
3823	0.164563
3824	0.164547
3825	0.164535
3826	0.164534
3827	0.164523
3828	0.164517
3829	0.164517
3830	0.164506
3831	0.164502
3832	0.164500
3833	0.164497
3834	0.164487
3835	0.164486
3836	0.164483
3837	0.164477
3838	0.164470
3839	0.164469
3840	0.164462
3841	0.164456
3842	0.164451
3843	0.164439
3844	0.164438
3845	0.164425
3846	0.164410
3847	0.164406
3848	0.164395
3849	0.164390
3850	0.164387
3851	0.164383
3852	0.164382
3853	0.164377
3854	0.164377
3855	0.164369
3856	0.164362
3857	0.164361
3858	0.164341
3859	0.164339
3860	0.164338
3861	0.164332
3862	0.164330
3863	0.164325
3864	0.164325
3865	0.164314
3866	0.164304
3867	0.164293
3868	0.164293
3869	0.164293
3870	0.164290
3871	0.164262
3872	0.164261
3873	0.164257
3874	0.164233
3875	0.164233
3876	0.164226
3877	0.164218
3878	0.164210
3879	0.164202
3880	0.164201
3881	0.164199
3882	0.164195
3883	0.164192
3884	0.164181
3885	0.164181
3886	0.164148
3887	0.164146
3888	0.164140
3889	0.164140
3890	0.164137
3891	0.164136
3892	0.164122
3893	0.164121
3894	0.164119
3895	0.164100
3896	0.164094
3897	0.164091
3898	0.164088
3899	0.164075
3900	0.164074
3901	0.164071
3902	0.164066
3903	0.164066
3904	0.164064
3905	0.164062
3906	0.164059
3907	0.164043
3908	0.164035
3909	0.164033
3910	0.164033
3911	0.164030
3912	0.164005
3913	0.164002
3914	0.164001
3915	0.163998
3916	0.163984
3917	0.163984
3918	0.163982
3919	0.163980
3920	0.163977
3921	0.163970
3922	0.163951
3923	0.163934
3924	0.163926
3925	0.163922
3926	0.163911
3927	0.163911
3928	0.163903
3929	0.163870
3930	0.163869
3931	0.163868
3932	0.163865
3933	0.163859
3934	0.163857
3935	0.163845
3936	0.163838
3937	0.163831
3938	0.163826
3939	0.163825
3940	0.163824
3941	0.163814
3942	0.163813
3943	0.163812
3944	0.163812
3945	0.163810
3946	0.163807
3947	0.163807
3948	0.163805
3949	0.163804
3950	0.163802
3951	0.163790
3952	0.163769
3953	0.163767
3954	0.163762
3955	0.163744
3956	0.163742
3957	0.163722
3958	0.163718
3959	0.163705
3960	0.163694
3961	0.163687
3962	0.163687
3963	0.163685
3964	0.163683
3965	0.163680
3966	0.163678
3967	0.163664
3968	0.163662
3969	0.163656
3970	0.163655
3971	0.163655
3972	0.163652
3973	0.163649
3974	0.163648
3975	0.163646
3976	0.163645
3977	0.163636
3978	0.163624
3979	0.163609
3980	0.163599
3981	0.163597
3982	0.163590
3983	0.163588
3984	0.163581
3985	0.163578
3986	0.163578
3987	0.163574
3988	0.163569
3989	0.163547
3990	0.163520
3991	0.163509
3992	0.163495
3993	0.163494
3994	0.163480
3995	0.163474
3996	0.163474
3997	0.163472
3998	0.163461
3999	0.163461
4000	0.163460
4001	0.163457
4002	0.163456
4003	0.163455
4004	0.163433
4005	0.163426
4006	0.163426
4007	0.163424
4008	0.163423
4009	0.163419
4010	0.163407
4011	0.163401
4012	0.163391
4013	0.163389
4014	0.163385
4015	0.163369
4016	0.163364
4017	0.163362
4018	0.163349
4019	0.163347
4020	0.163337
4021	0.163327
4022	0.163321
4023	0.163318
4024	0.163315
4025	0.163309
4026	0.163305
4027	0.163304
4028	0.163297
4029	0.163283
4030	0.163258
4031	0.163242
4032	0.163240
4033	0.163239
4034	0.163235
4035	0.163218
4036	0.163213
4037	0.163213
4038	0.163213
4039	0.163211
4040	0.163205
4041	0.163201
4042	0.163200
4043	0.163198
4044	0.163198
4045	0.163175
4046	0.163174
4047	0.163171
4048	0.163169
4049	0.163163
4050	0.163163
4051	0.163159
4052	0.163155
4053	0.163151
4054	0.163150
4055	0.163146
4056	0.163146
4057	0.163139
4058	0.163138
4059	0.163117
4060	0.163110
4061	0.163103
4062	0.163101
4063	0.163090
4064	0.163089
4065	0.163083
4066	0.163070
4067	0.163067
4068	0.163062
4069	0.163060
4070	0.163059
4071	0.163050
4072	0.163029
4073	0.163025
4074	0.163023
4075	0.163017
4076	0.163016
4077	0.163014
4078	0.162999
4079	0.162998
4080	0.162991
4081	0.162989
4082	0.162987
4083	0.162987
4084	0.162974
4085	0.162970
4086	0.162964
4087	0.162960
4088	0.162955
4089	0.162946
4090	0.162943
4091	0.162940
4092	0.162929
4093	0.162928
4094	0.162923
4095	0.162918
4096	0.162918
4097	0.162909
4098	0.162900
4099	0.162895
4100	0.162895
4101	0.162890
4102	0.162885
4103	0.162882
4104	0.162880
4105	0.162875
4106	0.162849
4107	0.162829
4108	0.162825
4109	0.162824
4110	0.162807
4111	0.162805
4112	0.162797
4113	0.162797
4114	0.162790
4115	0.162786
4116	0.162783
4117	0.162782
4118	0.162780
4119	0.162768
4120	0.162766
4121	0.162759
4122	0.162759
4123	0.162750
4124	0.162740
4125	0.162734
4126	0.162725
4127	0.162721
4128	0.162717
4129	0.162713
4130	0.162708
4131	0.162705
4132	0.162701
4133	0.162690
4134	0.162688
4135	0.162686
4136	0.162686
4137	0.162683
4138	0.162671
4139	0.162670
4140	0.162670
4141	0.162657
4142	0.162656
4143	0.162656
4144	0.162650
4145	0.162643
4146	0.162634
4147	0.162620
4148	0.162600
4149	0.162592
4150	0.162572
4151	0.162568
4152	0.162558
4153	0.162540
4154	0.162509
4155	0.162503
4156	0.162495
4157	0.162493
4158	0.162488
4159	0.162468
4160	0.162466
4161	0.162466
4162	0.162462
4163	0.162460
4164	0.162457
4165	0.162453
4166	0.162442
4167	0.162439
4168	0.162436
4169	0.162430
4170	0.162429
4171	0.162428
4172	0.162424
4173	0.162414
4174	0.162401
4175	0.162394
4176	0.162392
4177	0.162391
4178	0.162391
4179	0.162390
4180	0.162388
4181	0.162374
4182	0.162368
4183	0.162356
4184	0.162351
4185	0.162346
4186	0.162343
4187	0.162336
4188	0.162330
4189	0.162327
4190	0.162321
4191	0.162305
4192	0.162304
4193	0.162296
4194	0.162285
4195	0.162279
4196	0.162276
4197	0.162271
4198	0.162268
4199	0.162265
4200	0.162257
4201	0.162251
4202	0.162249
4203	0.162243
4204	0.162238
4205	0.162233
4206	0.162225
4207	0.162223
4208	0.162212
4209	0.162211
4210	0.162203
4211	0.162199
4212	0.162198
4213	0.162197
4214	0.162193
4215	0.162188
4216	0.162184
4217	0.162142
4218	0.162137
4219	0.162131
4220	0.162129
4221	0.162117
4222	0.162099
4223	0.162096
4224	0.162095
4225	0.162093
4226	0.162086
4227	0.162062
4228	0.162056
4229	0.162029
4230	0.162014
4231	0.162002
4232	0.161978
4233	0.161963
4234	0.161957
4235	0.161952
4236	0.161950
4237	0.161938
4238	0.161931
4239	0.161927
4240	0.161926
4241	0.161911
4242	0.161910
4243	0.161905
4244	0.161903
4245	0.161888
4246	0.161879
4247	0.161876
4248	0.161869
4249	0.161862
4250	0.161859
4251	0.161855
4252	0.161844
4253	0.161843
4254	0.161840
4255	0.161838
4256	0.161834
4257	0.161827
4258	0.161808
4259	0.161805
4260	0.161797
4261	0.161786
4262	0.161782
4263	0.161773
4264	0.161769
4265	0.161758
4266	0.161745
4267	0.161735
4268	0.161734
4269	0.161731
4270	0.161728
4271	0.161715
4272	0.161706
4273	0.161706
4274	0.161704
4275	0.161692
4276	0.161681
4277	0.161678
4278	0.161670
4279	0.161666
4280	0.161658
4281	0.161656
4282	0.161648
4283	0.161630
4284	0.161613
4285	0.161610
4286	0.161607
4287	0.161593
4288	0.161587
4289	0.161584
4290	0.161571
4291	0.161568
4292	0.161543
4293	0.161530
4294	0.161519
4295	0.161516
4296	0.161511
4297	0.161482
4298	0.161477
4299	0.161474
4300	0.161471
4301	0.161467
4302	0.161459
4303	0.161451
4304	0.161444
4305	0.161442
4306	0.161432
4307	0.161420
4308	0.161408
4309	0.161370
4310	0.161370
4311	0.161370
4312	0.161361
4313	0.161357
4314	0.161349
4315	0.161347
4316	0.161344
4317	0.161339
4318	0.161331
4319	0.161324
4320	0.161312
4321	0.161311
4322	0.161302
4323	0.161298
4324	0.161294
4325	0.161284
4326	0.161283
4327	0.161280
4328	0.161277
4329	0.161269
4330	0.161252
4331	0.161249
4332	0.161241
4333	0.161239
4334	0.161225
4335	0.161224
4336	0.161212
4337	0.161207
4338	0.161206
4339	0.161205
4340	0.161156
4341	0.161150
4342	0.161135
4343	0.161131
4344	0.161127
4345	0.161122
4346	0.161119
4347	0.161107
4348	0.161091
4349	0.161086
4350	0.161051
4351	0.161045
4352	0.161042
4353	0.161013
4354	0.161007
4355	0.161005
4356	0.161003
4357	0.161003
4358	0.161003
4359	0.161001
4360	0.161001
4361	0.160997
4362	0.160988
4363	0.160979
4364	0.160964
4365	0.160963
4366	0.160953
4367	0.160933
4368	0.160933
4369	0.160933
4370	0.160927
4371	0.160910
4372	0.160899
4373	0.160893
4374	0.160890
4375	0.160877
4376	0.160869
4377	0.160856
4378	0.160852
4379	0.160847
4380	0.160847
4381	0.160842
4382	0.160838
4383	0.160837
4384	0.160831
4385	0.160827
4386	0.160827
4387	0.160827
4388	0.160824
4389	0.160813
4390	0.160803
4391	0.160796
4392	0.160776
4393	0.160772
4394	0.160754
4395	0.160743
4396	0.160732
4397	0.160731
4398	0.160724
4399	0.160696
4400	0.160686
4401	0.160684
4402	0.160681
4403	0.160677
4404	0.160674
4405	0.160669
4406	0.160657
4407	0.160655
4408	0.160648
4409	0.160631
4410	0.160620
4411	0.160614
4412	0.160604
4413	0.160599
4414	0.160591
4415	0.160585
4416	0.160578
4417	0.160568
4418	0.160568
4419	0.160553
4420	0.160551
4421	0.160537
4422	0.160532
4423	0.160525
4424	0.160517
4425	0.160515
4426	0.160503
4427	0.160502
4428	0.160493
4429	0.160488
4430	0.160483
4431	0.160469
4432	0.160462
4433	0.160460
4434	0.160456
4435	0.160448
4436	0.160447
4437	0.160445
4438	0.160445
4439	0.160444
4440	0.160439
4441	0.160432
4442	0.160421
4443	0.160411
4444	0.160397
4445	0.160373
4446	0.160370
4447	0.160369
4448	0.160368
4449	0.160351
4450	0.160346
4451	0.160344
4452	0.160333
4453	0.160330
4454	0.160323
4455	0.160306
4456	0.160301
4457	0.160292
4458	0.160267
4459	0.160261
4460	0.160246
4461	0.160237
4462	0.160236
4463	0.160233
4464	0.160220
4465	0.160219
4466	0.160200
4467	0.160196
4468	0.160193
4469	0.160190
4470	0.160188
4471	0.160187
4472	0.160172
4473	0.160166
4474	0.160149
4475	0.160147
4476	0.160135
4477	0.160124
4478	0.160122
4479	0.160119
4480	0.160116
4481	0.160115
4482	0.160111
4483	0.160111
4484	0.160105
4485	0.160094
4486	0.160086
4487	0.160070
4488	0.160048
4489	0.160046
4490	0.160038
4491	0.160032
4492	0.160030
4493	0.160029
4494	0.160005
4495	0.159990
4496	0.159975
4497	0.159968
4498	0.159943
4499	0.159940
4500	0.159937
4501	0.159927
4502	0.159912
4503	0.159908
4504	0.159906
4505	0.159898
4506	0.159895
4507	0.159894
4508	0.159890
4509	0.159880
4510	0.159876
4511	0.159873
4512	0.159861
4513	0.159861
4514	0.159853
4515	0.159843
4516	0.159841
4517	0.159839
4518	0.159837
4519	0.159831
4520	0.159823
4521	0.159817
4522	0.159816
4523	0.159810
4524	0.159807
4525	0.159801
4526	0.159800
4527	0.159791
4528	0.159775
4529	0.159770
4530	0.159769
4531	0.159760
4532	0.159751
4533	0.159731
4534	0.159726
4535	0.159712
4536	0.159711
4537	0.159698
4538	0.159688
4539	0.159664
4540	0.159661
4541	0.159657
4542	0.159648
4543	0.159637
4544	0.159634
4545	0.159633
4546	0.159629
4547	0.159627
4548	0.159616
4549	0.159610
4550	0.159607
4551	0.159599
4552	0.159585
4553	0.159577
4554	0.159576
4555	0.159572
4556	0.159571
4557	0.159560
4558	0.159555
4559	0.159547
4560	0.159546
4561	0.159544
4562	0.159509
4563	0.159508
4564	0.159502
4565	0.159497
4566	0.159494
4567	0.159493
4568	0.159481
4569	0.159475
4570	0.159455
4571	0.159444
4572	0.159442
4573	0.159427
4574	0.159421
4575	0.159420
4576	0.159419
4577	0.159415
4578	0.159415
4579	0.159411
4580	0.159403
4581	0.159394
4582	0.159386
4583	0.159384
4584	0.159365
4585	0.159328
4586	0.159317
4587	0.159314
4588	0.159309
4589	0.159299
4590	0.159288
4591	0.159275
4592	0.159268
4593	0.159260
4594	0.159256
4595	0.159250
4596	0.159247
4597	0.159237
4598	0.159224
4599	0.159220
4600	0.159201
4601	0.159192
4602	0.159175
4603	0.159171
4604	0.159135
4605	0.159117
4606	0.159080
4607	0.159075
4608	0.159057
4609	0.159055
4610	0.159054
4611	0.159049
4612	0.159043
4613	0.159041
4614	0.159038
4615	0.159035
4616	0.159031
4617	0.159030
4618	0.159021
4619	0.159005
4620	0.159005
4621	0.158972
4622	0.158969
4623	0.158958
4624	0.158947
4625	0.158925
4626	0.158916
4627	0.158897
4628	0.158893
4629	0.158887
4630	0.158886
4631	0.158870
4632	0.158864
4633	0.158861
4634	0.158861
4635	0.158844
4636	0.158829
4637	0.158786
4638	0.158783
4639	0.158772
4640	0.158749
4641	0.158746
4642	0.158718
4643	0.158718
4644	0.158712
4645	0.158703
4646	0.158689
4647	0.158682
4648	0.158668
4649	0.158663
4650	0.158662
4651	0.158659
4652	0.158650
4653	0.158645
4654	0.158639
4655	0.158635
4656	0.158632
4657	0.158612
4658	0.158606
4659	0.158605
4660	0.158596
4661	0.158543
4662	0.158541
4663	0.158537
4664	0.158526
4665	0.158517
4666	0.158511
4667	0.158502
4668	0.158499
4669	0.158495
4670	0.158490
4671	0.158476
4672	0.158464
4673	0.158455
4674	0.158424
4675	0.158421
4676	0.158420
4677	0.158415
4678	0.158407
4679	0.158405
4680	0.158404
4681	0.158373
4682	0.158342
4683	0.158337
4684	0.158335
4685	0.158319
4686	0.158316
4687	0.158305
4688	0.158303
4689	0.158298
4690	0.158297
4691	0.158292
4692	0.158289
4693	0.158275
4694	0.158274
4695	0.158271
4696	0.158269
4697	0.158263
4698	0.158255
4699	0.158252
4700	0.158222
4701	0.158218
4702	0.158208
4703	0.158201
4704	0.158200
4705	0.158200
4706	0.158198
4707	0.158192
4708	0.158185
4709	0.158180
4710	0.158173
4711	0.158171
4712	0.158164
4713	0.158160
4714	0.158151
4715	0.158135
4716	0.158132
4717	0.158129
4718	0.158128
4719	0.158127
4720	0.158121
4721	0.158114
4722	0.158109
4723	0.158105
4724	0.158098
4725	0.158074
4726	0.158071
4727	0.158059
4728	0.158032
4729	0.158022
4730	0.158001
4731	0.157980
4732	0.157979
4733	0.157978
4734	0.157975
4735	0.157974
4736	0.157970
4737	0.157956
4738	0.157948
4739	0.157899
4740	0.157891
4741	0.157887
4742	0.157885
4743	0.157883
4744	0.157877
4745	0.157870
4746	0.157852
4747	0.157849
4748	0.157836
4749	0.157834
4750	0.157829
4751	0.157811
4752	0.157809
4753	0.157804
4754	0.157785
4755	0.157770
4756	0.157758
4757	0.157742
4758	0.157739
4759	0.157736
4760	0.157735
4761	0.157721
4762	0.157707
4763	0.157682
4764	0.157678
4765	0.157672
4766	0.157657
4767	0.157654
4768	0.157652
4769	0.157617
4770	0.157592
4771	0.157584
4772	0.157555
4773	0.157536
4774	0.157533
4775	0.157526
4776	0.157514
4777	0.157507
4778	0.157500
4779	0.157494
4780	0.157469
4781	0.157468
4782	0.157463
4783	0.157459
4784	0.157455
4785	0.157453
4786	0.157452
4787	0.157451
4788	0.157414
4789	0.157400
4790	0.157396
4791	0.157388
4792	0.157372
4793	0.157369
4794	0.157366
4795	0.157364
4796	0.157350
4797	0.157337
4798	0.157336
4799	0.157323
4800	0.157320
4801	0.157302
4802	0.157288
4803	0.157278
4804	0.157277
4805	0.157271
4806	0.157264
4807	0.157241
4808	0.157238
4809	0.157237
4810	0.157234
4811	0.157233
4812	0.157214
4813	0.157205
4814	0.157205
4815	0.157201
4816	0.157189
4817	0.157186
4818	0.157169
4819	0.157167
4820	0.157158
4821	0.157147
4822	0.157146
4823	0.157144
4824	0.157126
4825	0.157125
4826	0.157117
4827	0.157115
4828	0.157112
4829	0.157110
4830	0.157096
4831	0.157083
4832	0.157081
4833	0.157054
4834	0.157054
4835	0.157054
4836	0.157054
4837	0.157025
4838	0.157006
4839	0.156996
4840	0.156992
4841	0.156982
4842	0.156979
4843	0.156971
4844	0.156961
4845	0.156949
4846	0.156947
4847	0.156941
4848	0.156939
4849	0.156908
4850	0.156903
4851	0.156902
4852	0.156896
4853	0.156862
4854	0.156860
4855	0.156858
4856	0.156836
4857	0.156833
4858	0.156808
4859	0.156807
4860	0.156791
4861	0.156791
4862	0.156785
4863	0.156783
4864	0.156750
4865	0.156737
4866	0.156735
4867	0.156720
4868	0.156718
4869	0.156717
4870	0.156712
4871	0.156675
4872	0.156666
4873	0.156665
4874	0.156659
4875	0.156651
4876	0.156647
4877	0.156608
4878	0.156608
4879	0.156604
4880	0.156599
4881	0.156555
4882	0.156550
4883	0.156532
4884	0.156524
4885	0.156522
4886	0.156517
4887	0.156509
4888	0.156495
4889	0.156489
4890	0.156482
4891	0.156480
4892	0.156479
4893	0.156477
4894	0.156465
4895	0.156457
4896	0.156451
4897	0.156450
4898	0.156448
4899	0.156432
4900	0.156429
4901	0.156414
4902	0.156402
4903	0.156383
4904	0.156370
4905	0.156370
4906	0.156368
4907	0.156363
4908	0.156347
4909	0.156346
4910	0.156346
4911	0.156340
4912	0.156328
4913	0.156319
4914	0.156319
4915	0.156307
4916	0.156307
4917	0.156297
4918	0.156275
4919	0.156258
4920	0.156257
4921	0.156252
4922	0.156252
4923	0.156249
4924	0.156243
4925	0.156235
4926	0.156235
4927	0.156225
4928	0.156222
4929	0.156212
4930	0.156211
4931	0.156199
4932	0.156198
4933	0.156178
4934	0.156175
4935	0.156156
4936	0.156152
4937	0.156130
4938	0.156121
4939	0.156108
4940	0.156107
4941	0.156104
4942	0.156090
4943	0.156086
4944	0.156078
4945	0.156074
4946	0.156064
4947	0.156062
4948	0.156057
4949	0.156037
4950	0.156021
4951	0.156018
4952	0.156012
4953	0.156011
4954	0.156003
4955	0.156000
4956	0.155993
4957	0.155991
4958	0.155985
4959	0.155977
4960	0.155970
4961	0.155958
4962	0.155955
4963	0.155947
4964	0.155945
4965	0.155915
4966	0.155913
4967	0.155882
4968	0.155881
4969	0.155872
4970	0.155871
4971	0.155861
4972	0.155846
4973	0.155842
4974	0.155838
4975	0.155822
4976	0.155821
4977	0.155808
4978	0.155807
4979	0.155805
4980	0.155796
4981	0.155793
4982	0.155792
4983	0.155781
4984	0.155777
4985	0.155769
4986	0.155765
4987	0.155761
4988	0.155748
4989	0.155739
4990	0.155732
4991	0.155729
4992	0.155721
4993	0.155712
4994	0.155709
4995	0.155705
4996	0.155698
4997	0.155661
4998	0.155652
4999	0.155651
5000	0.155639
5001	0.155633
5002	0.155631
5003	0.155630
5004	0.155619
5005	0.155613
5006	0.155610
5007	0.155607
5008	0.155574
5009	0.155554
5010	0.155552
5011	0.155543
5012	0.155543
5013	0.155541
5014	0.155509
5015	0.155508
5016	0.155505
5017	0.155502
5018	0.155496
5019	0.155487
5020	0.155473
5021	0.155441
5022	0.155417
5023	0.155413
5024	0.155411
5025	0.155403
5026	0.155403
5027	0.155370
5028	0.155367
5029	0.155364
5030	0.155341
5031	0.155323
5032	0.155320
5033	0.155314
5034	0.155314
5035	0.155313
5036	0.155297
5037	0.155273
5038	0.155269
5039	0.155267
5040	0.155260
5041	0.155257
5042	0.155248
5043	0.155247
5044	0.155232
5045	0.155221
5046	0.155219
5047	0.155215
5048	0.155210
5049	0.155185
5050	0.155181
5051	0.155180
5052	0.155180
5053	0.155154
5054	0.155151
5055	0.155149
5056	0.155148
5057	0.155141
5058	0.155135
5059	0.155126
5060	0.155110
5061	0.155107
5062	0.155107
5063	0.155106
5064	0.155102
5065	0.155094
5066	0.155089
5067	0.155089
5068	0.155085
5069	0.155075
5070	0.155057
5071	0.155054
5072	0.155047
5073	0.155039
5074	0.155035
5075	0.155031
5076	0.155029
5077	0.155018
5078	0.155016
5079	0.155012
5080	0.155010
5081	0.155008
5082	0.154992
5083	0.154988
5084	0.154985
5085	0.154976
5086	0.154976
5087	0.154973
5088	0.154968
5089	0.154960
5090	0.154957
5091	0.154955
5092	0.154945
5093	0.154939
5094	0.154932
5095	0.154914
5096	0.154901
5097	0.154898
5098	0.154872
5099	0.154870
5100	0.154850
5101	0.154840
5102	0.154832
5103	0.154832
5104	0.154775
5105	0.154771
5106	0.154758
5107	0.154755
5108	0.154737
5109	0.154733
5110	0.154726
5111	0.154708
5112	0.154703
5113	0.154665
5114	0.154622
5115	0.154617
5116	0.154617
5117	0.154581
5118	0.154579
5119	0.154568
5120	0.154537
5121	0.154526
5122	0.154476
5123	0.154473
5124	0.154470
5125	0.154460
5126	0.154443
5127	0.154442
5128	0.154432
5129	0.154428
5130	0.154420
5131	0.154403
5132	0.154400
5133	0.154395
5134	0.154356
5135	0.154335
5136	0.154324
5137	0.154315
5138	0.154303
5139	0.154303
5140	0.154299
5141	0.154283
5142	0.154272
5143	0.154270
5144	0.154267
5145	0.154263
5146	0.154257
5147	0.154245
5148	0.154245
5149	0.154244
5150	0.154228
5151	0.154198
5152	0.154194
5153	0.154189
5154	0.154186
5155	0.154180
5156	0.154174
5157	0.154173
5158	0.154156
5159	0.154139
5160	0.154135
5161	0.154130
5162	0.154114
5163	0.154114
5164	0.154112
5165	0.154107
5166	0.154101
5167	0.154097
5168	0.154093
5169	0.154081
5170	0.154077
5171	0.154075
5172	0.154072
5173	0.154069
5174	0.154059
5175	0.154054
5176	0.154041
5177	0.154028
5178	0.154011
5179	0.154004
5180	0.153998
5181	0.153981
5182	0.153979
5183	0.153977
5184	0.153977
5185	0.153974
5186	0.153972
5187	0.153969
5188	0.153959
5189	0.153943
5190	0.153935
5191	0.153929
5192	0.153923
5193	0.153912
5194	0.153899
5195	0.153893
5196	0.153887
5197	0.153879
5198	0.153877
5199	0.153869
5200	0.153861
5201	0.153856
5202	0.153854
5203	0.153851
5204	0.153847
5205	0.153844
5206	0.153819
5207	0.153792
5208	0.153788
5209	0.153776
5210	0.153774
5211	0.153754
5212	0.153746
5213	0.153740
5214	0.153724
5215	0.153721
5216	0.153715
5217	0.153698
5218	0.153690
5219	0.153680
5220	0.153676
5221	0.153662
5222	0.153661
5223	0.153658
5224	0.153643
5225	0.153627
5226	0.153621
5227	0.153601
5228	0.153600
5229	0.153594
5230	0.153593
5231	0.153587
5232	0.153570
5233	0.153547
5234	0.153546
5235	0.153529
5236	0.153493
5237	0.153488
5238	0.153488
5239	0.153482
5240	0.153478
5241	0.153475
5242	0.153473
5243	0.153467
5244	0.153434
5245	0.153432
5246	0.153431
5247	0.153430
5248	0.153418
5249	0.153414
5250	0.153402
5251	0.153400
5252	0.153400
5253	0.153398
5254	0.153376
5255	0.153361
5256	0.153356
5257	0.153355
5258	0.153354
5259	0.153349
5260	0.153324
5261	0.153300
5262	0.153295
5263	0.153291
5264	0.153252
5265	0.153234
5266	0.153232
5267	0.153232
5268	0.153220
5269	0.153193
5270	0.153177
5271	0.153163
5272	0.153147
5273	0.153133
5274	0.153104
5275	0.153100
5276	0.153099
5277	0.153089
5278	0.153088
5279	0.153060
5280	0.153057
5281	0.153057
5282	0.153051
5283	0.153051
5284	0.153046
5285	0.153045
5286	0.153023
5287	0.153005
5288	0.152974
5289	0.152973
5290	0.152971
5291	0.152946
5292	0.152934
5293	0.152932
5294	0.152927
5295	0.152902
5296	0.152895
5297	0.152861
5298	0.152854
5299	0.152850
5300	0.152842
5301	0.152830
5302	0.152824
5303	0.152813
5304	0.152808
5305	0.152783
5306	0.152782
5307	0.152779
5308	0.152771
5309	0.152771
5310	0.152741
5311	0.152727
5312	0.152706
5313	0.152698
5314	0.152684
5315	0.152677
5316	0.152662
5317	0.152657
5318	0.152650
5319	0.152625
5320	0.152613
5321	0.152612
5322	0.152605
5323	0.152600
5324	0.152554
5325	0.152462
5326	0.152451
5327	0.152441
5328	0.152438
5329	0.152430
5330	0.152423
5331	0.152389
5332	0.152384
5333	0.152378
5334	0.152373
5335	0.152371
5336	0.152365
5337	0.152360
5338	0.152354
5339	0.152346
5340	0.152336
5341	0.152331
5342	0.152327
5343	0.152245
5344	0.152225
5345	0.152196
5346	0.152180
5347	0.152179
5348	0.152169
5349	0.152150
5350	0.152141
5351	0.152132
5352	0.152113
5353	0.152109
5354	0.152082
5355	0.152078
5356	0.152071
5357	0.152058
5358	0.152057
5359	0.152053
5360	0.152053
5361	0.152028
5362	0.152020
5363	0.152012
5364	0.152006
5365	0.151995
5366	0.151994
5367	0.151986
5368	0.151982
5369	0.151974
5370	0.151969
5371	0.151964
5372	0.151930
5373	0.151917
5374	0.151913
5375	0.151909
5376	0.151905
5377	0.151896
5378	0.151870
5379	0.151864
5380	0.151853
5381	0.151846
5382	0.151818
5383	0.151792
5384	0.151792
5385	0.151784
5386	0.151774
5387	0.151755
5388	0.151753
5389	0.151736
5390	0.151704
5391	0.151697
5392	0.151688
5393	0.151681
5394	0.151668
5395	0.151666
5396	0.151664
5397	0.151663
5398	0.151659
5399	0.151598
5400	0.151581
5401	0.151577
5402	0.151570
5403	0.151541
5404	0.151534
5405	0.151514
5406	0.151507
5407	0.151495
5408	0.151476
5409	0.151475
5410	0.151456
5411	0.151451
5412	0.151429
5413	0.151410
5414	0.151396
5415	0.151394
5416	0.151389
5417	0.151385
5418	0.151384
5419	0.151382
5420	0.151369
5421	0.151349
5422	0.151331
5423	0.151324
5424	0.151308
5425	0.151293
5426	0.151292
5427	0.151282
5428	0.151266
5429	0.151252
5430	0.151232
5431	0.151230
5432	0.151220
5433	0.151202
5434	0.151176
5435	0.151175
5436	0.151173
5437	0.151153
5438	0.151148
5439	0.151143
5440	0.151135
5441	0.151115
5442	0.151102
5443	0.151099
5444	0.151093
5445	0.151072
5446	0.151067
5447	0.151054
5448	0.151038
5449	0.151016
5450	0.151011
5451	0.151003
5452	0.151000
5453	0.150993
5454	0.150968
5455	0.150968
5456	0.150937
5457	0.150920
5458	0.150914
5459	0.150905
5460	0.150885
5461	0.150876
5462	0.150855
5463	0.150835
5464	0.150827
5465	0.150775
5466	0.150737
5467	0.150733
5468	0.150731
5469	0.150719
5470	0.150701
5471	0.150693
5472	0.150661
5473	0.150627
5474	0.150605
5475	0.150592
5476	0.150591
5477	0.150584
5478	0.150582
5479	0.150565
5480	0.150564
5481	0.150560
5482	0.150553
5483	0.150547
5484	0.150538
5485	0.150533
5486	0.150503
5487	0.150499
5488	0.150498
5489	0.150495
5490	0.150494
5491	0.150484
5492	0.150481
5493	0.150479
5494	0.150468
5495	0.150445
5496	0.150413
5497	0.150410
5498	0.150410
5499	0.150396
5500	0.150391
5501	0.150388
5502	0.150379
5503	0.150375
5504	0.150353
5505	0.150348
5506	0.150300
5507	0.150286
5508	0.150283
5509	0.150255
5510	0.150254
5511	0.150252
5512	0.150231
5513	0.150226
5514	0.150216
5515	0.150206
5516	0.150193
5517	0.150192
5518	0.150189
5519	0.150147
5520	0.150146
5521	0.150130
5522	0.150058
5523	0.150016
5524	0.150006
5525	0.150001
5526	0.149994
5527	0.149988
5528	0.149973
5529	0.149963
5530	0.149950
5531	0.149927
5532	0.149910
5533	0.149910
5534	0.149890
5535	0.149834
5536	0.149812
5537	0.149807
5538	0.149786
5539	0.149777
5540	0.149769
5541	0.149741
5542	0.149735
5543	0.149716
5544	0.149651
5545	0.149639
5546	0.149636
5547	0.149632
5548	0.149610
5549	0.149595
5550	0.149523
5551	0.149490
5552	0.149465
5553	0.149457
5554	0.149447
5555	0.149426
5556	0.149409
5557	0.149401
5558	0.149394
5559	0.149389
5560	0.149383
5561	0.149369
5562	0.149368
5563	0.149358
5564	0.149334
5565	0.149280
5566	0.149267
5567	0.149257
5568	0.149248
5569	0.149244
5570	0.149224
5571	0.149203
5572	0.149191
5573	0.149183
5574	0.149156
5575	0.149147
5576	0.149126
5577	0.149123
5578	0.149109
5579	0.149108
5580	0.149084
5581	0.149077
5582	0.149070
5583	0.149069
5584	0.149055
5585	0.149055
5586	0.149049
5587	0.149013
5588	0.149007
5589	0.149000
5590	0.148974
5591	0.148957
5592	0.148956
5593	0.148948
5594	0.148937
5595	0.148926
5596	0.148913
5597	0.148906
5598	0.148906
5599	0.148900
5600	0.148898
5601	0.148863
5602	0.148853
5603	0.148851
5604	0.148829
5605	0.148815
5606	0.148808
5607	0.148797
5608	0.148746
5609	0.148739
5610	0.148738
5611	0.148737
5612	0.148733
5613	0.148728
5614	0.148722
5615	0.148709
5616	0.148703
5617	0.148678
5618	0.148660
5619	0.148659
5620	0.148657
5621	0.148647
5622	0.148613
5623	0.148576
5624	0.148576
5625	0.148556
5626	0.148549
5627	0.148541
5628	0.148492
5629	0.148465
5630	0.148449
5631	0.148449
5632	0.148442
5633	0.148432
5634	0.148420
5635	0.148420
5636	0.148405
5637	0.148402
5638	0.148374
5639	0.148371
5640	0.148347
5641	0.148330
5642	0.148314
5643	0.148305
5644	0.148298
5645	0.148297
5646	0.148268
5647	0.148268
5648	0.148252
5649	0.148228
5650	0.148221
5651	0.148221
5652	0.148207
5653	0.148201
5654	0.148186
5655	0.148149
5656	0.148137
5657	0.148114
5658	0.148091
5659	0.148089
5660	0.148065
5661	0.148013
5662	0.148005
5663	0.148002
5664	0.147993
5665	0.147991
5666	0.147966
5667	0.147950
5668	0.147941
5669	0.147930
5670	0.147896
5671	0.147857
5672	0.147856
5673	0.147807
5674	0.147799
5675	0.147794
5676	0.147784
5677	0.147733
5678	0.147732
5679	0.147731
5680	0.147721
5681	0.147714
5682	0.147708
5683	0.147705
5684	0.147658
5685	0.147639
5686	0.147560
5687	0.147548
5688	0.147522
5689	0.147474
5690	0.147466
5691	0.147450
5692	0.147450
5693	0.147382
5694	0.147379
5695	0.147359
5696	0.147352
5697	0.147325
5698	0.147289
5699	0.147288
5700	0.147276
5701	0.147245
5702	0.147240
5703	0.147230
5704	0.147224
5705	0.147220
5706	0.147218
5707	0.147196
5708	0.147181
5709	0.147164
5710	0.147155
5711	0.147135
5712	0.147124
5713	0.147108
5714	0.147108
5715	0.147104
5716	0.147102
5717	0.147093
5718	0.147074
5719	0.147073
5720	0.147071
5721	0.147018
5722	0.146986
5723	0.146972
5724	0.146933
5725	0.146923
5726	0.146899
5727	0.146845
5728	0.146814
5729	0.146807
5730	0.146800
5731	0.146746
5732	0.146726
5733	0.146714
5734	0.146710
5735	0.146639
5736	0.146583
5737	0.146576
5738	0.146552
5739	0.146539
5740	0.146466
5741	0.146456
5742	0.146431
5743	0.146393
5744	0.146388
5745	0.146380
5746	0.146356
5747	0.146331
5748	0.146309
5749	0.146306
5750	0.146298
5751	0.146294
5752	0.146285
5753	0.146281
5754	0.146261
5755	0.146257
5756	0.146221
5757	0.146216
5758	0.146197
5759	0.146173
5760	0.146163
5761	0.146152
5762	0.146137
5763	0.146127
5764	0.146113
5765	0.146112
5766	0.146109
5767	0.146100
5768	0.146090
5769	0.146071
5770	0.146067
5771	0.146041
5772	0.145998
5773	0.145956
5774	0.145901
5775	0.145889
5776	0.145871
5777	0.145751
5778	0.145727
5779	0.145661
5780	0.145645
5781	0.145643
5782	0.145638
5783	0.145554
5784	0.145537
5785	0.145494
5786	0.145404
5787	0.145375
5788	0.145374
5789	0.145319
5790	0.145309
5791	0.145295
5792	0.145289
5793	0.145212
5794	0.145193
5795	0.145125
5796	0.145102
5797	0.145102
5798	0.145101
5799	0.145094
5800	0.145064
5801	0.145057
5802	0.145003
5803	0.144990
5804	0.144982
5805	0.144959
5806	0.144940
5807	0.144935
5808	0.144833
5809	0.144799
5810	0.144799
5811	0.144775
5812	0.144719
5813	0.144715
5814	0.144647
5815	0.144629
5816	0.144594
5817	0.144573
5818	0.144573
5819	0.144531
5820	0.144529
5821	0.144524
5822	0.144509
5823	0.144493
5824	0.144492
5825	0.144486
5826	0.144482
5827	0.144420
5828	0.144411
5829	0.144321
5830	0.144233
5831	0.144221
5832	0.144217
5833	0.144210
5834	0.144160
5835	0.144141
5836	0.144122
5837	0.144077
5838	0.144066
5839	0.144049
5840	0.143997
5841	0.143919
5842	0.143837
5843	0.143819
5844	0.143794
5845	0.143759
5846	0.143751
5847	0.143748
5848	0.143745
5849	0.143710
5850	0.143677
5851	0.143673
5852	0.143665
5853	0.143593
5854	0.143579
5855	0.143545
5856	0.143531
5857	0.143518
5858	0.143498
5859	0.143483
5860	0.143431
5861	0.143416
5862	0.143400
5863	0.143308
5864	0.143239
5865	0.143236
5866	0.143233
5867	0.143192
5868	0.143120
5869	0.143115
5870	0.143043
5871	0.143040
5872	0.142996
5873	0.142979
5874	0.142944
5875	0.142861
5876	0.142798
5877	0.142779
5878	0.142726
5879	0.142685
5880	0.142684
5881	0.142657
5882	0.142647
5883	0.142620
5884	0.142507
5885	0.142437
5886	0.142435
5887	0.142416
5888	0.142410
5889	0.142357
5890	0.142350
5891	0.142335
5892	0.142335
5893	0.142331
5894	0.142292
5895	0.142239
5896	0.142213
5897	0.142159
5898	0.142149
5899	0.142135
5900	0.142133
5901	0.142066
5902	0.142063
5903	0.142038
5904	0.142037
5905	0.141998
5906	0.141697
5907	0.141680
5908	0.141673
5909	0.141610
5910	0.141592
5911	0.141470
5912	0.141464
5913	0.141433
5914	0.141422
5915	0.141397
5916	0.141327
5917	0.141281
5918	0.141277
5919	0.141264
5920	0.141242
5921	0.141235
5922	0.141220
5923	0.141146
5924	0.141110
5925	0.141088
5926	0.141077
5927	0.141030
5928	0.140958
5929	0.140903
5930	0.140867
5931	0.140853
5932	0.140805
5933	0.140798
5934	0.140729
5935	0.140701
5936	0.140694
5937	0.140690
5938	0.140564
5939	0.140494
5940	0.140484
5941	0.140479
5942	0.140412
5943	0.140400
5944	0.140323
5945	0.140321
5946	0.140245
5947	0.140202
5948	0.140172
5949	0.140171
5950	0.140161
5951	0.140098
5952	0.140035
5953	0.139975
5954	0.139932
5955	0.139862
5956	0.139825
5957	0.139825
5958	0.139714
5959	0.139684
5960	0.139555
5961	0.139551
5962	0.139543
5963	0.139502
5964	0.139493
5965	0.139474
5966	0.139464
5967	0.139430
5968	0.139331
5969	0.139264
5970	0.139263
5971	0.139260
5972	0.139163
5973	0.139144
5974	0.139055
5975	0.139037
5976	0.138939
5977	0.138926
5978	0.138906
5979	0.138775
5980	0.138738
5981	0.138511
5982	0.138511
5983	0.138462
5984	0.138455
5985	0.138397
5986	0.138136
5987	0.138103
5988	0.138046
5989	0.137957
5990	0.137937
5991	0.137847
5992	0.137590
5993	0.137253
5994	0.137175
5995	0.137121
5996	0.137050
5997	0.136891
5998	0.136890
5999	0.136849
6000	0.136849
6001	0.136845
6002	0.136414
6003	0.136355
6004	0.136248
6005	0.136213
6006	0.135976
6007	0.135752
6008	0.135708
6009	0.135309
6010	0.135094
6011	0.135000
6012	0.134984
6013	0.134915
6014	0.134721
6015	0.134378
6016	0.133818
6017	0.133761
6018	0.133753
6019	0.133741
6020	0.133694
6021	0.133582
6022	0.133577
6023	0.133552
6024	0.133428
6025	0.133195
6026	0.132803
6027	0.132724
6028	0.132558
6029	0.132351
6030	0.132299
6031	0.132061
6032	0.131951
6033	0.131300
6034	0.131258
6035	0.130589
6036	0.130352
6037	0.130137
6038	0.129802
6039	0.127935
