0	1.000000
1	0.965486
2	0.933143
3	0.920274
4	0.918350
5	0.905463
6	0.901593
7	0.889444
8	0.886005
9	0.877060
10	0.871257
11	0.861360
12	0.859099
13	0.857689
14	0.855609
15	0.855445
16	0.854419
17	0.854094
18	0.847199
19	0.846923
20	0.845726
21	0.844543
22	0.842454
23	0.841348
24	0.840819
25	0.838481
26	0.837717
27	0.835838
28	0.832851
29	0.823667
30	0.823524
31	0.821409
32	0.820712
33	0.819768
34	0.819681
35	0.818013
36	0.815938
37	0.813247
38	0.812527
39	0.812184
40	0.809920
41	0.809810
42	0.809523
43	0.807779
44	0.806389
45	0.806035
46	0.805803
47	0.804228
48	0.802560
49	0.801822
50	0.801321
51	0.801303
52	0.801184
53	0.797736
54	0.797437
55	0.796830
56	0.795835
57	0.795740
58	0.791981
59	0.791105
60	0.789475
61	0.789075
62	0.788405
63	0.787094
64	0.786139
65	0.785509
66	0.784738
67	0.784157
68	0.783897
69	0.783744
70	0.782739
71	0.781925
72	0.780760
73	0.780261
74	0.779503
75	0.778652
76	0.776417
77	0.776327
78	0.773835
79	0.773663
80	0.773659
81	0.773167
82	0.771866
83	0.771733
84	0.771329
85	0.770924
86	0.770644
87	0.770315
88	0.770001
89	0.768737
90	0.768735
91	0.768616
92	0.768507
93	0.768466
94	0.767940
95	0.767053
96	0.766967
97	0.766275
98	0.765757
99	0.765673
100	0.765432
101	0.765118
102	0.762487
103	0.761217
104	0.761079
105	0.759523
106	0.758792
107	0.758547
108	0.757909
109	0.757882
110	0.757404
111	0.756956
112	0.756549
113	0.756321
114	0.755453
115	0.755302
116	0.755249
117	0.755215
118	0.754357
119	0.754212
120	0.754161
121	0.752887
122	0.752674
123	0.752588
124	0.751795
125	0.751429
126	0.751296
127	0.751288
128	0.750365
129	0.750188
130	0.750079
131	0.749563
132	0.749384
133	0.749146
134	0.749124
135	0.748975
136	0.748903
137	0.746821
138	0.746809
139	0.746414
140	0.746297
141	0.745559
142	0.745078
143	0.744573
144	0.744365
145	0.744334
146	0.744135
147	0.744063
148	0.743885
149	0.743654
150	0.743605
151	0.743579
152	0.743340
153	0.743326
154	0.742979
155	0.742797
156	0.742109
157	0.741893
158	0.741696
159	0.741503
160	0.741389
161	0.740488
162	0.740254
163	0.740236
164	0.740220
165	0.739813
166	0.739598
167	0.739481
168	0.739191
169	0.739185
170	0.739160
171	0.738857
172	0.738636
173	0.738562
174	0.738319
175	0.738164
176	0.737722
177	0.737703
178	0.737666
179	0.737097
180	0.737062
181	0.736863
182	0.736606
183	0.736502
184	0.736428
185	0.736327
186	0.735598
187	0.734694
188	0.733987
189	0.733442
190	0.733439
191	0.732934
192	0.732505
193	0.732004
194	0.731779
195	0.731358
196	0.730625
197	0.730529
198	0.730294
199	0.730186
200	0.730087
201	0.729714
202	0.729406
203	0.729348
204	0.729039
205	0.728917
206	0.728843
207	0.728637
208	0.728417
209	0.728283
210	0.728189
211	0.728096
212	0.727548
213	0.727313
214	0.727068
215	0.726435
216	0.726423
217	0.726381
218	0.726213
219	0.725926
220	0.725720
221	0.725239
222	0.725092
223	0.724988
224	0.724950
225	0.724949
226	0.724683
227	0.724575
228	0.724544
229	0.724419
230	0.724312
231	0.724235
232	0.724216
233	0.723446
234	0.723267
235	0.723090
236	0.723019
237	0.722809
238	0.722071
239	0.722000
240	0.721632
241	0.721119
242	0.721112
243	0.721046
244	0.720803
245	0.720700
246	0.720462
247	0.720421
248	0.719910
249	0.719868
250	0.719859
251	0.719761
252	0.719588
253	0.719472
254	0.718411
255	0.718379
256	0.718365
257	0.717972
258	0.717770
259	0.717761
260	0.717694
261	0.717432
262	0.717338
263	0.717273
264	0.716705
265	0.716543
266	0.716397
267	0.716375
268	0.716282
269	0.716279
270	0.716240
271	0.715988
272	0.715932
273	0.715871
274	0.715867
275	0.715827
276	0.715734
277	0.715575
278	0.715495
279	0.715377
280	0.715284
281	0.714938
282	0.714632
283	0.714277
284	0.713771
285	0.713768
286	0.713677
287	0.713380
288	0.713210
289	0.712895
290	0.712685
291	0.712637
292	0.712518
293	0.712410
294	0.712319
295	0.711751
296	0.711549
297	0.711160
298	0.710882
299	0.710675
300	0.710588
301	0.710395
302	0.710188
303	0.710167
304	0.710094
305	0.709834
306	0.709625
307	0.709449
308	0.709420
309	0.709331
310	0.709313
311	0.708647
312	0.708492
313	0.708317
314	0.708245
315	0.708072
316	0.707784
317	0.707687
318	0.707602
319	0.707300
320	0.707228
321	0.707166
322	0.706968
323	0.706906
324	0.706873
325	0.706822
326	0.706801
327	0.706579
328	0.706538
329	0.706496
330	0.706406
331	0.706219
332	0.706201
333	0.706105
334	0.706043
335	0.705840
336	0.705832
337	0.705807
338	0.705447
339	0.705284
340	0.705226
341	0.705185
342	0.705057
343	0.705009
344	0.704831
345	0.704755
346	0.704484
347	0.704468
348	0.704438
349	0.703799
350	0.703722
351	0.703708
352	0.703570
353	0.703322
354	0.702990
355	0.702718
356	0.702609
357	0.702536
358	0.702398
359	0.702366
360	0.702339
361	0.702172
362	0.702133
363	0.702119
364	0.702119
365	0.701965
366	0.701802
367	0.701775
368	0.701658
369	0.701004
370	0.700700
371	0.700510
372	0.700496
373	0.700362
374	0.700342
375	0.700114
376	0.700038
377	0.699922
378	0.699669
379	0.699437
380	0.699426
381	0.699229
382	0.699064
383	0.699021
384	0.698979
385	0.698935
386	0.698795
387	0.698781
388	0.698665
389	0.698610
390	0.698290
391	0.698233
392	0.698151
393	0.698023
394	0.697784
395	0.697753
396	0.697408
397	0.697322
398	0.697144
399	0.697025
400	0.696846
401	0.696636
402	0.696463
403	0.696310
404	0.696120
405	0.696097
406	0.695569
407	0.695468
408	0.695455
409	0.694987
410	0.694840
411	0.694748
412	0.694521
413	0.694511
414	0.694374
415	0.694359
416	0.693940
417	0.693873
418	0.693849
419	0.693651
420	0.693538
421	0.693282
422	0.693131
423	0.692953
424	0.692769
425	0.692727
426	0.692692
427	0.692449
428	0.692443
429	0.692361
430	0.692332
431	0.692180
432	0.692056
433	0.692028
434	0.691971
435	0.691637
436	0.691567
437	0.691421
438	0.691419
439	0.691184
440	0.691143
441	0.690817
442	0.690634
443	0.690611
444	0.690469
445	0.690367
446	0.690217
447	0.690110
448	0.689863
449	0.689789
450	0.689730
451	0.689604
452	0.689390
453	0.689106
454	0.689103
455	0.689098
456	0.689078
457	0.689044
458	0.689024
459	0.688998
460	0.688797
461	0.688641
462	0.688516
463	0.688504
464	0.688368
465	0.688217
466	0.688182
467	0.688087
468	0.688004
469	0.687916
470	0.687759
471	0.687748
472	0.687707
473	0.687626
474	0.687578
475	0.687451
476	0.687376
477	0.687300
478	0.687202
479	0.686642
480	0.686482
481	0.686448
482	0.686197
483	0.685979
484	0.685930
485	0.685823
486	0.685760
487	0.685711
488	0.685681
489	0.685588
490	0.685568
491	0.685478
492	0.685359
493	0.685276
494	0.684840
495	0.684740
496	0.684558
497	0.684401
498	0.684281
499	0.684247
500	0.684243
501	0.684147
502	0.684127
503	0.684051
504	0.684039
505	0.684018
506	0.683962
507	0.683866
508	0.683815
509	0.683598
510	0.683505
511	0.683413
512	0.683190
513	0.682907
514	0.682717
515	0.682628
516	0.682622
517	0.682607
518	0.682472
519	0.682395
520	0.682321
521	0.682215
522	0.682193
523	0.682158
524	0.681985
525	0.681780
526	0.681767
527	0.681753
528	0.681704
529	0.681598
530	0.681584
531	0.681578
532	0.681575
533	0.681532
534	0.681474
535	0.681400
536	0.681372
537	0.681336
538	0.681312
539	0.681205
540	0.681198
541	0.681026
542	0.681020
543	0.680826
544	0.680811
545	0.680751
546	0.680697
547	0.680650
548	0.680571
549	0.680523
550	0.680512
551	0.680486
552	0.680262
553	0.680156
554	0.680148
555	0.680114
556	0.680078
557	0.680053
558	0.679938
559	0.679869
560	0.679753
561	0.679751
562	0.679749
563	0.679738
564	0.679735
565	0.679565
566	0.679540
567	0.679518
568	0.679348
569	0.679306
570	0.679221
571	0.679169
572	0.678988
573	0.678964
574	0.678870
575	0.678789
576	0.678778
577	0.678756
578	0.678605
579	0.678585
580	0.678556
581	0.678528
582	0.678419
583	0.678022
584	0.677888
585	0.677840
586	0.677838
587	0.677783
588	0.677703
589	0.677690
590	0.677674
591	0.677633
592	0.677572
593	0.677385
594	0.677298
595	0.677277
596	0.677237
597	0.677115
598	0.676891
599	0.676872
600	0.676755
601	0.676735
602	0.676558
603	0.676527
604	0.676469
605	0.676349
606	0.676333
607	0.676278
608	0.676118
609	0.676081
610	0.676038
611	0.675998
612	0.675774
613	0.675740
614	0.675691
615	0.675480
616	0.675457
617	0.675407
618	0.675345
619	0.675303
620	0.675252
621	0.675177
622	0.674942
623	0.674922
624	0.674840
625	0.674721
626	0.674521
627	0.674399
628	0.674219
629	0.674183
630	0.674165
631	0.674061
632	0.674047
633	0.673761
634	0.673722
635	0.673469
636	0.673464
637	0.673396
638	0.673309
639	0.673187
640	0.673069
641	0.673068
642	0.673027
643	0.673007
644	0.672985
645	0.672945
646	0.672840
647	0.672720
648	0.672703
649	0.672659
650	0.672656
651	0.672637
652	0.672612
653	0.672600
654	0.672510
655	0.672458
656	0.672324
657	0.672056
658	0.671774
659	0.671755
660	0.671719
661	0.671559
662	0.671468
663	0.671319
664	0.671246
665	0.671200
666	0.671186
667	0.671080
668	0.671018
669	0.670879
670	0.670752
671	0.670629
672	0.670623
673	0.670510
674	0.670466
675	0.670410
676	0.670395
677	0.670336
678	0.670321
679	0.669998
680	0.669991
681	0.669986
682	0.669935
683	0.669879
684	0.669795
685	0.669612
686	0.669475
687	0.669392
688	0.669277
689	0.669250
690	0.669225
691	0.669200
692	0.669192
693	0.669162
694	0.669071
695	0.668778
696	0.668752
697	0.668741
698	0.668740
699	0.668726
700	0.668688
701	0.668614
702	0.668583
703	0.668538
704	0.668429
705	0.668424
706	0.668386
707	0.668384
708	0.668262
709	0.668141
710	0.668004
711	0.667969
712	0.667897
713	0.667852
714	0.667830
715	0.667680
716	0.667611
717	0.667508
718	0.667506
719	0.667484
720	0.667406
721	0.667266
722	0.667228
723	0.667158
724	0.667149
725	0.667077
726	0.667029
727	0.667018
728	0.666952
729	0.666944
730	0.666874
731	0.666860
732	0.666854
733	0.666814
734	0.666811
735	0.666809
736	0.666804
737	0.666703
738	0.666693
739	0.666678
740	0.666644
741	0.666327
742	0.666270
743	0.666259
744	0.666105
745	0.665948
746	0.665947
747	0.665821
748	0.665720
749	0.665686
750	0.665677
751	0.665303
752	0.665289
753	0.665260
754	0.665055
755	0.665047
756	0.664945
757	0.664914
758	0.664699
759	0.664617
760	0.664458
761	0.664311
762	0.664279
763	0.664250
764	0.664231
765	0.664206
766	0.664036
767	0.663790
768	0.663698
769	0.663692
770	0.663579
771	0.663566
772	0.663480
773	0.663450
774	0.663354
775	0.663269
776	0.663248
777	0.663188
778	0.663120
779	0.663091
780	0.662961
781	0.662857
782	0.662854
783	0.662790
784	0.662785
785	0.662762
786	0.662518
787	0.662386
788	0.662330
789	0.662315
790	0.662177
791	0.662122
792	0.662112
793	0.662109
794	0.661575
795	0.661415
796	0.661245
797	0.661224
798	0.661209
799	0.661175
800	0.661080
801	0.661073
802	0.661071
803	0.660898
804	0.660869
805	0.660857
806	0.660775
807	0.660616
808	0.660611
809	0.660401
810	0.660288
811	0.660189
812	0.660180
813	0.660171
814	0.659876
815	0.659847
816	0.659836
817	0.659833
818	0.659755
819	0.659753
820	0.659744
821	0.659736
822	0.659623
823	0.659570
824	0.659473
825	0.659314
826	0.659275
827	0.659193
828	0.659149
829	0.659022
830	0.658969
831	0.658930
832	0.658808
833	0.658722
834	0.658717
835	0.658677
836	0.658605
837	0.658517
838	0.658479
839	0.658476
840	0.658280
841	0.658184
842	0.658155
843	0.657993
844	0.657989
845	0.657908
846	0.657817
847	0.657803
848	0.657788
849	0.657764
850	0.657721
851	0.657700
852	0.657673
853	0.657656
854	0.657538
855	0.657529
856	0.657509
857	0.657432
858	0.657350
859	0.657338
860	0.657190
861	0.657134
862	0.657127
863	0.657093
864	0.657032
865	0.656945
866	0.656936
867	0.656924
868	0.656923
869	0.656863
870	0.656666
871	0.656587
872	0.656500
873	0.656485
874	0.656473
875	0.656449
876	0.656434
877	0.656390
878	0.656238
879	0.656237
880	0.656165
881	0.656135
882	0.656127
883	0.656115
884	0.656088
885	0.656087
886	0.656052
887	0.655974
888	0.655954
889	0.655812
890	0.655539
891	0.655523
892	0.655398
893	0.655351
894	0.655231
895	0.655230
896	0.655066
897	0.655038
898	0.655008
899	0.654936
900	0.654933
901	0.654932
902	0.654925
903	0.654892
904	0.654875
905	0.654667
906	0.654634
907	0.654473
908	0.654411
909	0.654306
910	0.654295
911	0.654294
912	0.654180
913	0.654173
914	0.654078
915	0.654010
916	0.654002
917	0.653998
918	0.653958
919	0.653956
920	0.653890
921	0.653878
922	0.653873
923	0.653705
924	0.653628
925	0.653517
926	0.653492
927	0.653473
928	0.653460
929	0.653366
930	0.653299
931	0.653211
932	0.653106
933	0.652998
934	0.652983
935	0.652859
936	0.652814
937	0.652777
938	0.652752
939	0.652630
940	0.652588
941	0.652546
942	0.652404
943	0.652368
944	0.652364
945	0.652328
946	0.652226
947	0.652183
948	0.652166
949	0.652131
950	0.651970
951	0.651965
952	0.651917
953	0.651882
954	0.651842
955	0.651773
956	0.651645
957	0.651626
958	0.651610
959	0.651591
960	0.651524
961	0.651520
962	0.651495
963	0.651485
964	0.651445
965	0.651433
966	0.651344
967	0.651303
968	0.651261
969	0.651114
970	0.651088
971	0.651066
972	0.651066
973	0.651048
974	0.651007
975	0.650977
976	0.650971
977	0.650903
978	0.650898
979	0.650625
980	0.650581
981	0.650484
982	0.650380
983	0.650327
984	0.650304
985	0.650208
986	0.650081
987	0.650053
988	0.650030
989	0.650009
990	0.649972
991	0.649950
992	0.649902
993	0.649770
994	0.649763
995	0.649671
996	0.649653
997	0.649653
998	0.649569
999	0.649552
1000	0.649470
1001	0.649460
1002	0.649457
1003	0.649430
1004	0.649329
1005	0.649313
1006	0.649287
1007	0.649275
1008	0.649214
1009	0.649186
1010	0.649132
1011	0.649118
1012	0.649080
1013	0.648972
1014	0.648911
1015	0.648861
1016	0.648848
1017	0.648659
1018	0.648626
1019	0.648440
1020	0.648355
1021	0.648307
1022	0.648278
1023	0.648258
1024	0.648254
1025	0.648029
1026	0.647992
1027	0.647955
1028	0.647930
1029	0.647912
1030	0.647899
1031	0.647885
1032	0.647869
1033	0.647721
1034	0.647712
1035	0.647641
1036	0.647616
1037	0.647565
1038	0.647538
1039	0.647342
1040	0.647308
1041	0.647297
1042	0.647123
1043	0.647117
1044	0.646951
1045	0.646950
1046	0.646911
1047	0.646850
1048	0.646748
1049	0.646513
1050	0.646507
1051	0.646481
1052	0.646469
1053	0.646246
1054	0.646179
1055	0.646173
1056	0.646153
1057	0.646123
1058	0.646121
1059	0.646080
1060	0.646048
1061	0.646003
1062	0.645942
1063	0.645938
1064	0.645849
1065	0.645807
1066	0.645750
1067	0.645720
1068	0.645708
1069	0.645689
1070	0.645614
1071	0.645576
1072	0.645486
1073	0.645465
1074	0.645459
1075	0.645397
1076	0.645302
1077	0.645302
1078	0.645189
1079	0.645145
1080	0.645122
1081	0.645083
1082	0.644985
1083	0.644948
1084	0.644924
1085	0.644914
1086	0.644913
1087	0.644807
1088	0.644805
1089	0.644724
1090	0.644650
1091	0.644597
1092	0.644566
1093	0.644550
1094	0.644521
1095	0.644509
1096	0.644507
1097	0.644418
1098	0.644336
1099	0.644310
1100	0.644242
1101	0.644212
1102	0.644177
1103	0.644010
1104	0.643877
1105	0.643844
1106	0.643742
1107	0.643681
1108	0.643649
1109	0.643587
1110	0.643516
1111	0.643458
1112	0.643443
1113	0.643431
1114	0.643349
1115	0.643328
1116	0.643270
1117	0.643202
1118	0.643195
1119	0.643158
1120	0.643032
1121	0.642956
1122	0.642867
1123	0.642824
1124	0.642778
1125	0.642750
1126	0.642726
1127	0.642710
1128	0.642665
1129	0.642657
1130	0.642609
1131	0.642413
1132	0.642364
1133	0.642267
1134	0.642259
1135	0.642233
1136	0.642179
1137	0.642165
1138	0.642144
1139	0.642104
1140	0.642067
1141	0.642027
1142	0.642018
1143	0.641895
1144	0.641864
1145	0.641859
1146	0.641783
1147	0.641747
1148	0.641693
1149	0.641692
1150	0.641669
1151	0.641634
1152	0.641594
1153	0.641510
1154	0.641494
1155	0.641428
1156	0.641326
1157	0.641129
1158	0.641058
1159	0.640991
1160	0.640892
1161	0.640798
1162	0.640573
1163	0.640537
1164	0.640524
1165	0.640479
1166	0.640346
1167	0.640241
1168	0.640215
1169	0.640198
1170	0.640129
1171	0.640124
1172	0.640123
1173	0.640115
1174	0.640085
1175	0.640083
1176	0.640063
1177	0.640013
1178	0.639984
1179	0.639932
1180	0.639896
1181	0.639735
1182	0.639705
1183	0.639686
1184	0.639683
1185	0.639656
1186	0.639587
1187	0.639575
1188	0.639570
1189	0.639532
1190	0.639500
1191	0.639475
1192	0.639308
1193	0.639243
1194	0.639145
1195	0.639129
1196	0.639117
1197	0.639080
1198	0.639012
1199	0.638969
1200	0.638923
1201	0.638903
1202	0.638897
1203	0.638766
1204	0.638650
1205	0.638643
1206	0.638627
1207	0.638611
1208	0.638586
1209	0.638460
1210	0.638453
1211	0.638439
1212	0.638421
1213	0.638371
1214	0.638356
1215	0.638350
1216	0.638286
1217	0.638255
1218	0.638228
1219	0.638191
1220	0.638176
1221	0.638176
1222	0.638144
1223	0.638123
1224	0.638103
1225	0.638102
1226	0.638078
1227	0.637938
1228	0.637848
1229	0.637787
1230	0.637746
1231	0.637727
1232	0.637711
1233	0.637686
1234	0.637628
1235	0.637597
1236	0.637423
1237	0.637332
1238	0.637244
1239	0.637146
1240	0.637134
1241	0.637122
1242	0.637069
1243	0.637057
1244	0.636984
1245	0.636977
1246	0.636950
1247	0.636912
1248	0.636856
1249	0.636835
1250	0.636830
1251	0.636811
1252	0.636755
1253	0.636637
1254	0.636588
1255	0.636544
1256	0.636449
1257	0.636368
1258	0.636358
1259	0.636245
1260	0.636071
1261	0.636049
1262	0.635964
1263	0.635908
1264	0.635818
1265	0.635783
1266	0.635722
1267	0.635604
1268	0.635601
1269	0.635580
1270	0.635544
1271	0.635453
1272	0.635448
1273	0.635432
1274	0.635426
1275	0.635413
1276	0.635404
1277	0.635362
1278	0.635327
1279	0.635192
1280	0.635087
1281	0.635058
1282	0.635024
1283	0.635019
1284	0.635016
1285	0.635015
1286	0.635014
1287	0.635005
1288	0.634993
1289	0.634932
1290	0.634866
1291	0.634789
1292	0.634698
1293	0.634676
1294	0.634605
1295	0.634552
1296	0.634551
1297	0.634541
1298	0.634532
1299	0.634520
1300	0.634489
1301	0.634426
1302	0.634201
1303	0.634192
1304	0.634015
1305	0.634001
1306	0.633952
1307	0.633887
1308	0.633835
1309	0.633833
1310	0.633819
1311	0.633810
1312	0.633790
1313	0.633704
1314	0.633687
1315	0.633672
1316	0.633595
1317	0.633589
1318	0.633588
1319	0.633545
1320	0.633462
1321	0.633460
1322	0.633412
1323	0.633348
1324	0.633274
1325	0.633148
1326	0.633133
1327	0.633047
1328	0.632999
1329	0.632893
1330	0.632824
1331	0.632713
1332	0.632565
1333	0.632531
1334	0.632519
1335	0.632351
1336	0.632341
1337	0.632324
1338	0.632307
1339	0.632173
1340	0.632102
1341	0.632028
1342	0.632020
1343	0.632003
1344	0.632002
1345	0.631994
1346	0.631970
1347	0.631944
1348	0.631925
1349	0.631909
1350	0.631844
1351	0.631826
1352	0.631818
1353	0.631658
1354	0.631598
1355	0.631540
1356	0.631473
1357	0.631430
1358	0.631358
1359	0.631337
1360	0.631331
1361	0.631313
1362	0.631285
1363	0.631259
1364	0.631234
1365	0.631184
1366	0.631179
1367	0.631061
1368	0.631014
1369	0.630957
1370	0.630854
1371	0.630831
1372	0.630723
1373	0.630721
1374	0.630698
1375	0.630696
1376	0.630661
1377	0.630659
1378	0.630659
1379	0.630583
1380	0.630383
1381	0.630320
1382	0.630287
1383	0.630244
1384	0.630233
1385	0.630219
1386	0.630137
1387	0.630134
1388	0.630086
1389	0.630078
1390	0.630019
1391	0.629989
1392	0.629954
1393	0.629844
1394	0.629817
1395	0.629730
1396	0.629725
1397	0.629688
1398	0.629599
1399	0.629546
1400	0.629519
1401	0.629482
1402	0.629400
1403	0.629352
1404	0.629268
1405	0.629160
1406	0.629095
1407	0.629017
1408	0.628707
1409	0.628696
1410	0.628696
1411	0.628695
1412	0.628618
1413	0.628560
1414	0.628530
1415	0.628520
1416	0.628438
1417	0.628343
1418	0.628340
1419	0.628305
1420	0.628197
1421	0.628149
1422	0.628080
1423	0.628074
1424	0.628008
1425	0.628002
1426	0.627927
1427	0.627902
1428	0.627833
1429	0.627761
1430	0.627753
1431	0.627546
1432	0.627543
1433	0.627536
1434	0.627468
1435	0.627452
1436	0.627287
1437	0.627237
1438	0.627171
1439	0.627119
1440	0.627111
1441	0.627060
1442	0.627055
1443	0.627043
1444	0.627038
1445	0.627009
1446	0.626926
1447	0.626899
1448	0.626898
1449	0.626892
1450	0.626871
1451	0.626831
1452	0.626807
1453	0.626793
1454	0.626702
1455	0.626655
1456	0.626643
1457	0.626542
1458	0.626525
1459	0.626286
1460	0.626278
1461	0.626118
1462	0.625885
1463	0.625831
1464	0.625791
1465	0.625787
1466	0.625768
1467	0.625757
1468	0.625739
1469	0.625673
1470	0.625613
1471	0.625502
1472	0.625481
1473	0.625441
1474	0.625367
1475	0.625366
1476	0.625224
1477	0.625202
1478	0.625201
1479	0.625167
1480	0.625120
1481	0.625065
1482	0.625053
1483	0.625017
1484	0.624912
1485	0.624898
1486	0.624871
1487	0.624868
1488	0.624842
1489	0.624819
1490	0.624763
1491	0.624685
1492	0.624578
1493	0.624498
1494	0.624407
1495	0.624274
1496	0.624270
1497	0.624184
1498	0.624168
1499	0.624037
1500	0.624011
1501	0.623929
1502	0.623870
1503	0.623806
1504	0.623724
1505	0.623707
1506	0.623442
1507	0.623440
1508	0.623426
1509	0.623360
1510	0.623347
1511	0.623346
1512	0.623267
1513	0.623150
1514	0.623090
1515	0.622997
1516	0.622993
1517	0.622913
1518	0.622878
1519	0.622845
1520	0.622760
1521	0.622656
1522	0.622655
1523	0.622649
1524	0.622634
1525	0.622563
1526	0.622455
1527	0.622336
1528	0.622328
1529	0.622258
1530	0.622130
1531	0.622080
1532	0.622079
1533	0.622072
1534	0.622033
1535	0.621963
1536	0.621961
1537	0.621941
1538	0.621879
1539	0.621711
1540	0.621706
1541	0.621705
1542	0.621669
1543	0.621559
1544	0.621472
1545	0.621460
1546	0.621407
1547	0.621312
1548	0.621158
1549	0.621157
1550	0.621040
1551	0.621037
1552	0.621028
1553	0.621004
1554	0.620997
1555	0.620834
1556	0.620758
1557	0.620671
1558	0.620637
1559	0.620628
1560	0.620594
1561	0.620556
1562	0.620537
1563	0.620524
1564	0.620486
1565	0.620444
1566	0.620435
1567	0.620411
1568	0.620411
1569	0.620310
1570	0.620288
1571	0.620278
1572	0.620260
1573	0.620255
1574	0.620250
1575	0.620211
1576	0.620190
1577	0.620160
1578	0.620072
1579	0.620039
1580	0.620022
1581	0.619984
1582	0.619950
1583	0.619901
1584	0.619853
1585	0.619841
1586	0.619806
1587	0.619715
1588	0.619712
1589	0.619625
1590	0.619613
1591	0.619585
1592	0.619561
1593	0.619502
1594	0.619473
1595	0.619324
1596	0.619294
1597	0.619156
1598	0.619137
1599	0.619137
1600	0.619108
1601	0.619079
1602	0.619073
1603	0.619013
1604	0.619007
1605	0.618972
1606	0.618959
1607	0.618912
1608	0.618910
1609	0.618894
1610	0.618876
1611	0.618719
1612	0.618708
1613	0.618666
1614	0.618630
1615	0.618617
1616	0.618605
1617	0.618548
1618	0.618524
1619	0.618492
1620	0.618478
1621	0.618328
1622	0.618162
1623	0.618043
1624	0.617976
1625	0.617932
1626	0.617904
1627	0.617786
1628	0.617763
1629	0.617752
1630	0.617743
1631	0.617741
1632	0.617689
1633	0.617666
1634	0.617656
1635	0.617599
1636	0.617562
1637	0.617435
1638	0.617359
1639	0.617313
1640	0.617310
1641	0.617287
1642	0.617263
1643	0.617198
1644	0.617190
1645	0.617184
1646	0.616854
1647	0.616776
1648	0.616368
1649	0.616360
1650	0.616353
1651	0.616334
1652	0.616308
1653	0.616303
1654	0.616217
1655	0.616212
1656	0.616162
1657	0.616143
1658	0.616142
1659	0.616060
1660	0.616042
1661	0.616037
1662	0.615970
1663	0.615964
1664	0.615963
1665	0.615959
1666	0.615935
1667	0.615921
1668	0.615908
1669	0.615858
1670	0.615850
1671	0.615803
1672	0.615646
1673	0.615633
1674	0.615624
1675	0.615606
1676	0.615442
1677	0.615362
1678	0.615298
1679	0.615243
1680	0.615232
1681	0.615196
1682	0.615194
1683	0.615183
1684	0.615101
1685	0.615065
1686	0.615043
1687	0.615012
1688	0.614923
1689	0.614901
1690	0.614845
1691	0.614835
1692	0.614788
1693	0.614780
1694	0.614759
1695	0.614682
1696	0.614650
1697	0.614638
1698	0.614531
1699	0.614457
1700	0.614433
1701	0.614403
1702	0.614319
1703	0.614197
1704	0.614187
1705	0.614121
1706	0.614116
1707	0.614103
1708	0.614099
1709	0.614070
1710	0.614016
1711	0.614004
1712	0.613983
1713	0.613893
1714	0.613813
1715	0.613750
1716	0.613744
1717	0.613696
1718	0.613685
1719	0.613683
1720	0.613635
1721	0.613501
1722	0.613255
1723	0.613251
1724	0.613179
1725	0.613169
1726	0.613063
1727	0.612935
1728	0.612927
1729	0.612903
1730	0.612811
1731	0.612797
1732	0.612720
1733	0.612709
1734	0.612663
1735	0.612621
1736	0.612488
1737	0.612445
1738	0.612424
1739	0.612405
1740	0.612326
1741	0.612278
1742	0.612274
1743	0.612173
1744	0.612164
1745	0.612157
1746	0.612123
1747	0.612113
1748	0.612054
1749	0.612001
1750	0.611954
1751	0.611886
1752	0.611866
1753	0.611863
1754	0.611770
1755	0.611748
1756	0.611674
1757	0.611573
1758	0.611530
1759	0.611517
1760	0.611481
1761	0.611460
1762	0.611408
1763	0.611395
1764	0.611340
1765	0.611306
1766	0.611181
1767	0.611145
1768	0.611097
1769	0.611070
1770	0.611019
1771	0.610976
1772	0.610896
1773	0.610876
1774	0.610863
1775	0.610862
1776	0.610849
1777	0.610836
1778	0.610785
1779	0.610766
1780	0.610757
1781	0.610600
1782	0.610516
1783	0.610368
1784	0.610284
1785	0.610268
1786	0.610253
1787	0.610229
1788	0.610204
1789	0.610125
1790	0.610098
1791	0.609990
1792	0.609948
1793	0.609812
1794	0.609810
1795	0.609742
1796	0.609646
1797	0.609645
1798	0.609555
1799	0.609463
1800	0.609406
1801	0.609315
1802	0.609283
1803	0.609259
1804	0.609217
1805	0.609142
1806	0.609127
1807	0.609119
1808	0.609076
1809	0.609071
1810	0.609045
1811	0.609020
1812	0.609000
1813	0.608937
1814	0.608925
1815	0.608903
1816	0.608874
1817	0.608854
1818	0.608787
1819	0.608721
1820	0.608676
1821	0.608666
1822	0.608639
1823	0.608572
1824	0.608528
1825	0.608519
1826	0.608491
1827	0.608489
1828	0.608444
1829	0.608417
1830	0.608400
1831	0.608355
1832	0.608242
1833	0.608233
1834	0.608199
1835	0.608184
1836	0.608121
1837	0.608082
1838	0.608065
1839	0.608062
1840	0.608053
1841	0.608048
1842	0.608043
1843	0.608041
1844	0.608040
1845	0.608039
1846	0.607975
1847	0.607963
1848	0.607922
1849	0.607897
1850	0.607878
1851	0.607799
1852	0.607795
1853	0.607778
1854	0.607709
1855	0.607673
1856	0.607665
1857	0.607663
1858	0.607662
1859	0.607615
1860	0.607595
1861	0.607590
1862	0.607590
1863	0.607554
1864	0.607483
1865	0.607437
1866	0.607429
1867	0.607387
1868	0.607356
1869	0.607311
1870	0.607217
1871	0.607170
1872	0.607040
1873	0.606999
1874	0.606960
1875	0.606933
1876	0.606861
1877	0.606847
1878	0.606790
1879	0.606751
1880	0.606748
1881	0.606747
1882	0.606704
1883	0.606649
1884	0.606646
1885	0.606620
1886	0.606597
1887	0.606482
1888	0.606441
1889	0.606435
1890	0.606220
1891	0.606216
1892	0.606154
1893	0.606143
1894	0.606071
1895	0.606026
1896	0.605960
1897	0.605935
1898	0.605838
1899	0.605795
1900	0.605789
1901	0.605704
1902	0.605690
1903	0.605609
1904	0.605579
1905	0.605527
1906	0.605527
1907	0.605514
1908	0.605487
1909	0.605485
1910	0.605439
1911	0.605386
1912	0.605383
1913	0.605370
1914	0.605368
1915	0.605336
1916	0.605276
1917	0.605133
1918	0.605092
1919	0.605051
1920	0.605040
1921	0.605013
1922	0.604998
1923	0.604993
1924	0.604973
1925	0.604881
1926	0.604877
1927	0.604855
1928	0.604827
1929	0.604798
1930	0.604792
1931	0.604779
1932	0.604778
1933	0.604763
1934	0.604757
1935	0.604733
1936	0.604727
1937	0.604706
1938	0.604678
1939	0.604630
1940	0.604621
1941	0.604599
1942	0.604592
1943	0.604532
1944	0.604518
1945	0.604440
1946	0.604403
1947	0.604341
1948	0.604338
1949	0.604279
1950	0.604256
1951	0.604207
1952	0.604016
1953	0.603991
1954	0.603991
1955	0.603971
1956	0.603962
1957	0.603932
1958	0.603883
1959	0.603856
1960	0.603685
1961	0.603556
1962	0.603545
1963	0.603495
1964	0.603437
1965	0.603430
1966	0.603380
1967	0.603378
1968	0.603291
1969	0.603266
1970	0.603263
1971	0.603250
1972	0.603241
1973	0.603210
1974	0.603198
1975	0.603141
1976	0.603104
1977	0.603092
1978	0.603085
1979	0.603025
1980	0.603005
1981	0.602995
1982	0.602983
1983	0.602926
1984	0.602916
1985	0.602863
1986	0.602751
1987	0.602677
1988	0.602658
1989	0.602605
1990	0.602582
1991	0.602573
1992	0.602557
1993	0.602525
1994	0.602496
1995	0.602492
1996	0.602485
1997	0.602438
1998	0.602370
1999	0.602362
2000	0.602357
2001	0.602313
2002	0.602229
2003	0.602130
2004	0.602104
2005	0.602068
2006	0.602064
2007	0.601966
2008	0.601964
2009	0.601960
2010	0.601949
2011	0.601922
2012	0.601860
2013	0.601791
2014	0.601783
2015	0.601704
2016	0.601655
2017	0.601610
2018	0.601579
2019	0.601427
2020	0.601385
2021	0.601381
2022	0.601340
2023	0.601227
2024	0.601208
2025	0.601205
2026	0.601084
2027	0.601042
2028	0.601028
2029	0.600970
2030	0.600876
2031	0.600773
2032	0.600703
2033	0.600685
2034	0.600684
2035	0.600678
2036	0.600628
2037	0.600498
2038	0.600487
2039	0.600458
2040	0.600444
2041	0.600416
2042	0.600362
2043	0.600351
2044	0.600333
2045	0.600248
2046	0.600220
2047	0.600220
2048	0.600127
2049	0.600107
2050	0.600060
2051	0.599849
2052	0.599819
2053	0.599818
2054	0.599788
2055	0.599749
2056	0.599667
2057	0.599609
2058	0.599555
2059	0.599486
2060	0.599453
2061	0.599401
2062	0.599383
2063	0.599139
2064	0.599127
2065	0.599107
2066	0.599076
2067	0.598973
2068	0.598906
2069	0.598890
2070	0.598873
2071	0.598870
2072	0.598634
2073	0.598570
2074	0.598465
2075	0.598402
2076	0.598364
2077	0.598345
2078	0.598337
2079	0.598331
2080	0.598290
2081	0.598240
2082	0.598218
2083	0.598153
2084	0.598077
2085	0.598064
2086	0.598046
2087	0.598022
2088	0.597978
2089	0.597838
2090	0.597719
2091	0.597695
2092	0.597661
2093	0.597618
2094	0.597452
2095	0.597442
2096	0.597410
2097	0.597382
2098	0.597289
2099	0.597258
2100	0.597198
2101	0.597119
2102	0.597091
2103	0.597083
2104	0.597063
2105	0.596886
2106	0.596860
2107	0.596853
2108	0.596846
2109	0.596796
2110	0.596786
2111	0.596766
2112	0.596761
2113	0.596759
2114	0.596742
2115	0.596706
2116	0.596697
2117	0.596693
2118	0.596693
2119	0.596675
2120	0.596564
2121	0.596553
2122	0.596492
2123	0.596457
2124	0.596374
2125	0.596294
2126	0.596208
2127	0.596184
2128	0.596126
2129	0.596115
2130	0.596071
2131	0.595948
2132	0.595896
2133	0.595895
2134	0.595869
2135	0.595862
2136	0.595859
2137	0.595836
2138	0.595741
2139	0.595724
2140	0.595677
2141	0.595669
2142	0.595585
2143	0.595583
2144	0.595577
2145	0.595560
2146	0.595521
2147	0.595498
2148	0.595288
2149	0.595232
2150	0.595216
2151	0.595191
2152	0.595162
2153	0.595055
2154	0.595002
2155	0.594926
2156	0.594912
2157	0.594835
2158	0.594826
2159	0.594801
2160	0.594757
2161	0.594698
2162	0.594682
2163	0.594550
2164	0.594538
2165	0.594489
2166	0.594464
2167	0.594411
2168	0.594406
2169	0.594317
2170	0.594228
2171	0.594053
2172	0.594021
2173	0.593993
2174	0.593940
2175	0.593940
2176	0.593938
2177	0.593896
2178	0.593864
2179	0.593822
2180	0.593811
2181	0.593724
2182	0.593669
2183	0.593660
2184	0.593602
2185	0.593600
2186	0.593566
2187	0.593491
2188	0.593471
2189	0.593450
2190	0.593339
2191	0.593309
2192	0.593287
2193	0.593187
2194	0.593179
2195	0.593175
2196	0.593109
2197	0.593102
2198	0.593087
2199	0.593009
2200	0.592915
2201	0.592827
2202	0.592786
2203	0.592764
2204	0.592659
2205	0.592652
2206	0.592643
2207	0.592594
2208	0.592544
2209	0.592514
2210	0.592508
2211	0.592313
2212	0.592275
2213	0.592274
2214	0.592256
2215	0.592241
2216	0.592209
2217	0.592175
2218	0.591990
2219	0.591952
2220	0.591873
2221	0.591706
2222	0.591698
2223	0.591650
2224	0.591564
2225	0.591525
2226	0.591483
2227	0.591477
2228	0.591426
2229	0.591392
2230	0.591389
2231	0.591384
2232	0.591376
2233	0.591367
2234	0.591298
2235	0.591281
2236	0.591277
2237	0.591276
2238	0.591183
2239	0.591183
2240	0.591156
2241	0.591154
2242	0.591112
2243	0.591111
2244	0.591100
2245	0.591085
2246	0.591064
2247	0.591043
2248	0.591036
2249	0.590967
2250	0.590716
2251	0.590641
2252	0.590637
2253	0.590636
2254	0.590457
2255	0.590390
2256	0.590376
2257	0.590371
2258	0.590295
2259	0.590274
2260	0.590230
2261	0.590206
2262	0.590161
2263	0.590097
2264	0.590072
2265	0.590042
2266	0.589982
2267	0.589943
2268	0.589930
2269	0.589926
2270	0.589864
2271	0.589846
2272	0.589788
2273	0.589690
2274	0.589647
2275	0.589635
2276	0.589625
2277	0.589603
2278	0.589595
2279	0.589507
2280	0.589431
2281	0.589418
2282	0.589396
2283	0.589394
2284	0.589387
2285	0.589367
2286	0.589352
2287	0.589326
2288	0.589269
2289	0.589209
2290	0.589208
2291	0.589165
2292	0.589157
2293	0.589085
2294	0.589033
2295	0.588967
2296	0.588809
2297	0.588671
2298	0.588631
2299	0.588594
2300	0.588591
2301	0.588510
2302	0.588496
2303	0.588460
2304	0.588453
2305	0.588390
2306	0.588374
2307	0.588268
2308	0.588211
2309	0.588150
2310	0.588134
2311	0.588103
2312	0.587967
2313	0.587907
2314	0.587861
2315	0.587808
2316	0.587791
2317	0.587765
2318	0.587739
2319	0.587697
2320	0.587679
2321	0.587654
2322	0.587638
2323	0.587569
2324	0.587558
2325	0.587457
2326	0.587396
2327	0.587358
2328	0.587342
2329	0.587288
2330	0.587130
2331	0.587095
2332	0.587029
2333	0.586960
2334	0.586957
2335	0.586929
2336	0.586926
2337	0.586836
2338	0.586636
2339	0.586626
2340	0.586559
2341	0.586419
2342	0.586416
2343	0.586370
2344	0.586339
2345	0.586302
2346	0.586242
2347	0.586207
2348	0.586179
2349	0.586147
2350	0.586102
2351	0.586082
2352	0.586051
2353	0.586029
2354	0.586003
2355	0.585963
2356	0.585905
2357	0.585735
2358	0.585723
2359	0.585712
2360	0.585684
2361	0.585632
2362	0.585620
2363	0.585596
2364	0.585553
2365	0.585547
2366	0.585485
2367	0.585283
2368	0.585268
2369	0.585259
2370	0.585245
2371	0.585186
2372	0.585169
2373	0.585131
2374	0.585128
2375	0.584889
2376	0.584831
2377	0.584724
2378	0.584695
2379	0.584660
2380	0.584653
2381	0.584582
2382	0.584501
2383	0.584464
2384	0.584460
2385	0.584434
2386	0.584386
2387	0.584370
2388	0.584248
2389	0.584213
2390	0.584210
2391	0.584148
2392	0.584132
2393	0.584067
2394	0.584019
2395	0.584018
2396	0.584017
2397	0.583995
2398	0.583957
2399	0.583931
2400	0.583898
2401	0.583881
2402	0.583853
2403	0.583782
2404	0.583754
2405	0.583743
2406	0.583695
2407	0.583571
2408	0.583476
2409	0.583427
2410	0.583416
2411	0.583397
2412	0.583359
2413	0.583269
2414	0.583179
2415	0.583148
2416	0.583117
2417	0.583042
2418	0.583026
2419	0.583025
2420	0.582994
2421	0.582918
2422	0.582833
2423	0.582766
2424	0.582758
2425	0.582740
2426	0.582699
2427	0.582614
2428	0.582612
2429	0.582601
2430	0.582459
2431	0.582443
2432	0.582442
2433	0.582439
2434	0.582437
2435	0.582426
2436	0.582422
2437	0.582409
2438	0.582348
2439	0.582152
2440	0.582115
2441	0.582099
2442	0.582074
2443	0.582062
2444	0.581990
2445	0.581943
2446	0.581822
2447	0.581792
2448	0.581756
2449	0.581750
2450	0.581697
2451	0.581661
2452	0.581640
2453	0.581597
2454	0.581580
2455	0.581435
2456	0.581422
2457	0.581295
2458	0.581262
2459	0.581197
2460	0.581193
2461	0.581126
2462	0.581056
2463	0.581053
2464	0.581011
2465	0.580988
2466	0.580953
2467	0.580824
2468	0.580744
2469	0.580700
2470	0.580634
2471	0.580334
2472	0.580258
2473	0.580134
2474	0.580084
2475	0.580068
2476	0.579896
2477	0.579813
2478	0.579809
2479	0.579717
2480	0.579703
2481	0.579693
2482	0.579675
2483	0.579673
2484	0.579621
2485	0.579617
2486	0.579596
2487	0.579595
2488	0.579540
2489	0.579523
2490	0.579502
2491	0.579492
2492	0.579236
2493	0.579226
2494	0.579161
2495	0.579111
2496	0.579065
2497	0.579027
2498	0.578892
2499	0.578874
2500	0.578873
2501	0.578871
2502	0.578857
2503	0.578794
2504	0.578710
2505	0.578688
2506	0.578669
2507	0.578474
2508	0.578429
2509	0.578318
2510	0.578286
2511	0.578177
2512	0.578162
2513	0.578148
2514	0.578131
2515	0.578123
2516	0.578115
2517	0.578049
2518	0.577926
2519	0.577863
2520	0.577576
2521	0.577573
2522	0.577526
2523	0.577519
2524	0.577512
2525	0.577412
2526	0.577335
2527	0.577305
2528	0.577203
2529	0.577139
2530	0.577110
2531	0.577061
2532	0.577046
2533	0.577026
2534	0.576996
2535	0.576921
2536	0.576887
2537	0.576872
2538	0.576839
2539	0.576833
2540	0.576733
2541	0.576688
2542	0.576679
2543	0.576672
2544	0.576659
2545	0.576629
2546	0.576609
2547	0.576587
2548	0.576474
2549	0.576467
2550	0.576424
2551	0.576405
2552	0.576402
2553	0.576198
2554	0.576179
2555	0.576058
2556	0.576053
2557	0.575977
2558	0.575967
2559	0.575903
2560	0.575814
2561	0.575808
2562	0.575758
2563	0.575739
2564	0.575622
2565	0.575587
2566	0.575584
2567	0.575561
2568	0.575476
2569	0.575425
2570	0.575375
2571	0.575352
2572	0.575279
2573	0.575278
2574	0.575230
2575	0.575219
2576	0.575194
2577	0.575158
2578	0.575112
2579	0.575104
2580	0.575065
2581	0.575002
2582	0.574904
2583	0.574826
2584	0.574780
2585	0.574721
2586	0.574713
2587	0.574677
2588	0.574611
2589	0.574593
2590	0.574550
2591	0.574540
2592	0.574503
2593	0.574462
2594	0.574378
2595	0.574309
2596	0.574304
2597	0.574171
2598	0.574101
2599	0.574083
2600	0.574048
2601	0.574033
2602	0.573971
2603	0.573835
2604	0.573768
2605	0.573755
2606	0.573750
2607	0.573709
2608	0.573696
2609	0.573678
2610	0.573613
2611	0.573561
2612	0.573457
2613	0.573434
2614	0.573336
2615	0.573324
2616	0.573274
2617	0.573215
2618	0.573145
2619	0.573014
2620	0.573007
2621	0.572971
2622	0.572944
2623	0.572868
2624	0.572821
2625	0.572792
2626	0.572764
2627	0.572752
2628	0.572714
2629	0.572658
2630	0.572627
2631	0.572620
2632	0.572467
2633	0.572450
2634	0.572347
2635	0.572341
2636	0.572325
2637	0.572235
2638	0.572141
2639	0.572106
2640	0.572077
2641	0.572050
2642	0.571883
2643	0.571882
2644	0.571880
2645	0.571845
2646	0.571788
2647	0.571781
2648	0.571666
2649	0.571576
2650	0.571548
2651	0.571533
2652	0.571529
2653	0.571469
2654	0.571413
2655	0.571391
2656	0.571339
2657	0.571279
2658	0.571270
2659	0.571248
2660	0.571244
2661	0.571157
2662	0.571058
2663	0.570965
2664	0.570946
2665	0.570928
2666	0.570911
2667	0.570891
2668	0.570889
2669	0.570763
2670	0.570734
2671	0.570638
2672	0.570593
2673	0.570531
2674	0.570493
2675	0.570428
2676	0.570394
2677	0.570379
2678	0.570368
2679	0.570298
2680	0.570285
2681	0.570261
2682	0.570215
2683	0.570196
2684	0.570095
2685	0.569952
2686	0.569950
2687	0.569948
2688	0.569945
2689	0.569924
2690	0.569771
2691	0.569770
2692	0.569759
2693	0.569752
2694	0.569665
2695	0.569628
2696	0.569406
2697	0.569363
2698	0.569347
2699	0.569301
2700	0.569283
2701	0.569227
2702	0.569185
2703	0.569176
2704	0.569161
2705	0.569151
2706	0.569110
2707	0.569101
2708	0.569089
2709	0.569077
2710	0.569056
2711	0.569045
2712	0.568972
2713	0.568912
2714	0.568603
2715	0.568584
2716	0.568581
2717	0.568524
2718	0.568438
2719	0.568431
2720	0.568368
2721	0.568313
2722	0.568298
2723	0.568295
2724	0.568284
2725	0.568280
2726	0.568268
2727	0.568210
2728	0.568155
2729	0.568128
2730	0.568119
2731	0.568070
2732	0.568044
2733	0.568002
2734	0.567926
2735	0.567915
2736	0.567878
2737	0.567874
2738	0.567733
2739	0.567601
2740	0.567545
2741	0.567528
2742	0.567499
2743	0.567483
2744	0.567480
2745	0.567475
2746	0.567308
2747	0.567176
2748	0.567162
2749	0.567133
2750	0.567057
2751	0.566880
2752	0.566814
2753	0.566737
2754	0.566729
2755	0.566715
2756	0.566667
2757	0.566655
2758	0.566552
2759	0.566551
2760	0.566540
2761	0.566513
2762	0.566510
2763	0.566469
2764	0.566432
2765	0.566240
2766	0.566100
2767	0.566098
2768	0.566053
2769	0.566034
2770	0.565938
2771	0.565909
2772	0.565904
2773	0.565882
2774	0.565852
2775	0.565849
2776	0.565834
2777	0.565766
2778	0.565743
2779	0.565739
2780	0.565706
2781	0.565686
2782	0.565633
2783	0.565510
2784	0.565315
2785	0.565284
2786	0.565246
2787	0.565173
2788	0.564986
2789	0.564902
2790	0.564875
2791	0.564860
2792	0.564844
2793	0.564827
2794	0.564757
2795	0.564698
2796	0.564691
2797	0.564658
2798	0.564614
2799	0.564582
2800	0.564543
2801	0.564496
2802	0.564461
2803	0.564447
2804	0.564428
2805	0.564370
2806	0.564290
2807	0.564262
2808	0.564227
2809	0.564193
2810	0.564191
2811	0.564075
2812	0.564069
2813	0.564061
2814	0.563971
2815	0.563622
2816	0.563476
2817	0.563463
2818	0.563427
2819	0.563423
2820	0.563397
2821	0.563311
2822	0.563308
2823	0.563302
2824	0.563235
2825	0.563207
2826	0.563057
2827	0.563035
2828	0.563017
2829	0.562938
2830	0.562862
2831	0.562855
2832	0.562792
2833	0.562783
2834	0.562691
2835	0.562642
2836	0.562557
2837	0.562469
2838	0.562403
2839	0.562381
2840	0.562373
2841	0.562327
2842	0.562267
2843	0.562209
2844	0.562168
2845	0.562106
2846	0.562022
2847	0.561978
2848	0.561820
2849	0.561794
2850	0.561757
2851	0.561746
2852	0.561703
2853	0.561681
2854	0.561581
2855	0.561537
2856	0.561463
2857	0.561446
2858	0.561426
2859	0.561422
2860	0.561420
2861	0.561280
2862	0.561274
2863	0.561240
2864	0.561239
2865	0.561234
2866	0.561096
2867	0.561072
2868	0.561012
2869	0.560919
2870	0.560892
2871	0.560859
2872	0.560855
2873	0.560810
2874	0.560739
2875	0.560732
2876	0.560716
2877	0.560639
2878	0.560625
2879	0.560618
2880	0.560612
2881	0.560578
2882	0.560371
2883	0.560359
2884	0.560357
2885	0.560345
2886	0.560328
2887	0.560322
2888	0.560297
2889	0.560078
2890	0.560042
2891	0.559958
2892	0.559952
2893	0.559925
2894	0.559896
2895	0.559885
2896	0.559870
2897	0.559837
2898	0.559801
2899	0.559676
2900	0.559640
2901	0.559455
2902	0.559295
2903	0.559285
2904	0.559271
2905	0.559212
2906	0.559010
2907	0.558978
2908	0.558954
2909	0.558921
2910	0.558895
2911	0.558771
2912	0.558612
2913	0.558592
2914	0.558497
2915	0.558409
2916	0.558283
2917	0.558190
2918	0.558147
2919	0.558078
2920	0.558055
2921	0.557977
2922	0.557959
2923	0.557950
2924	0.557911
2925	0.557830
2926	0.557726
2927	0.557659
2928	0.557544
2929	0.557426
2930	0.557360
2931	0.557316
2932	0.557298
2933	0.557028
2934	0.556938
2935	0.556895
2936	0.556878
2937	0.556828
2938	0.556696
2939	0.556665
2940	0.556616
2941	0.556565
2942	0.556521
2943	0.556519
2944	0.556488
2945	0.556486
2946	0.556483
2947	0.556458
2948	0.556428
2949	0.556303
2950	0.556189
2951	0.556173
2952	0.556146
2953	0.556139
2954	0.556099
2955	0.556070
2956	0.556060
2957	0.555976
2958	0.555973
2959	0.555936
2960	0.555914
2961	0.555858
2962	0.555852
2963	0.555750
2964	0.555733
2965	0.555700
2966	0.555661
2967	0.555583
2968	0.555579
2969	0.555550
2970	0.555477
2971	0.555470
2972	0.555424
2973	0.555386
2974	0.555385
2975	0.555372
2976	0.555352
2977	0.555317
2978	0.555306
2979	0.555296
2980	0.555152
2981	0.555099
2982	0.555095
2983	0.555014
2984	0.554970
2985	0.554929
2986	0.554800
2987	0.554782
2988	0.554762
2989	0.554760
2990	0.554717
2991	0.554708
2992	0.554686
2993	0.554669
2994	0.554658
2995	0.554643
2996	0.554616
2997	0.554529
2998	0.554369
2999	0.554345
3000	0.554332
3001	0.554246
3002	0.554043
3003	0.554035
3004	0.554014
3005	0.554007
3006	0.553986
3007	0.553926
3008	0.553567
3009	0.553558
3010	0.553503
3011	0.553490
3012	0.553391
3013	0.553384
3014	0.553367
3015	0.553247
3016	0.553177
3017	0.553142
3018	0.553131
3019	0.553012
3020	0.553007
3021	0.552998
3022	0.552957
3023	0.552950
3024	0.552950
3025	0.552876
3026	0.552785
3027	0.552780
3028	0.552772
3029	0.552741
3030	0.552722
3031	0.552678
3032	0.552397
3033	0.552393
3034	0.552340
3035	0.552325
3036	0.552298
3037	0.552282
3038	0.552227
3039	0.552175
3040	0.552076
3041	0.551994
3042	0.551987
3043	0.551982
3044	0.551931
3045	0.551849
3046	0.551680
3047	0.551680
3048	0.551680
3049	0.551672
3050	0.551505
3051	0.551501
3052	0.551299
3053	0.551273
3054	0.551267
3055	0.551216
3056	0.551185
3057	0.551169
3058	0.551151
3059	0.551042
3060	0.550980
3061	0.550971
3062	0.550875
3063	0.550856
3064	0.550818
3065	0.550802
3066	0.550718
3067	0.550624
3068	0.550510
3069	0.550451
3070	0.550355
3071	0.550347
3072	0.550343
3073	0.550279
3074	0.550234
3075	0.550203
3076	0.550183
3077	0.549934
3078	0.549789
3079	0.549726
3080	0.549675
3081	0.549611
3082	0.549463
3083	0.549428
3084	0.549374
3085	0.549286
3086	0.549171
3087	0.549101
3088	0.549064
3089	0.548934
3090	0.548912
3091	0.548867
3092	0.548844
3093	0.548825
3094	0.548820
3095	0.548729
3096	0.548623
3097	0.548597
3098	0.548570
3099	0.548566
3100	0.548502
3101	0.548424
3102	0.548423
3103	0.548290
3104	0.548286
3105	0.548172
3106	0.548158
3107	0.547905
3108	0.547738
3109	0.547688
3110	0.547671
3111	0.547652
3112	0.547545
3113	0.547528
3114	0.547520
3115	0.547499
3116	0.547467
3117	0.547444
3118	0.547437
3119	0.547389
3120	0.547380
3121	0.547361
3122	0.547325
3123	0.547298
3124	0.547297
3125	0.547281
3126	0.547269
3127	0.547267
3128	0.547226
3129	0.547067
3130	0.547025
3131	0.546984
3132	0.546741
3133	0.546739
3134	0.546739
3135	0.546712
3136	0.546705
3137	0.546616
3138	0.546547
3139	0.546525
3140	0.546479
3141	0.546472
3142	0.546316
3143	0.546253
3144	0.546249
3145	0.546246
3146	0.546243
3147	0.546211
3148	0.546186
3149	0.546183
3150	0.546132
3151	0.546007
3152	0.545933
3153	0.545928
3154	0.545908
3155	0.545894
3156	0.545858
3157	0.545817
3158	0.545737
3159	0.545728
3160	0.545696
3161	0.545667
3162	0.545570
3163	0.545536
3164	0.545428
3165	0.545413
3166	0.545311
3167	0.545300
3168	0.545210
3169	0.545136
3170	0.545003
3171	0.544862
3172	0.544853
3173	0.544817
3174	0.544781
3175	0.544774
3176	0.544757
3177	0.544703
3178	0.544688
3179	0.544657
3180	0.544635
3181	0.544570
3182	0.544445
3183	0.544426
3184	0.544405
3185	0.544357
3186	0.544290
3187	0.544273
3188	0.544260
3189	0.544109
3190	0.543932
3191	0.543927
3192	0.543919
3193	0.543880
3194	0.543839
3195	0.543797
3196	0.543789
3197	0.543741
3198	0.543715
3199	0.543703
3200	0.543688
3201	0.543641
3202	0.543614
3203	0.543531
3204	0.543511
3205	0.543396
3206	0.543291
3207	0.543252
3208	0.543169
3209	0.542688
3210	0.542657
3211	0.542576
3212	0.542527
3213	0.542517
3214	0.542448
3215	0.542440
3216	0.542417
3217	0.542416
3218	0.542385
3219	0.542355
3220	0.542276
3221	0.542274
3222	0.542265
3223	0.542241
3224	0.542172
3225	0.542112
3226	0.542106
3227	0.541994
3228	0.541958
3229	0.541841
3230	0.541752
3231	0.541736
3232	0.541584
3233	0.541403
3234	0.541305
3235	0.541295
3236	0.541291
3237	0.541241
3238	0.541238
3239	0.541162
3240	0.540985
3241	0.540775
3242	0.540767
3243	0.540615
3244	0.540612
3245	0.540578
3246	0.540495
3247	0.540441
3248	0.540440
3249	0.540430
3250	0.540420
3251	0.540394
3252	0.540323
3253	0.540128
3254	0.539938
3255	0.539861
3256	0.539806
3257	0.539797
3258	0.539742
3259	0.539736
3260	0.539708
3261	0.539705
3262	0.539641
3263	0.539632
3264	0.539619
3265	0.539592
3266	0.539588
3267	0.539576
3268	0.539560
3269	0.539519
3270	0.539508
3271	0.539399
3272	0.539398
3273	0.539340
3274	0.539237
3275	0.539229
3276	0.539146
3277	0.539063
3278	0.539061
3279	0.539041
3280	0.538962
3281	0.538952
3282	0.538830
3283	0.538827
3284	0.538792
3285	0.538743
3286	0.538591
3287	0.538520
3288	0.538495
3289	0.538464
3290	0.538436
3291	0.538314
3292	0.538133
3293	0.538019
3294	0.537949
3295	0.537933
3296	0.537824
3297	0.537823
3298	0.537810
3299	0.537730
3300	0.537648
3301	0.537441
3302	0.537407
3303	0.537373
3304	0.537250
3305	0.537215
3306	0.537173
3307	0.537102
3308	0.536960
3309	0.536898
3310	0.536898
3311	0.536884
3312	0.536882
3313	0.536851
3314	0.536799
3315	0.536678
3316	0.536607
3317	0.536527
3318	0.536505
3319	0.536457
3320	0.536407
3321	0.536333
3322	0.536258
3323	0.536164
3324	0.536021
3325	0.535972
3326	0.535970
3327	0.535936
3328	0.535881
3329	0.535869
3330	0.535622
3331	0.535591
3332	0.535548
3333	0.535514
3334	0.535469
3335	0.535458
3336	0.535273
3337	0.535235
3338	0.535152
3339	0.534878
3340	0.534830
3341	0.534744
3342	0.534692
3343	0.534673
3344	0.534552
3345	0.534547
3346	0.534415
3347	0.534332
3348	0.534326
3349	0.534255
3350	0.534182
3351	0.534165
3352	0.534060
3353	0.534003
3354	0.533968
3355	0.533921
3356	0.533782
3357	0.533771
3358	0.533763
3359	0.533702
3360	0.533647
3361	0.533580
3362	0.533475
3363	0.533471
3364	0.533389
3365	0.533378
3366	0.533354
3367	0.533343
3368	0.533204
3369	0.533136
3370	0.533126
3371	0.533121
3372	0.533066
3373	0.532977
3374	0.532923
3375	0.532807
3376	0.532788
3377	0.532764
3378	0.532754
3379	0.532578
3380	0.532567
3381	0.532467
3382	0.532406
3383	0.532275
3384	0.532251
3385	0.532075
3386	0.532028
3387	0.531937
3388	0.531915
3389	0.531890
3390	0.531849
3391	0.531833
3392	0.531819
3393	0.531740
3394	0.531598
3395	0.531527
3396	0.531461
3397	0.531340
3398	0.531208
3399	0.531081
3400	0.531042
3401	0.530946
3402	0.530837
3403	0.530751
3404	0.530717
3405	0.530690
3406	0.530681
3407	0.530643
3408	0.530489
3409	0.530470
3410	0.530435
3411	0.530425
3412	0.530412
3413	0.530376
3414	0.530314
3415	0.530288
3416	0.530227
3417	0.530190
3418	0.530048
3419	0.530031
3420	0.530031
3421	0.530018
3422	0.529969
3423	0.529821
3424	0.529821
3425	0.529816
3426	0.529706
3427	0.529704
3428	0.529658
3429	0.529601
3430	0.529568
3431	0.529500
3432	0.529477
3433	0.529320
3434	0.529284
3435	0.529188
3436	0.529162
3437	0.528890
3438	0.528861
3439	0.528465
3440	0.528444
3441	0.528322
3442	0.528242
3443	0.528217
3444	0.528099
3445	0.527989
3446	0.527985
3447	0.527961
3448	0.527897
3449	0.527890
3450	0.527845
3451	0.527821
3452	0.527820
3453	0.527716
3454	0.527617
3455	0.527573
3456	0.527571
3457	0.527551
3458	0.527498
3459	0.527489
3460	0.527439
3461	0.527397
3462	0.527322
3463	0.527264
3464	0.527246
3465	0.527243
3466	0.527196
3467	0.527179
3468	0.527166
3469	0.527129
3470	0.526886
3471	0.526807
3472	0.526766
3473	0.526696
3474	0.526676
3475	0.526622
3476	0.526615
3477	0.526611
3478	0.526610
3479	0.526509
3480	0.526454
3481	0.526407
3482	0.526379
3483	0.526359
3484	0.526194
3485	0.526138
3486	0.526034
3487	0.526025
3488	0.526019
3489	0.525843
3490	0.525500
3491	0.525426
3492	0.525420
3493	0.525330
3494	0.525306
3495	0.525226
3496	0.525222
3497	0.525220
3498	0.525169
3499	0.525152
3500	0.525138
3501	0.525132
3502	0.524868
3503	0.524853
3504	0.524847
3505	0.524802
3506	0.524801
3507	0.524734
3508	0.524719
3509	0.524531
3510	0.524519
3511	0.524469
3512	0.524408
3513	0.524397
3514	0.524369
3515	0.524163
3516	0.524104
3517	0.524077
3518	0.524042
3519	0.523979
3520	0.523945
3521	0.523769
3522	0.523652
3523	0.523609
3524	0.523574
3525	0.523570
3526	0.523520
3527	0.523515
3528	0.523323
3529	0.523278
3530	0.523217
3531	0.523205
3532	0.523125
3533	0.523073
3534	0.522979
3535	0.522946
3536	0.522916
3537	0.522867
3538	0.522796
3539	0.522774
3540	0.522743
3541	0.522721
3542	0.522685
3543	0.522644
3544	0.522597
3545	0.522570
3546	0.522533
3547	0.522497
3548	0.522458
3549	0.522450
3550	0.522409
3551	0.522335
3552	0.522312
3553	0.522296
3554	0.522284
3555	0.522238
3556	0.522186
3557	0.522175
3558	0.522160
3559	0.522124
3560	0.522047
3561	0.522017
3562	0.521898
3563	0.521890
3564	0.521883
3565	0.521844
3566	0.521800
3567	0.521770
3568	0.521670
3569	0.521670
3570	0.521659
3571	0.521656
3572	0.521498
3573	0.521486
3574	0.521458
3575	0.521434
3576	0.521414
3577	0.521091
3578	0.521049
3579	0.521021
3580	0.520972
3581	0.520929
3582	0.520915
3583	0.520787
3584	0.520761
3585	0.520730
3586	0.520703
3587	0.520680
3588	0.520360
3589	0.520296
3590	0.520083
3591	0.519937
3592	0.519816
3593	0.519776
3594	0.519560
3595	0.519514
3596	0.519478
3597	0.519450
3598	0.519448
3599	0.519309
3600	0.519271
3601	0.519176
3602	0.519083
3603	0.518988
3604	0.518594
3605	0.518537
3606	0.518465
3607	0.518457
3608	0.518162
3609	0.518108
3610	0.518064
3611	0.518051
3612	0.518046
3613	0.518007
3614	0.517988
3615	0.517764
3616	0.517755
3617	0.517718
3618	0.517682
3619	0.517556
3620	0.517521
3621	0.517504
3622	0.517441
3623	0.517422
3624	0.517421
3625	0.517333
3626	0.517284
3627	0.517256
3628	0.517256
3629	0.517141
3630	0.517083
3631	0.517075
3632	0.517062
3633	0.517048
3634	0.517012
3635	0.516941
3636	0.516908
3637	0.516847
3638	0.516809
3639	0.516737
3640	0.516439
3641	0.516437
3642	0.516345
3643	0.516336
3644	0.516186
3645	0.516184
3646	0.516178
3647	0.516157
3648	0.515886
3649	0.515856
3650	0.515851
3651	0.515750
3652	0.515746
3653	0.515672
3654	0.515370
3655	0.515229
3656	0.515107
3657	0.515096
3658	0.515063
3659	0.515053
3660	0.515026
3661	0.515015
3662	0.514908
3663	0.514563
3664	0.514484
3665	0.514435
3666	0.514311
3667	0.514219
3668	0.514004
3669	0.513996
3670	0.513979
3671	0.513978
3672	0.513749
3673	0.513720
3674	0.513552
3675	0.513536
3676	0.513462
3677	0.513415
3678	0.513407
3679	0.513259
3680	0.513191
3681	0.513011
3682	0.513009
3683	0.513004
3684	0.513003
3685	0.512987
3686	0.512968
3687	0.512963
3688	0.512918
3689	0.512906
3690	0.512862
3691	0.512713
3692	0.512694
3693	0.512677
3694	0.512573
3695	0.512487
3696	0.512414
3697	0.512355
3698	0.512247
3699	0.512071
3700	0.512064
3701	0.511993
3702	0.511975
3703	0.511972
3704	0.511848
3705	0.511840
3706	0.511751
3707	0.511442
3708	0.511421
3709	0.511408
3710	0.511356
3711	0.511325
3712	0.511254
3713	0.511217
3714	0.510905
3715	0.510857
3716	0.510721
3717	0.510628
3718	0.510579
3719	0.510575
3720	0.510501
3721	0.510457
3722	0.510412
3723	0.510316
3724	0.510176
3725	0.510152
3726	0.510148
3727	0.510090
3728	0.509942
3729	0.509935
3730	0.509854
3731	0.509778
3732	0.509752
3733	0.509562
3734	0.509547
3735	0.509529
3736	0.509443
3737	0.509318
3738	0.509302
3739	0.509298
3740	0.509147
3741	0.509038
3742	0.509020
3743	0.508934
3744	0.508902
3745	0.508858
3746	0.508644
3747	0.508609
3748	0.508552
3749	0.508480
3750	0.508451
3751	0.508358
3752	0.508326
3753	0.508264
3754	0.508161
3755	0.508149
3756	0.508034
3757	0.508000
3758	0.507930
3759	0.507831
3760	0.507753
3761	0.507692
3762	0.507682
3763	0.507638
3764	0.507607
3765	0.507605
3766	0.507568
3767	0.507503
3768	0.507496
3769	0.507406
3770	0.507358
3771	0.507265
3772	0.507228
3773	0.507199
3774	0.507064
3775	0.506949
3776	0.506914
3777	0.506853
3778	0.506684
3779	0.506646
3780	0.506645
3781	0.506583
3782	0.506567
3783	0.506565
3784	0.506553
3785	0.506545
3786	0.506409
3787	0.506400
3788	0.506387
3789	0.506147
3790	0.506136
3791	0.506099
3792	0.506006
3793	0.505926
3794	0.505920
3795	0.505892
3796	0.505799
3797	0.505631
3798	0.505587
3799	0.505562
3800	0.505512
3801	0.505317
3802	0.505279
3803	0.505015
3804	0.504999
3805	0.504892
3806	0.504833
3807	0.504800
3808	0.504789
3809	0.504695
3810	0.504652
3811	0.504630
3812	0.504602
3813	0.504583
3814	0.504512
3815	0.504493
3816	0.504457
3817	0.504455
3818	0.504312
3819	0.504291
3820	0.504199
3821	0.504194
3822	0.504156
3823	0.504136
3824	0.504122
3825	0.504079
3826	0.504020
3827	0.504010
3828	0.503994
3829	0.503970
3830	0.503888
3831	0.503834
3832	0.503763
3833	0.503673
3834	0.503663
3835	0.503644
3836	0.503398
3837	0.503390
3838	0.503312
3839	0.503302
3840	0.503226
3841	0.503203
3842	0.503190
3843	0.503115
3844	0.502965
3845	0.502882
3846	0.502880
3847	0.502864
3848	0.502764
3849	0.502681
3850	0.502639
3851	0.502544
3852	0.502483
3853	0.502451
3854	0.502441
3855	0.502397
3856	0.502363
3857	0.502315
3858	0.502260
3859	0.502213
3860	0.502091
3861	0.501954
3862	0.501876
3863	0.501804
3864	0.501765
3865	0.501672
3866	0.501657
3867	0.501502
3868	0.501419
3869	0.501261
3870	0.501225
3871	0.501093
3872	0.501003
3873	0.500933
3874	0.500924
3875	0.500893
3876	0.500855
3877	0.500810
3878	0.500790
3879	0.500759
3880	0.500713
3881	0.500711
3882	0.500684
3883	0.500683
3884	0.500664
3885	0.500653
3886	0.500508
3887	0.500447
3888	0.500443
3889	0.500352
3890	0.500284
3891	0.500218
3892	0.500203
3893	0.500126
3894	0.500098
3895	0.500092
3896	0.500027
3897	0.499984
3898	0.499938
3899	0.499930
3900	0.499404
3901	0.499390
3902	0.499271
3903	0.499253
3904	0.499011
3905	0.498908
3906	0.498700
3907	0.498176
3908	0.498013
3909	0.497993
3910	0.497941
3911	0.497915
3912	0.497887
3913	0.497760
3914	0.497678
3915	0.497655
3916	0.497395
3917	0.497347
3918	0.497269
3919	0.497220
3920	0.497118
3921	0.497039
3922	0.496981
3923	0.496780
3924	0.496688
3925	0.496663
3926	0.496637
3927	0.496374
3928	0.496373
3929	0.496342
3930	0.495930
3931	0.495732
3932	0.495707
3933	0.495580
3934	0.495517
3935	0.495389
3936	0.495342
3937	0.495307
3938	0.495266
3939	0.495232
3940	0.494913
3941	0.494608
3942	0.494547
3943	0.494534
3944	0.494330
3945	0.494300
3946	0.494232
3947	0.494073
3948	0.494001
3949	0.493913
3950	0.493900
3951	0.493865
3952	0.493798
3953	0.493778
3954	0.493706
3955	0.493345
3956	0.493273
3957	0.493200
3958	0.493146
3959	0.493141
3960	0.493087
3961	0.492993
3962	0.492718
3963	0.492684
3964	0.492679
3965	0.492620
3966	0.492588
3967	0.492517
3968	0.492468
3969	0.492436
3970	0.492434
3971	0.492385
3972	0.492315
3973	0.492276
3974	0.492240
3975	0.492231
3976	0.492134
3977	0.491966
3978	0.491943
3979	0.491936
3980	0.491877
3981	0.491682
3982	0.491665
3983	0.491321
3984	0.491069
3985	0.491020
3986	0.490723
3987	0.490620
3988	0.490504
3989	0.490481
3990	0.490288
3991	0.490243
3992	0.490163
3993	0.490085
3994	0.489827
3995	0.489796
3996	0.489786
3997	0.489703
3998	0.489662
3999	0.489652
4000	0.489652
4001	0.489493
4002	0.489487
4003	0.489427
4004	0.489416
4005	0.489265
4006	0.489208
4007	0.489163
4008	0.489008
4009	0.488950
4010	0.488884
4011	0.488852
4012	0.488849
4013	0.488730
4014	0.488673
4015	0.488454
4016	0.488451
4017	0.488423
4018	0.488359
4019	0.488336
4020	0.488314
4021	0.488297
4022	0.488263
4023	0.488178
4024	0.488173
4025	0.488120
4026	0.488043
4027	0.488035
4028	0.488032
4029	0.487941
4030	0.487842
4031	0.487748
4032	0.487731
4033	0.487730
4034	0.487645
4035	0.487504
4036	0.487467
4037	0.487372
4038	0.487362
4039	0.487189
4040	0.487144
4041	0.486995
4042	0.486977
4043	0.486973
4044	0.486822
4045	0.486799
4046	0.486696
4047	0.486570
4048	0.486535
4049	0.486534
4050	0.486020
4051	0.485990
4052	0.485708
4053	0.485621
4054	0.485620
4055	0.485498
4056	0.485358
4057	0.485172
4058	0.484925
4059	0.484853
4060	0.484780
4061	0.484589
4062	0.484477
4063	0.484454
4064	0.484313
4065	0.484107
4066	0.484000
4067	0.483944
4068	0.483923
4069	0.483871
4070	0.483751
4071	0.483706
4072	0.483682
4073	0.483624
4074	0.483569
4075	0.483515
4076	0.483510
4077	0.483483
4078	0.483374
4079	0.483200
4080	0.483058
4081	0.482964
4082	0.482939
4083	0.482840
4084	0.482792
4085	0.482480
4086	0.482369
4087	0.482265
4088	0.482248
4089	0.482132
4090	0.481876
4091	0.481670
4092	0.481609
4093	0.481493
4094	0.481461
4095	0.481395
4096	0.481357
4097	0.481299
4098	0.481286
4099	0.481019
4100	0.480985
4101	0.480814
4102	0.480509
4103	0.480410
4104	0.480404
4105	0.480402
4106	0.480331
4107	0.480317
4108	0.480305
4109	0.480215
4110	0.480022
4111	0.479986
4112	0.479909
4113	0.479875
4114	0.479835
4115	0.479780
4116	0.479571
4117	0.479499
4118	0.479283
4119	0.479152
4120	0.479095
4121	0.479087
4122	0.478891
4123	0.478766
4124	0.478714
4125	0.478514
4126	0.478338
4127	0.478280
4128	0.478158
4129	0.478096
4130	0.477939
4131	0.477902
4132	0.477789
4133	0.477781
4134	0.477733
4135	0.477457
4136	0.477316
4137	0.477209
4138	0.477045
4139	0.476991
4140	0.476984
4141	0.476853
4142	0.476779
4143	0.476523
4144	0.476511
4145	0.476511
4146	0.476229
4147	0.475991
4148	0.475761
4149	0.475530
4150	0.475486
4151	0.475015
4152	0.474993
4153	0.474817
4154	0.474802
4155	0.474792
4156	0.474651
4157	0.474597
4158	0.474588
4159	0.474579
4160	0.474456
4161	0.474352
4162	0.474344
4163	0.474267
4164	0.474240
4165	0.474162
4166	0.474088
4167	0.474014
4168	0.473826
4169	0.473633
4170	0.473510
4171	0.473332
4172	0.473169
4173	0.473068
4174	0.473022
4175	0.472984
4176	0.472941
4177	0.472850
4178	0.472776
4179	0.472655
4180	0.472652
4181	0.472593
4182	0.472435
4183	0.472395
4184	0.472188
4185	0.472139
4186	0.471798
4187	0.471752
4188	0.471707
4189	0.471706
4190	0.471654
4191	0.471351
4192	0.471242
4193	0.471240
4194	0.471222
4195	0.470801
4196	0.470545
4197	0.470530
4198	0.470472
4199	0.470391
4200	0.470173
4201	0.470121
4202	0.469997
4203	0.469978
4204	0.469752
4205	0.469660
4206	0.469629
4207	0.469314
4208	0.469137
4209	0.469096
4210	0.469067
4211	0.468997
4212	0.468983
4213	0.468911
4214	0.468906
4215	0.468869
4216	0.468805
4217	0.468782
4218	0.468720
4219	0.468510
4220	0.468345
4221	0.468274
4222	0.468158
4223	0.468109
4224	0.468105
4225	0.468085
4226	0.468067
4227	0.468061
4228	0.467993
4229	0.467977
4230	0.467892
4231	0.467812
4232	0.467780
4233	0.467743
4234	0.467688
4235	0.467647
4236	0.467477
4237	0.467359
4238	0.467288
4239	0.467072
4240	0.466889
4241	0.466850
4242	0.466822
4243	0.466816
4244	0.466781
4245	0.466746
4246	0.466739
4247	0.466685
4248	0.466672
4249	0.466666
4250	0.466659
4251	0.466630
4252	0.466626
4253	0.466569
4254	0.466559
4255	0.466343
4256	0.466267
4257	0.465994
4258	0.465919
4259	0.465863
4260	0.465853
4261	0.465636
4262	0.465609
4263	0.465572
4264	0.465523
4265	0.465433
4266	0.465188
4267	0.465163
4268	0.465105
4269	0.465060
4270	0.465056
4271	0.464870
4272	0.464864
4273	0.464806
4274	0.464763
4275	0.464667
4276	0.464513
4277	0.464435
4278	0.464416
4279	0.464401
4280	0.464221
4281	0.464086
4282	0.464071
4283	0.464007
4284	0.463879
4285	0.463817
4286	0.463711
4287	0.463704
4288	0.463458
4289	0.463314
4290	0.463154
4291	0.462936
4292	0.462933
4293	0.462713
4294	0.462643
4295	0.462631
4296	0.462628
4297	0.462530
4298	0.462280
4299	0.462273
4300	0.462230
4301	0.462090
4302	0.462090
4303	0.462033
4304	0.462001
4305	0.461936
4306	0.461919
4307	0.461914
4308	0.461851
4309	0.461821
4310	0.461799
4311	0.461621
4312	0.461581
4313	0.461375
4314	0.461084
4315	0.461076
4316	0.460815
4317	0.460677
4318	0.460580
4319	0.460569
4320	0.460547
4321	0.460537
4322	0.460477
4323	0.460362
4324	0.459990
4325	0.459971
4326	0.459931
4327	0.459804
4328	0.459768
4329	0.459719
4330	0.459681
4331	0.459539
4332	0.459503
4333	0.459430
4334	0.459410
4335	0.459408
4336	0.459408
4337	0.459314
4338	0.459076
4339	0.458976
4340	0.458747
4341	0.458504
4342	0.458469
4343	0.458393
4344	0.458284
4345	0.458170
4346	0.458037
4347	0.457997
4348	0.457790
4349	0.457754
4350	0.457643
4351	0.457117
4352	0.457109
4353	0.457100
4354	0.456979
4355	0.456844
4356	0.456772
4357	0.456772
4358	0.456736
4359	0.456627
4360	0.456561
4361	0.456514
4362	0.456381
4363	0.456296
4364	0.456247
4365	0.456189
4366	0.456159
4367	0.455993
4368	0.455957
4369	0.455839
4370	0.455825
4371	0.455627
4372	0.455565
4373	0.455329
4374	0.455244
4375	0.455162
4376	0.455080
4377	0.455074
4378	0.454797
4379	0.454727
4380	0.454659
4381	0.454631
4382	0.454533
4383	0.454517
4384	0.454473
4385	0.454413
4386	0.454387
4387	0.454368
4388	0.454302
4389	0.454301
4390	0.454220
4391	0.454000
4392	0.453941
4393	0.453760
4394	0.453739
4395	0.453520
4396	0.453510
4397	0.453422
4398	0.453419
4399	0.453164
4400	0.453123
4401	0.453107
4402	0.453050
4403	0.452941
4404	0.452926
4405	0.452431
4406	0.452379
4407	0.452361
4408	0.452130
4409	0.452098
4410	0.452043
4411	0.452030
4412	0.452012
4413	0.452006
4414	0.451987
4415	0.451965
4416	0.451960
4417	0.451798
4418	0.451384
4419	0.451328
4420	0.451291
4421	0.450929
4422	0.450898
4423	0.450886
4424	0.450831
4425	0.450776
4426	0.450578
4427	0.450572
4428	0.450562
4429	0.450508
4430	0.450388
4431	0.450373
4432	0.450372
4433	0.450370
4434	0.450165
4435	0.450157
4436	0.450006
4437	0.449995
4438	0.449950
4439	0.449765
4440	0.449732
4441	0.449726
4442	0.449515
4443	0.449470
4444	0.449356
4445	0.449340
4446	0.449264
4447	0.449197
4448	0.449195
4449	0.449076
4450	0.449076
4451	0.449057
4452	0.449044
4453	0.448956
4454	0.448702
4455	0.448669
4456	0.448593
4457	0.448482
4458	0.448356
4459	0.448325
4460	0.448290
4461	0.448265
4462	0.448227
4463	0.448219
4464	0.448133
4465	0.448115
4466	0.448065
4467	0.447930
4468	0.447863
4469	0.447810
4470	0.447699
4471	0.447571
4472	0.447419
4473	0.447077
4474	0.447073
4475	0.447045
4476	0.446874
4477	0.446713
4478	0.446604
4479	0.446439
4480	0.446371
4481	0.446283
4482	0.446187
4483	0.446148
4484	0.446062
4485	0.445947
4486	0.445799
4487	0.445773
4488	0.445454
4489	0.445414
4490	0.445397
4491	0.445380
4492	0.445353
4493	0.445317
4494	0.445278
4495	0.445120
4496	0.445010
4497	0.444946
4498	0.444896
4499	0.444793
4500	0.444745
4501	0.444707
4502	0.444606
4503	0.444570
4504	0.444502
4505	0.444334
4506	0.444300
4507	0.444110
4508	0.444015
4509	0.444006
4510	0.443916
4511	0.443898
4512	0.443615
4513	0.443578
4514	0.443540
4515	0.443388
4516	0.443334
4517	0.443238
4518	0.443176
4519	0.443174
4520	0.443125
4521	0.442968
4522	0.442906
4523	0.442854
4524	0.442842
4525	0.442607
4526	0.442481
4527	0.442464
4528	0.442384
4529	0.442313
4530	0.442204
4531	0.442175
4532	0.442056
4533	0.442046
4534	0.441917
4535	0.441462
4536	0.441310
4537	0.441264
4538	0.441222
4539	0.441167
4540	0.440918
4541	0.440582
4542	0.440437
4543	0.440397
4544	0.440371
4545	0.440177
4546	0.440122
4547	0.440110
4548	0.439917
4549	0.439906
4550	0.439755
4551	0.439685
4552	0.439637
4553	0.439630
4554	0.439594
4555	0.439419
4556	0.439245
4557	0.439183
4558	0.439132
4559	0.439074
4560	0.438965
4561	0.438937
4562	0.438845
4563	0.438565
4564	0.438509
4565	0.438385
4566	0.438380
4567	0.438242
4568	0.438216
4569	0.438160
4570	0.438107
4571	0.437932
4572	0.437663
4573	0.437501
4574	0.437375
4575	0.437337
4576	0.437002
4577	0.436921
4578	0.436641
4579	0.436501
4580	0.436163
4581	0.435944
4582	0.435941
4583	0.435870
4584	0.435852
4585	0.435765
4586	0.435697
4587	0.435593
4588	0.435454
4589	0.435432
4590	0.435391
4591	0.435355
4592	0.435280
4593	0.435219
4594	0.435137
4595	0.435019
4596	0.434836
4597	0.434772
4598	0.434769
4599	0.434629
4600	0.434591
4601	0.434555
4602	0.434550
4603	0.434538
4604	0.434472
4605	0.434389
4606	0.434331
4607	0.434244
4608	0.434194
4609	0.433867
4610	0.433725
4611	0.433404
4612	0.433384
4613	0.433381
4614	0.433253
4615	0.433224
4616	0.432981
4617	0.432883
4618	0.432627
4619	0.432408
4620	0.432378
4621	0.432346
4622	0.432163
4623	0.431871
4624	0.431724
4625	0.431709
4626	0.431667
4627	0.431574
4628	0.431574
4629	0.431504
4630	0.431418
4631	0.431413
4632	0.431407
4633	0.431358
4634	0.431327
4635	0.431286
4636	0.431200
4637	0.431152
4638	0.431014
4639	0.430933
4640	0.430876
4641	0.430818
4642	0.430655
4643	0.430459
4644	0.430431
4645	0.430323
4646	0.430167
4647	0.430149
4648	0.430053
4649	0.430008
4650	0.429977
4651	0.429682
4652	0.429595
4653	0.429382
4654	0.429152
4655	0.429142
4656	0.428813
4657	0.428591
4658	0.428393
4659	0.428228
4660	0.428164
4661	0.428074
4662	0.428057
4663	0.427944
4664	0.427877
4665	0.427850
4666	0.427826
4667	0.427749
4668	0.427683
4669	0.427459
4670	0.427369
4671	0.427341
4672	0.427273
4673	0.427199
4674	0.427085
4675	0.427058
4676	0.427040
4677	0.426711
4678	0.426671
4679	0.426333
4680	0.426328
4681	0.426263
4682	0.426179
4683	0.425848
4684	0.425713
4685	0.425436
4686	0.425419
4687	0.425396
4688	0.425345
4689	0.425162
4690	0.425123
4691	0.424955
4692	0.424908
4693	0.424862
4694	0.424766
4695	0.424752
4696	0.424716
4697	0.424596
4698	0.424291
4699	0.424230
4700	0.424216
4701	0.424142
4702	0.423897
4703	0.423844
4704	0.423679
4705	0.423653
4706	0.423470
4707	0.423352
4708	0.423278
4709	0.423136
4710	0.422972
4711	0.422960
4712	0.422829
4713	0.422810
4714	0.422710
4715	0.422640
4716	0.422451
4717	0.422354
4718	0.422145
4719	0.422008
4720	0.421999
4721	0.421795
4722	0.421662
4723	0.421468
4724	0.421460
4725	0.421420
4726	0.421197
4727	0.421152
4728	0.421047
4729	0.420793
4730	0.420597
4731	0.420550
4732	0.420371
4733	0.420051
4734	0.419964
4735	0.419782
4736	0.419662
4737	0.419627
4738	0.419597
4739	0.419496
4740	0.419411
4741	0.419377
4742	0.419262
4743	0.419168
4744	0.419125
4745	0.419105
4746	0.419061
4747	0.418799
4748	0.418757
4749	0.418695
4750	0.418679
4751	0.418584
4752	0.418544
4753	0.418510
4754	0.418468
4755	0.418381
4756	0.418304
4757	0.418166
4758	0.418075
4759	0.417725
4760	0.417724
4761	0.417701
4762	0.417501
4763	0.417315
4764	0.417296
4765	0.417241
4766	0.417097
4767	0.417084
4768	0.417050
4769	0.416916
4770	0.416798
4771	0.416511
4772	0.416007
4773	0.415686
4774	0.415661
4775	0.415618
4776	0.415531
4777	0.415512
4778	0.415446
4779	0.415325
4780	0.415207
4781	0.415194
4782	0.415160
4783	0.415072
4784	0.414895
4785	0.414808
4786	0.414785
4787	0.414643
4788	0.414417
4789	0.414324
4790	0.413969
4791	0.413688
4792	0.413638
4793	0.413072
4794	0.413020
4795	0.412878
4796	0.412828
4797	0.412762
4798	0.412714
4799	0.412712
4800	0.412649
4801	0.412584
4802	0.412430
4803	0.412280
4804	0.412267
4805	0.412239
4806	0.412208
4807	0.412178
4808	0.412122
4809	0.412053
4810	0.412040
4811	0.411926
4812	0.411779
4813	0.411743
4814	0.411654
4815	0.411506
4816	0.411134
4817	0.411102
4818	0.411086
4819	0.411048
4820	0.411043
4821	0.411013
4822	0.410943
4823	0.410897
4824	0.410873
4825	0.410723
4826	0.410707
4827	0.410586
4828	0.410117
4829	0.410115
4830	0.410014
4831	0.409719
4832	0.409685
4833	0.409651
4834	0.409599
4835	0.409366
4836	0.409316
4837	0.409315
4838	0.409168
4839	0.408996
4840	0.408968
4841	0.408602
4842	0.408166
4843	0.408136
4844	0.408074
4845	0.408070
4846	0.407808
4847	0.407761
4848	0.407235
4849	0.406921
4850	0.406894
4851	0.406876
4852	0.406862
4853	0.406705
4854	0.406564
4855	0.406560
4856	0.406435
4857	0.406420
4858	0.405889
4859	0.405886
4860	0.405732
4861	0.405540
4862	0.405437
4863	0.405406
4864	0.405392
4865	0.405224
4866	0.405178
4867	0.405165
4868	0.404986
4869	0.404986
4870	0.404936
4871	0.404825
4872	0.404600
4873	0.404578
4874	0.404270
4875	0.404170
4876	0.403973
4877	0.403904
4878	0.403685
4879	0.403561
4880	0.403355
4881	0.403204
4882	0.403197
4883	0.403087
4884	0.402963
4885	0.402909
4886	0.402775
4887	0.402652
4888	0.402547
4889	0.402389
4890	0.402291
4891	0.402263
4892	0.402221
4893	0.402203
4894	0.401992
4895	0.401692
4896	0.401615
4897	0.401588
4898	0.401322
4899	0.401170
4900	0.401130
4901	0.401080
4902	0.400840
4903	0.400534
4904	0.400525
4905	0.400334
4906	0.400333
4907	0.400265
4908	0.400233
4909	0.400216
4910	0.400127
4911	0.399903
4912	0.399747
4913	0.399350
4914	0.399348
4915	0.399128
4916	0.399039
4917	0.398854
4918	0.398725
4919	0.398580
4920	0.398453
4921	0.398295
4922	0.398239
4923	0.397995
4924	0.397823
4925	0.397746
4926	0.397533
4927	0.397518
4928	0.397365
4929	0.397298
4930	0.397255
4931	0.397238
4932	0.397213
4933	0.397204
4934	0.397169
4935	0.396962
4936	0.396873
4937	0.396784
4938	0.396705
4939	0.396528
4940	0.396126
4941	0.395994
4942	0.395994
4943	0.395902
4944	0.395698
4945	0.395690
4946	0.395586
4947	0.395582
4948	0.395467
4949	0.395391
4950	0.395348
4951	0.395335
4952	0.395259
4953	0.395216
4954	0.395147
4955	0.395108
4956	0.394965
4957	0.394853
4958	0.394767
4959	0.394684
4960	0.394577
4961	0.394505
4962	0.394502
4963	0.394260
4964	0.394054
4965	0.393757
4966	0.393749
4967	0.393622
4968	0.393363
4969	0.393312
4970	0.393140
4971	0.393120
4972	0.393080
4973	0.392810
4974	0.392750
4975	0.392667
4976	0.392661
4977	0.392467
4978	0.392308
4979	0.392292
4980	0.392208
4981	0.391968
4982	0.391924
4983	0.391893
4984	0.391858
4985	0.391810
4986	0.391659
4987	0.391656
4988	0.391552
4989	0.391512
4990	0.391501
4991	0.391337
4992	0.391326
4993	0.391120
4994	0.391068
4995	0.390935
4996	0.390807
4997	0.390684
4998	0.390635
4999	0.390512
5000	0.390383
5001	0.390372
5002	0.390079
5003	0.390039
5004	0.390012
5005	0.389999
5006	0.389912
5007	0.389621
5008	0.389565
5009	0.389473
5010	0.389136
5011	0.388984
5012	0.388967
5013	0.388892
5014	0.388860
5015	0.388595
5016	0.388497
5017	0.388407
5018	0.388273
5019	0.388174
5020	0.387854
5021	0.387577
5022	0.387554
5023	0.387523
5024	0.387429
5025	0.387382
5026	0.387172
5027	0.387047
5028	0.386982
5029	0.386947
5030	0.386775
5031	0.386441
5032	0.386379
5033	0.386374
5034	0.386356
5035	0.386310
5036	0.386264
5037	0.386102
5038	0.385766
5039	0.385709
5040	0.385460
5041	0.385377
5042	0.385363
5043	0.385197
5044	0.385146
5045	0.385099
5046	0.385019
5047	0.384860
5048	0.384684
5049	0.384642
5050	0.384632
5051	0.384632
5052	0.384534
5053	0.384326
5054	0.384144
5055	0.383996
5056	0.383985
5057	0.383767
5058	0.383659
5059	0.383283
5060	0.383269
5061	0.383194
5062	0.382996
5063	0.382920
5064	0.382794
5065	0.382779
5066	0.382769
5067	0.382707
5068	0.382664
5069	0.382564
5070	0.382544
5071	0.382515
5072	0.382320
5073	0.382283
5074	0.382241
5075	0.382235
5076	0.382072
5077	0.382036
5078	0.381918
5079	0.381887
5080	0.381867
5081	0.381852
5082	0.381847
5083	0.381766
5084	0.381741
5085	0.381740
5086	0.381517
5087	0.381378
5088	0.381053
5089	0.380968
5090	0.380766
5091	0.380400
5092	0.380312
5093	0.380288
5094	0.380089
5095	0.380002
5096	0.379732
5097	0.379696
5098	0.379656
5099	0.379639
5100	0.379628
5101	0.379535
5102	0.379491
5103	0.379472
5104	0.379196
5105	0.379165
5106	0.379121
5107	0.379078
5108	0.379040
5109	0.379012
5110	0.378993
5111	0.378925
5112	0.378789
5113	0.378736
5114	0.378679
5115	0.378391
5116	0.378329
5117	0.378225
5118	0.378197
5119	0.378161
5120	0.378112
5121	0.378088
5122	0.378037
5123	0.377985
5124	0.377917
5125	0.377869
5126	0.377750
5127	0.377522
5128	0.377393
5129	0.377332
5130	0.377206
5131	0.377169
5132	0.377047
5133	0.376625
5134	0.376386
5135	0.376220
5136	0.375958
5137	0.375893
5138	0.375875
5139	0.375787
5140	0.375763
5141	0.375650
5142	0.375537
5143	0.375373
5144	0.375273
5145	0.375135
5146	0.374913
5147	0.374857
5148	0.374855
5149	0.374807
5150	0.374643
5151	0.374575
5152	0.374116
5153	0.374050
5154	0.373794
5155	0.373782
5156	0.373702
5157	0.373672
5158	0.373584
5159	0.373482
5160	0.373447
5161	0.373430
5162	0.373311
5163	0.373173
5164	0.373155
5165	0.373112
5166	0.373032
5167	0.372788
5168	0.372711
5169	0.372696
5170	0.372680
5171	0.372607
5172	0.372601
5173	0.372491
5174	0.372430
5175	0.372299
5176	0.372262
5177	0.372207
5178	0.372058
5179	0.371603
5180	0.371490
5181	0.371208
5182	0.371106
5183	0.371067
5184	0.371060
5185	0.370937
5186	0.370884
5187	0.370870
5188	0.370740
5189	0.370707
5190	0.370105
5191	0.370086
5192	0.369801
5193	0.369777
5194	0.369738
5195	0.369684
5196	0.369310
5197	0.369305
5198	0.369228
5199	0.369102
5200	0.369055
5201	0.369019
5202	0.368953
5203	0.368938
5204	0.368356
5205	0.368268
5206	0.368209
5207	0.368178
5208	0.368077
5209	0.368058
5210	0.367980
5211	0.367873
5212	0.367705
5213	0.367690
5214	0.367457
5215	0.367427
5216	0.367374
5217	0.367336
5218	0.367275
5219	0.366959
5220	0.366670
5221	0.366611
5222	0.366433
5223	0.366418
5224	0.366409
5225	0.366329
5226	0.366327
5227	0.366294
5228	0.366197
5229	0.366132
5230	0.366079
5231	0.366037
5232	0.365988
5233	0.365866
5234	0.365690
5235	0.365563
5236	0.365221
5237	0.365085
5238	0.365075
5239	0.364892
5240	0.364863
5241	0.364816
5242	0.364545
5243	0.364332
5244	0.364260
5245	0.364229
5246	0.364108
5247	0.364088
5248	0.363928
5249	0.363812
5250	0.363767
5251	0.363642
5252	0.363628
5253	0.363626
5254	0.363584
5255	0.363524
5256	0.363253
5257	0.363079
5258	0.363008
5259	0.362973
5260	0.362284
5261	0.362142
5262	0.362091
5263	0.361771
5264	0.361766
5265	0.361733
5266	0.361697
5267	0.361123
5268	0.360959
5269	0.360728
5270	0.360577
5271	0.360567
5272	0.360458
5273	0.360291
5274	0.360202
5275	0.360103
5276	0.360040
5277	0.360034
5278	0.359920
5279	0.359573
5280	0.359555
5281	0.359335
5282	0.359267
5283	0.359110
5284	0.358988
5285	0.358746
5286	0.358739
5287	0.358646
5288	0.358555
5289	0.358404
5290	0.358390
5291	0.358319
5292	0.358256
5293	0.358189
5294	0.358079
5295	0.357840
5296	0.357804
5297	0.357719
5298	0.357711
5299	0.357643
5300	0.357526
5301	0.357523
5302	0.357493
5303	0.357329
5304	0.357259
5305	0.357254
5306	0.357179
5307	0.357130
5308	0.356852
5309	0.356707
5310	0.356683
5311	0.356605
5312	0.356566
5313	0.356560
5314	0.356425
5315	0.356364
5316	0.356323
5317	0.356312
5318	0.356281
5319	0.356102
5320	0.356085
5321	0.355994
5322	0.355913
5323	0.355506
5324	0.355487
5325	0.355456
5326	0.355274
5327	0.355144
5328	0.355104
5329	0.355066
5330	0.354883
5331	0.354781
5332	0.354432
5333	0.354398
5334	0.354277
5335	0.353976
5336	0.353761
5337	0.353695
5338	0.353571
5339	0.353316
5340	0.353090
5341	0.352775
5342	0.352725
5343	0.352682
5344	0.352635
5345	0.352587
5346	0.352463
5347	0.352449
5348	0.352182
5349	0.351997
5350	0.351917
5351	0.351711
5352	0.351697
5353	0.351551
5354	0.351220
5355	0.351180
5356	0.351164
5357	0.351016
5358	0.350944
5359	0.350694
5360	0.350575
5361	0.350513
5362	0.350274
5363	0.350123
5364	0.350067
5365	0.350041
5366	0.350037
5367	0.349944
5368	0.349885
5369	0.349840
5370	0.349673
5371	0.349658
5372	0.349604
5373	0.349408
5374	0.349327
5375	0.349284
5376	0.349112
5377	0.349009
5378	0.348994
5379	0.348993
5380	0.348589
5381	0.348485
5382	0.348380
5383	0.348309
5384	0.348247
5385	0.348101
5386	0.347871
5387	0.347834
5388	0.347785
5389	0.347742
5390	0.347637
5391	0.347536
5392	0.347523
5393	0.347514
5394	0.347482
5395	0.347432
5396	0.347323
5397	0.346974
5398	0.346905
5399	0.346851
5400	0.346715
5401	0.346218
5402	0.346107
5403	0.346068
5404	0.346057
5405	0.346014
5406	0.345980
5407	0.345888
5408	0.345754
5409	0.345607
5410	0.345586
5411	0.345513
5412	0.345432
5413	0.345325
5414	0.345022
5415	0.345002
5416	0.344923
5417	0.344866
5418	0.344852
5419	0.344805
5420	0.344786
5421	0.344720
5422	0.344707
5423	0.344417
5424	0.344063
5425	0.343976
5426	0.343910
5427	0.343655
5428	0.343634
5429	0.343598
5430	0.343531
5431	0.343500
5432	0.343485
5433	0.343368
5434	0.343136
5435	0.343134
5436	0.343029
5437	0.342987
5438	0.342961
5439	0.342891
5440	0.342881
5441	0.342877
5442	0.342781
5443	0.342741
5444	0.342729
5445	0.342728
5446	0.342707
5447	0.342683
5448	0.342677
5449	0.342562
5450	0.342561
5451	0.342547
5452	0.342505
5453	0.342363
5454	0.341869
5455	0.341853
5456	0.341668
5457	0.341604
5458	0.341537
5459	0.341529
5460	0.340906
5461	0.340868
5462	0.340517
5463	0.340509
5464	0.340344
5465	0.340096
5466	0.340056
5467	0.339844
5468	0.339791
5469	0.339387
5470	0.339365
5471	0.339100
5472	0.339066
5473	0.338836
5474	0.338806
5475	0.338711
5476	0.338641
5477	0.338310
5478	0.338198
5479	0.338187
5480	0.338140
5481	0.338121
5482	0.338053
5483	0.338026
5484	0.338026
5485	0.337934
5486	0.337909
5487	0.337869
5488	0.337784
5489	0.337291
5490	0.337232
5491	0.337201
5492	0.337178
5493	0.336756
5494	0.336627
5495	0.336594
5496	0.336573
5497	0.336446
5498	0.336369
5499	0.336280
5500	0.336254
5501	0.335764
5502	0.335654
5503	0.335372
5504	0.335264
5505	0.335226
5506	0.335120
5507	0.335072
5508	0.334889
5509	0.334670
5510	0.334515
5511	0.334354
5512	0.334303
5513	0.334293
5514	0.334280
5515	0.334194
5516	0.334106
5517	0.334101
5518	0.334025
5519	0.333918
5520	0.333913
5521	0.333854
5522	0.333632
5523	0.333589
5524	0.333273
5525	0.333151
5526	0.333141
5527	0.332934
5528	0.332828
5529	0.332624
5530	0.332624
5531	0.332406
5532	0.332243
5533	0.332017
5534	0.331895
5535	0.331564
5536	0.331017
5537	0.330827
5538	0.330750
5539	0.330731
5540	0.330651
5541	0.330650
5542	0.330584
5543	0.330355
5544	0.330253
5545	0.330160
5546	0.330116
5547	0.329994
5548	0.329846
5549	0.329836
5550	0.329756
5551	0.329567
5552	0.329435
5553	0.329346
5554	0.329146
5555	0.329073
5556	0.329006
5557	0.328985
5558	0.328305
5559	0.328211
5560	0.328093
5561	0.328074
5562	0.327978
5563	0.327954
5564	0.327894
5565	0.327885
5566	0.327787
5567	0.327694
5568	0.327660
5569	0.327657
5570	0.327590
5571	0.327548
5572	0.327404
5573	0.327368
5574	0.327114
5575	0.327011
5576	0.326926
5577	0.326907
5578	0.326761
5579	0.326459
5580	0.325868
5581	0.325815
5582	0.325756
5583	0.325680
5584	0.325459
5585	0.325435
5586	0.325381
5587	0.325376
5588	0.325293
5589	0.325272
5590	0.325263
5591	0.325134
5592	0.324913
5593	0.324767
5594	0.324312
5595	0.324309
5596	0.324299
5597	0.324019
5598	0.324012
5599	0.323966
5600	0.323813
5601	0.323689
5602	0.323532
5603	0.323257
5604	0.323139
5605	0.323129
5606	0.323103
5607	0.323094
5608	0.322988
5609	0.322776
5610	0.322575
5611	0.322491
5612	0.322062
5613	0.322054
5614	0.322025
5615	0.321943
5616	0.321876
5617	0.321853
5618	0.321744
5619	0.321726
5620	0.321707
5621	0.321476
5622	0.321441
5623	0.321316
5624	0.321259
5625	0.321027
5626	0.320866
5627	0.320695
5628	0.320560
5629	0.320400
5630	0.320378
5631	0.320121
5632	0.320113
5633	0.320045
5634	0.320003
5635	0.319622
5636	0.319545
5637	0.319400
5638	0.319341
5639	0.319239
5640	0.319144
5641	0.318981
5642	0.318945
5643	0.318508
5644	0.318432
5645	0.318427
5646	0.318373
5647	0.318352
5648	0.318346
5649	0.318193
5650	0.317934
5651	0.317801
5652	0.317690
5653	0.317656
5654	0.317320
5655	0.317312
5656	0.317238
5657	0.317124
5658	0.317018
5659	0.316989
5660	0.316876
5661	0.316828
5662	0.316661
5663	0.316644
5664	0.316123
5665	0.315995
5666	0.315987
5667	0.315865
5668	0.315811
5669	0.315780
5670	0.315737
5671	0.315629
5672	0.315592
5673	0.315378
5674	0.315161
5675	0.315154
5676	0.315140
5677	0.315117
5678	0.315075
5679	0.315032
5680	0.314912
5681	0.314788
5682	0.314681
5683	0.314545
5684	0.314236
5685	0.314206
5686	0.314202
5687	0.314035
5688	0.313889
5689	0.313885
5690	0.313880
5691	0.313815
5692	0.313678
5693	0.313674
5694	0.313573
5695	0.313459
5696	0.313332
5697	0.313088
5698	0.313007
5699	0.312915
5700	0.312903
5701	0.312785
5702	0.312748
5703	0.312683
5704	0.312429
5705	0.312320
5706	0.312249
5707	0.312238
5708	0.312085
5709	0.312034
5710	0.311901
5711	0.311886
5712	0.311871
5713	0.311838
5714	0.311587
5715	0.311534
5716	0.311323
5717	0.311212
5718	0.311072
5719	0.310977
5720	0.310907
5721	0.310801
5722	0.310774
5723	0.310746
5724	0.310728
5725	0.310644
5726	0.310392
5727	0.310254
5728	0.310066
5729	0.310003
5730	0.309899
5731	0.309865
5732	0.309697
5733	0.309593
5734	0.309477
5735	0.309385
5736	0.309310
5737	0.309245
5738	0.309232
5739	0.309033
5740	0.308910
5741	0.308619
5742	0.308485
5743	0.308484
5744	0.308388
5745	0.308383
5746	0.308255
5747	0.308232
5748	0.307948
5749	0.307837
5750	0.307528
5751	0.307297
5752	0.307251
5753	0.307097
5754	0.306762
5755	0.306611
5756	0.306530
5757	0.306466
5758	0.306435
5759	0.306195
5760	0.306064
5761	0.305919
5762	0.305841
5763	0.305783
5764	0.305627
5765	0.305618
5766	0.305609
5767	0.305563
5768	0.305504
5769	0.305404
5770	0.305362
5771	0.305073
5772	0.304999
5773	0.304795
5774	0.304555
5775	0.304276
5776	0.304080
5777	0.304070
5778	0.303953
5779	0.303946
5780	0.303831
5781	0.303561
5782	0.303445
5783	0.303373
5784	0.303292
5785	0.303195
5786	0.303192
5787	0.303148
5788	0.303123
5789	0.303025
5790	0.302986
5791	0.302967
5792	0.302936
5793	0.302851
5794	0.302765
5795	0.302660
5796	0.302655
5797	0.302631
5798	0.302479
5799	0.302468
5800	0.302464
5801	0.301968
5802	0.301907
5803	0.301890
5804	0.301744
5805	0.301427
5806	0.301069
5807	0.300881
5808	0.300428
5809	0.300143
5810	0.300036
5811	0.299776
5812	0.299726
5813	0.299653
5814	0.299577
5815	0.299554
5816	0.299446
5817	0.299427
5818	0.299403
5819	0.299336
5820	0.299286
5821	0.299067
5822	0.298898
5823	0.298826
5824	0.298762
5825	0.298719
5826	0.298512
5827	0.298488
5828	0.298396
5829	0.298367
5830	0.298215
5831	0.298073
5832	0.298023
5833	0.297980
5834	0.297913
5835	0.297896
5836	0.297752
5837	0.297669
5838	0.297422
5839	0.297387
5840	0.297114
5841	0.297038
5842	0.296604
5843	0.296432
5844	0.296418
5845	0.296265
5846	0.296222
5847	0.296153
5848	0.296072
5849	0.296065
5850	0.295881
5851	0.295851
5852	0.295824
5853	0.295793
5854	0.295783
5855	0.295692
5856	0.295386
5857	0.295296
5858	0.295265
5859	0.295198
5860	0.295113
5861	0.294769
5862	0.294566
5863	0.294150
5864	0.294122
5865	0.294086
5866	0.293614
5867	0.293488
5868	0.293381
5869	0.293363
5870	0.293316
5871	0.293257
5872	0.293065
5873	0.292785
5874	0.292720
5875	0.292278
5876	0.292247
5877	0.292062
5878	0.292052
5879	0.292039
5880	0.291523
5881	0.291397
5882	0.291296
5883	0.290988
5884	0.290950
5885	0.290863
5886	0.290637
5887	0.289984
5888	0.289381
5889	0.289242
5890	0.288821
5891	0.288795
5892	0.288733
5893	0.288674
5894	0.288584
5895	0.288541
5896	0.288376
5897	0.288265
5898	0.288244
5899	0.288116
5900	0.287945
5901	0.287885
5902	0.287457
5903	0.287352
5904	0.287071
5905	0.286718
5906	0.286685
5907	0.286407
5908	0.286119
5909	0.286087
5910	0.285999
5911	0.285921
5912	0.285815
5913	0.285471
5914	0.285061
5915	0.284751
5916	0.284566
5917	0.284544
5918	0.284504
5919	0.283925
5920	0.283541
5921	0.283297
5922	0.283219
5923	0.283184
5924	0.282943
5925	0.282654
5926	0.282534
5927	0.281939
5928	0.281933
5929	0.281919
5930	0.281409
5931	0.280956
5932	0.280197
5933	0.280132
5934	0.279794
5935	0.279473
5936	0.279438
5937	0.278845
5938	0.278780
5939	0.278699
5940	0.278496
5941	0.278328
5942	0.278070
5943	0.278046
5944	0.277999
5945	0.277606
5946	0.277195
5947	0.276580
5948	0.276444
5949	0.276385
5950	0.276288
5951	0.276054
5952	0.275871
5953	0.275865
5954	0.275833
5955	0.275577
5956	0.275336
5957	0.275297
5958	0.275102
5959	0.275099
5960	0.274831
5961	0.274375
5962	0.273956
5963	0.273801
5964	0.273588
5965	0.273472
5966	0.272807
5967	0.272783
5968	0.272739
5969	0.272512
5970	0.272346
5971	0.272284
5972	0.271957
5973	0.271839
5974	0.271820
5975	0.271611
5976	0.271511
5977	0.271340
5978	0.271326
5979	0.271066
5980	0.271050
5981	0.270795
5982	0.270591
5983	0.270161
5984	0.269928
5985	0.269632
5986	0.268963
5987	0.268427
5988	0.268260
5989	0.267265
5990	0.266935
5991	0.266467
5992	0.266270
5993	0.266145
5994	0.266057
5995	0.265362
5996	0.264715
5997	0.264542
5998	0.264365
5999	0.264332
6000	0.264298
6001	0.263952
6002	0.263933
6003	0.263688
6004	0.263428
6005	0.262480
6006	0.262408
6007	0.262220
6008	0.261911
6009	0.261069
6010	0.260820
6011	0.260491
6012	0.260337
6013	0.260289
6014	0.259745
6015	0.259510
6016	0.259160
6017	0.259024
6018	0.258579
6019	0.257558
6020	0.256573
6021	0.254968
6022	0.254741
6023	0.254598
6024	0.254563
6025	0.254389
6026	0.253991
6027	0.253956
6028	0.253448
6029	0.252749
6030	0.252338
6031	0.250791
6032	0.248899
6033	0.248828
6034	0.248124
6035	0.247823
6036	0.247288
6037	0.246380
6038	0.245195
6039	0.239035
