1	0.070000
2	0.020000
3	0.060000
4	0.060000
5	0.140000
6	0.040000
7	0.080000
8	0.070000
9	0.130000
10	0.440000
11	0.060000
12	0.060000
13	0.120000
14	0.040000
15	0.220000
16	0.100000
17	0.380000
18	0.040000
19	0.170000
20	0.030000
21	0.060000
22	0.280000
23	0.110000
24	0.140000
25	0.090000
26	0.240000
27	0.100000
28	0.120000
29	0.260000
30	0.070000
31	0.120000
32	0.080000
33	0.300000
34	0.090000
35	0.070000
36	0.350000
37	0.100000
38	0.090000
39	0.120000
40	0.060000
41	0.020000
42	0.110000
43	0.030000
44	0.210000
45	0.100000
46	0.040000
47	0.030000
48	0.350000
49	0.120000
50	0.080000
51	0.060000
52	0.100000
53	0.120000
54	0.100000
55	0.070000
56	0.100000
57	0.030000
58	0.350000
59	0.230000
60	0.020000
61	0.060000
62	0.130000
63	0.110000
64	0.020000
65	0.090000
66	0.040000
67	0.090000
68	0.150000
69	0.110000
70	0.110000
71	0.050000
72	0.070000
73	0.190000
74	0.050000
75	0.190000
76	0.040000
77	0.080000
78	0.160000
79	0.000000
80	0.040000
81	0.170000
82	0.180000
83	0.010000
84	0.070000
85	0.070000
86	0.030000
87	0.140000
88	0.090000
89	0.000000
90	0.050000
91	0.100000
92	0.300000
93	0.280000
94	0.040000
95	0.060000
96	0.110000
97	0.230000
98	0.040000
99	0.130000
100	0.020000
101	0.100000
102	0.010000
103	0.200000
104	0.080000
105	0.140000
106	0.110000
107	0.090000
108	0.050000
109	0.120000
110	0.070000
111	0.150000
112	0.020000
113	0.060000
114	0.150000
115	0.050000
116	0.010000
117	0.330000
118	0.070000
119	0.140000
120	0.130000
121	0.160000
122	0.100000
123	0.390000
124	0.040000
125	0.200000
126	0.010000
127	0.160000
128	0.060000
129	0.120000
130	0.360000
131	0.180000
132	0.140000
133	0.020000
134	0.190000
135	0.140000
136	0.290000
137	0.160000
138	0.100000
139	0.190000
140	0.090000
141	0.000000
142	0.080000
143	0.060000
144	0.010000
145	0.060000
146	0.270000
147	0.140000
148	0.300000
149	0.310000
150	0.210000
151	0.220000
152	0.060000
153	0.030000
154	0.060000
155	0.040000
156	0.090000
157	0.170000
158	0.060000
159	0.090000
160	0.020000
161	0.160000
162	0.080000
163	0.190000
164	0.010000
165	0.060000
166	0.060000
167	0.040000
168	0.010000
169	0.400000
170	0.060000
171	0.020000
172	0.060000
173	0.460000
174	0.240000
175	0.320000
176	0.070000
177	0.070000
178	0.030000
179	0.160000
180	0.010000
181	0.140000
182	0.200000
183	0.070000
184	0.070000
185	0.080000
186	0.010000
187	0.370000
188	0.130000
189	0.030000
190	0.070000
191	0.040000
192	0.390000
193	0.240000
194	0.080000
195	0.370000
196	0.040000
197	0.040000
198	0.200000
199	0.220000
200	0.060000
201	0.050000
202	0.370000
203	0.020000
204	0.280000
205	0.210000
206	0.080000
207	0.050000
208	0.200000
209	0.060000
210	0.140000
211	0.060000
212	0.080000
213	0.040000
214	0.040000
215	0.050000
216	0.280000
217	0.010000
218	0.140000
219	0.020000
220	0.100000
221	0.050000
222	0.120000
223	0.160000
224	0.200000
225	0.270000
226	0.050000
227	0.040000
228	0.070000
229	0.140000
230	0.050000
231	0.100000
232	0.110000
233	0.090000
234	0.020000
235	0.190000
236	0.130000
237	0.100000
238	0.090000
239	0.090000
240	0.080000
241	0.030000
242	0.060000
243	0.090000
244	0.060000
245	0.560000
246	0.040000
247	0.020000
248	0.050000
249	0.110000
250	0.030000
251	0.060000
252	0.070000
253	0.060000
254	0.040000
255	0.320000
256	0.090000
257	0.060000
258	0.130000
259	0.120000
260	0.070000
261	0.000000
262	0.030000
263	0.180000
264	0.460000
265	0.170000
266	0.070000
267	0.060000
268	0.060000
269	0.020000
270	0.180000
271	0.180000
272	0.470000
273	0.190000
274	0.060000
275	0.180000
276	0.060000
277	0.050000
278	0.270000
279	0.080000
280	0.100000
281	0.150000
282	0.010000
283	0.050000
284	0.400000
285	0.060000
286	0.060000
287	0.100000
288	0.140000
289	0.130000
290	0.020000
291	0.070000
292	0.060000
293	0.100000
294	0.080000
295	0.200000
296	0.040000
297	0.050000
298	0.060000
299	0.170000
300	0.160000
301	0.160000
302	0.480000
303	0.140000
304	0.060000
305	0.030000
306	0.100000
307	0.220000
308	0.180000
309	0.120000
310	0.060000
311	0.060000
312	0.080000
313	0.080000
314	0.310000
315	0.000000
316	0.190000
317	0.030000
318	0.040000
319	0.260000
320	0.050000
321	0.300000
322	0.050000
323	0.090000
324	0.020000
325	0.020000
326	0.400000
327	0.180000
328	0.110000
329	0.400000
330	0.040000
331	0.260000
332	0.060000
333	0.220000
334	0.030000
335	0.040000
336	0.190000
337	0.200000
338	0.270000
339	0.090000
340	0.060000
341	0.020000
342	0.240000
343	0.160000
344	0.060000
345	0.030000
346	0.120000
347	0.090000
348	0.080000
349	0.280000
350	0.110000
351	0.060000
352	0.220000
353	0.040000
354	0.100000
355	0.260000
356	0.000000
357	0.020000
358	0.080000
359	0.090000
360	0.050000
361	0.060000
362	0.100000
363	0.090000
364	0.030000
365	0.070000
366	0.210000
367	0.040000
368	0.320000
369	0.070000
370	0.110000
371	0.110000
372	0.080000
373	0.080000
374	0.050000
375	0.070000
376	0.140000
377	0.170000
378	0.080000
379	0.120000
380	0.080000
381	0.100000
382	0.020000
383	0.030000
384	0.060000
385	0.110000
386	0.160000
387	0.070000
388	0.110000
389	0.070000
390	0.150000
391	0.050000
392	0.270000
393	0.060000
394	0.090000
395	0.050000
396	0.040000
397	0.030000
398	0.230000
399	0.060000
400	0.110000
401	0.050000
402	0.070000
403	0.160000
404	0.050000
405	0.000000
406	0.280000
407	0.030000
408	0.080000
409	0.180000
410	0.130000
411	0.400000
412	0.200000
413	0.020000
414	0.040000
415	0.160000
416	0.090000
417	0.060000
418	0.020000
419	0.150000
420	0.080000
421	0.000000
422	0.050000
423	0.150000
424	0.540000
425	0.100000
426	0.190000
427	0.080000
428	0.060000
429	0.170000
430	0.100000
431	0.190000
432	0.120000
433	0.000000
434	0.040000
435	0.240000
436	0.190000
437	0.090000
438	0.300000
439	0.060000
440	0.030000
441	0.050000
442	0.290000
443	0.060000
444	0.120000
445	0.140000
446	0.060000
447	0.010000
448	0.060000
449	0.080000
450	0.080000
451	0.210000
452	0.080000
453	0.290000
454	0.290000
455	0.040000
456	0.150000
457	0.200000
458	0.100000
459	0.050000
460	0.080000
461	0.280000
462	0.080000
463	0.030000
464	0.060000
465	0.040000
466	0.060000
467	0.060000
468	0.050000
469	0.080000
470	0.150000
471	0.090000
472	0.040000
473	0.070000
474	0.060000
475	0.100000
476	0.090000
477	0.210000
478	0.080000
479	0.140000
480	0.060000
481	0.130000
482	0.590000
483	0.040000
484	0.070000
485	0.030000
486	0.080000
487	0.020000
488	0.060000
489	0.060000
490	0.100000
491	0.050000
492	0.100000
493	0.110000
494	0.060000
495	0.040000
496	0.100000
497	0.020000
498	0.090000
499	0.080000
500	0.040000
501	0.110000
502	0.060000
503	0.010000
504	0.030000
505	0.010000
506	0.220000
507	0.060000
508	0.170000
509	0.530000
510	0.040000
511	0.040000
512	0.040000
513	0.090000
514	0.040000
515	0.110000
516	0.230000
517	0.110000
518	0.100000
519	0.050000
520	0.140000
521	0.060000
522	0.110000
523	0.110000
524	0.200000
525	0.050000
526	0.130000
527	0.030000
528	0.170000
529	0.190000
530	0.060000
531	0.630000
532	0.060000
533	0.460000
534	0.110000
535	0.050000
536	0.140000
537	0.130000
538	0.040000
539	0.070000
540	0.090000
541	0.090000
542	0.090000
543	0.260000
544	0.110000
545	0.050000
546	0.100000
547	0.200000
548	0.050000
549	0.360000
550	0.240000
551	0.140000
552	0.070000
553	0.040000
554	0.080000
555	0.010000
556	0.200000
557	0.070000
558	0.320000
559	0.030000
560	0.150000
561	0.030000
562	0.090000
563	0.540000
564	0.080000
565	0.080000
566	0.340000
567	0.070000
568	0.030000
569	0.020000
570	0.070000
571	0.090000
572	0.030000
573	0.060000
574	0.060000
575	0.180000
576	0.040000
577	0.220000
578	0.070000
579	0.090000
580	0.070000
581	0.060000
582	0.120000
583	0.020000
584	0.050000
585	0.110000
586	0.040000
587	0.180000
588	0.430000
589	0.030000
590	0.190000
591	0.160000
592	0.040000
593	0.070000
594	0.120000
595	0.110000
596	0.110000
597	0.110000
598	0.060000
599	0.070000
600	0.040000
601	0.140000
602	0.360000
603	0.130000
604	0.190000
605	0.090000
606	0.050000
607	0.040000
608	0.120000
609	0.120000
610	0.250000
611	0.110000
612	0.130000
613	0.100000
614	0.090000
615	0.090000
616	0.090000
617	0.010000
618	0.050000
619	0.040000
620	0.090000
621	0.160000
622	0.080000
623	0.090000
624	0.260000
625	0.040000
626	0.060000
627	0.080000
628	0.100000
629	0.290000
630	0.200000
631	0.190000
632	0.090000
633	0.040000
634	0.120000
635	0.100000
636	0.220000
637	0.370000
638	0.130000
639	0.230000
640	0.060000
641	0.200000
642	0.020000
643	0.160000
644	0.070000
645	0.080000
646	0.280000
647	0.120000
648	0.130000
649	0.050000
650	0.050000
651	0.280000
652	0.200000
653	0.060000
654	0.070000
655	0.260000
656	0.200000
657	0.110000
658	0.130000
659	0.050000
660	0.240000
661	0.120000
662	0.070000
663	0.060000
664	0.190000
665	0.050000
666	0.080000
667	0.100000
668	0.040000
669	0.280000
670	0.100000
671	0.160000
672	0.090000
673	0.070000
674	0.150000
675	0.120000
676	0.350000
677	0.010000
678	0.350000
679	0.130000
680	0.080000
681	0.050000
682	0.110000
683	0.070000
684	0.030000
685	0.160000
686	0.040000
687	0.110000
688	0.080000
689	0.020000
690	0.100000
691	0.080000
692	0.430000
693	0.000000
694	0.080000
695	0.050000
696	0.320000
697	0.030000
698	0.290000
699	0.350000
700	0.040000
701	0.090000
702	0.110000
703	0.060000
704	0.130000
705	0.090000
706	0.180000
707	0.040000
708	0.060000
709	0.010000
710	0.540000
711	0.190000
712	0.200000
713	0.090000
714	0.230000
715	0.050000
716	0.340000
717	0.120000
718	0.140000
719	0.040000
720	0.190000
721	0.300000
722	0.130000
723	0.030000
724	0.070000
725	0.080000
726	0.170000
727	0.220000
728	0.050000
729	0.230000
730	0.070000
731	0.120000
732	0.010000
733	0.050000
734	0.120000
735	0.210000
736	0.160000
737	0.310000
738	0.060000
739	0.170000
740	0.090000
741	0.120000
742	0.120000
743	0.100000
744	0.020000
745	0.050000
746	0.230000
747	0.070000
748	0.100000
749	0.140000
750	0.120000
751	0.080000
752	0.640000
753	0.160000
754	0.100000
755	0.260000
756	0.070000
757	0.310000
758	0.040000
759	0.080000
760	0.050000
761	0.040000
762	0.070000
763	0.040000
764	0.160000
765	0.380000
766	0.120000
767	0.070000
768	0.030000
769	0.090000
770	0.580000
771	0.040000
772	0.160000
773	0.050000
774	0.320000
775	0.020000
776	0.140000
777	0.330000
778	0.080000
779	0.120000
780	0.200000
781	0.130000
782	0.070000
783	0.140000
784	0.030000
785	0.120000
786	0.160000
787	0.050000
788	0.150000
789	0.180000
790	0.070000
791	0.220000
792	0.070000
793	0.120000
794	0.080000
795	0.140000
796	0.120000
797	0.100000
798	0.240000
799	0.080000
800	0.100000
801	0.220000
802	0.330000
803	0.070000
804	0.090000
805	0.090000
806	0.090000
807	0.020000
808	0.180000
809	0.030000
810	0.070000
811	0.140000
812	0.180000
813	0.110000
814	0.090000
815	0.040000
816	0.240000
817	0.340000
818	0.100000
819	0.110000
820	0.120000
821	0.050000
822	0.250000
823	0.190000
824	0.300000
825	0.100000
826	0.030000
827	0.030000
828	0.020000
829	0.240000
830	0.230000
831	0.020000
832	0.120000
833	0.040000
834	0.090000
835	0.040000
836	0.120000
837	0.030000
838	0.010000
839	0.350000
840	0.160000
841	0.070000
842	0.060000
843	0.070000
844	0.050000
845	0.120000
846	0.180000
847	0.120000
848	0.040000
849	0.080000
850	0.040000
851	0.130000
852	0.070000
853	0.110000
854	0.290000
855	0.160000
856	0.060000
857	0.130000
858	0.250000
859	0.070000
860	0.090000
861	0.170000
862	0.090000
863	0.190000
864	0.070000
865	0.020000
866	0.040000
867	0.020000
868	0.140000
869	0.370000
870	0.050000
871	0.070000
872	0.080000
873	0.110000
874	0.040000
875	0.120000
876	0.080000
877	0.350000
878	0.090000
879	0.040000
880	0.040000
881	0.360000
882	0.120000
883	0.090000
884	0.080000
885	0.090000
886	0.100000
887	0.050000
888	0.070000
889	0.330000
890	0.150000
891	0.050000
892	0.030000
893	0.100000
894	0.070000
895	0.020000
896	0.000000
897	0.190000
898	0.050000
899	0.310000
900	0.040000
901	0.070000
902	0.050000
903	0.180000
904	0.130000
905	0.020000
906	0.020000
907	0.060000
908	0.030000
909	0.080000
910	0.060000
911	0.270000
912	0.050000
913	0.020000
914	0.110000
915	0.120000
916	0.140000
917	0.010000
918	0.080000
919	0.210000
920	0.000000
921	0.150000
922	0.310000
923	0.030000
924	0.110000
925	0.050000
926	0.120000
927	0.150000
928	0.090000
929	0.180000
930	0.110000
931	0.200000
932	0.050000
933	0.080000
934	0.120000
935	0.180000
936	0.130000
937	0.170000
938	0.000000
939	0.160000
940	0.170000
941	0.080000
942	0.040000
943	0.060000
944	0.060000
945	0.110000
946	0.030000
947	0.020000
948	0.330000
949	0.310000
950	0.100000
951	0.050000
952	0.090000
953	0.170000
954	0.070000
955	0.260000
956	0.050000
957	0.180000
958	0.190000
959	0.100000
960	0.030000
961	0.070000
962	0.100000
963	0.140000
964	0.080000
965	0.060000
966	0.210000
967	0.050000
968	0.030000
969	0.060000
970	0.280000
971	0.160000
972	0.110000
973	0.150000
974	0.020000
975	0.160000
976	0.140000
977	0.200000
978	0.080000
979	0.040000
980	0.180000
981	0.190000
982	0.110000
983	0.120000
984	0.380000
985	0.100000
986	0.030000
987	0.120000
988	0.100000
989	0.050000
990	0.040000
991	0.110000
992	0.030000
993	0.060000
994	0.100000
995	0.100000
996	0.200000
997	0.040000
998	0.130000
999	0.060000
1000	0.000000
1001	0.180000
1002	0.010000
1003	0.060000
1004	0.160000
1005	0.050000
1006	0.040000
1007	0.010000
1008	0.020000
1009	0.020000
1010	0.500000
1011	0.100000
1012	0.060000
1013	0.030000
1014	0.070000
1015	0.330000
1016	0.040000
1017	0.060000
1018	0.050000
1019	0.440000
1020	0.040000
1021	0.230000
1022	0.030000
1023	0.040000
1024	0.070000
1025	0.040000
1026	0.010000
1027	0.050000
1028	0.080000
1029	0.130000
1030	0.160000
1031	0.180000
1032	0.040000
1033	0.080000
1034	0.080000
1035	0.010000
1036	0.090000
1037	0.080000
1038	0.040000
1039	0.070000
1040	0.090000
1041	0.050000
1042	0.130000
1043	0.020000
1044	0.180000
1045	0.080000
1046	0.000000
1047	0.100000
1048	0.100000
1049	0.020000
1050	0.300000
1051	0.230000
1052	0.050000
1053	0.310000
1054	0.030000
1055	0.000000
1056	0.070000
1057	0.010000
1058	0.150000
1059	0.360000
1060	0.080000
1061	0.050000
1062	0.060000
1063	0.120000
1064	0.110000
1065	0.160000
1066	0.060000
1067	0.090000
1068	0.370000
1069	0.050000
1070	0.020000
1071	0.040000
1072	0.180000
1073	0.100000
1074	0.100000
1075	0.070000
1076	0.070000
1077	0.360000
1078	0.030000
1079	0.100000
1080	0.000000
1081	0.070000
1082	0.060000
1083	0.020000
1084	0.200000
1085	0.020000
1086	0.220000
1087	0.290000
1088	0.570000
1089	0.050000
1090	0.050000
1091	0.080000
1092	0.120000
1093	0.160000
1094	0.090000
1095	0.040000
1096	0.060000
1097	0.130000
1098	0.060000
1099	0.040000
1100	0.240000
1101	0.370000
1102	0.040000
1103	0.030000
1104	0.100000
1105	0.140000
1106	0.040000
1107	0.120000
1108	0.120000
1109	0.050000
1110	0.080000
1111	0.060000
1112	0.630000
1113	0.170000
1114	0.150000
1115	0.030000
1116	0.220000
1117	0.510000
1118	0.070000
1119	0.050000
1120	0.440000
1121	0.090000
1122	0.240000
1123	0.000000
1124	0.460000
1125	0.370000
1126	0.020000
1127	0.080000
1128	0.070000
1129	0.060000
1130	0.290000
1131	0.070000
1132	0.220000
1133	0.050000
1134	0.160000
1135	0.420000
1136	0.100000
1137	0.380000
1138	0.110000
1139	0.100000
1140	0.130000
1141	0.350000
1142	0.180000
1143	0.040000
1144	0.070000
1145	0.070000
1146	0.060000
1147	0.310000
1148	0.130000
1149	0.030000
1150	0.500000
1151	0.160000
1152	0.070000
1153	0.160000
1154	0.010000
1155	0.150000
1156	0.130000
1157	0.030000
1158	0.070000
1159	0.190000
1160	0.200000
1161	0.040000
1162	0.110000
1163	0.020000
1164	0.380000
1165	0.070000
1166	0.080000
1167	0.110000
1168	0.100000
1169	0.050000
1170	0.100000
1171	0.070000
1172	0.200000
1173	0.130000
1174	0.050000
1175	0.140000
1176	0.070000
1177	0.050000
1178	0.020000
1179	0.180000
1180	0.050000
1181	0.500000
1182	0.190000
1183	0.130000
1184	0.090000
1185	0.140000
1186	0.090000
1187	0.040000
1188	0.090000
1189	0.040000
1190	0.020000
1191	0.070000
1192	0.070000
1193	0.120000
1194	0.330000
1195	0.040000
1196	0.070000
1197	0.060000
1198	0.100000
1199	0.030000
1200	0.080000
1201	0.080000
1202	0.420000
1203	0.210000
1204	0.070000
1205	0.060000
1206	0.250000
1207	0.370000
1208	0.100000
1209	0.230000
1210	0.040000
1211	0.250000
1212	0.100000
1213	0.030000
1214	0.020000
1215	0.310000
1216	0.240000
1217	0.090000
1218	0.190000
1219	0.230000
1220	0.010000
1221	0.030000
1222	0.070000
1223	0.030000
1224	0.300000
1225	0.030000
1226	0.030000
1227	0.130000
1228	0.090000
1229	0.060000
1230	0.100000
1231	0.060000
1232	0.140000
1233	0.050000
1234	0.050000
1235	0.020000
1236	0.050000
1237	0.000000
1238	0.110000
1239	0.160000
1240	0.070000
1241	0.130000
1242	0.280000
1243	0.180000
1244	0.250000
1245	0.110000
1246	0.370000
1247	0.050000
1248	0.020000
1249	0.080000
1250	0.020000
1251	0.130000
1252	0.050000
1253	0.020000
1254	0.090000
1255	0.080000
1256	0.080000
1257	0.070000
1258	0.060000
1259	0.150000
1260	0.390000
1261	0.240000
1262	0.080000
1263	0.130000
1264	0.310000
1265	0.100000
1266	0.120000
1267	0.050000
1268	0.200000
1269	0.090000
1270	0.070000
1271	0.120000
1272	0.130000
1273	0.070000
1274	0.320000
1275	0.060000
1276	0.120000
1277	0.060000
1278	0.070000
1279	0.220000
1280	0.110000
1281	0.070000
1282	0.020000
1283	0.070000
1284	0.190000
1285	0.490000
1286	0.000000
1287	0.060000
1288	0.060000
1289	0.060000
1290	0.010000
1291	0.210000
1292	0.130000
1293	0.060000
1294	0.180000
1295	0.020000
1296	0.040000
1297	0.240000
1298	0.410000
1299	0.170000
1300	0.040000
1301	0.210000
1302	0.100000
1303	0.380000
1304	0.050000
1305	0.030000
1306	0.130000
1307	0.050000
1308	0.090000
1309	0.030000
1310	0.040000
1311	0.090000
1312	0.170000
1313	0.040000
1314	0.150000
1315	0.100000
1316	0.030000
1317	0.370000
1318	0.040000
1319	0.030000
1320	0.170000
1321	0.180000
1322	0.250000
1323	0.130000
1324	0.120000
1325	0.190000
1326	0.050000
1327	0.030000
1328	0.240000
1329	0.290000
1330	0.040000
1331	0.100000
1332	0.080000
1333	0.330000
1334	0.130000
1335	0.170000
1336	0.060000
1337	0.140000
1338	0.120000
1339	0.160000
1340	0.340000
1341	0.040000
1342	0.100000
1343	0.280000
1344	0.120000
1345	0.160000
1346	0.020000
1347	0.100000
1348	0.140000
1349	0.130000
1350	0.110000
1351	0.030000
1352	0.080000
1353	0.110000
1354	0.330000
1355	0.120000
1356	0.240000
1357	0.320000
1358	0.120000
1359	0.080000
1360	0.010000
1361	0.060000
1362	0.170000
1363	0.010000
1364	0.010000
1365	0.030000
1366	0.070000
1367	0.120000
1368	0.060000
1369	0.280000
1370	0.030000
1371	0.050000
1372	0.040000
1373	0.150000
1374	0.040000
1375	0.000000
1376	0.000000
1377	0.390000
1378	0.050000
1379	0.030000
1380	0.240000
1381	0.050000
1382	0.080000
1383	0.500000
1384	0.070000
1385	0.070000
1386	0.120000
1387	0.180000
1388	0.100000
1389	0.230000
1390	0.280000
1391	0.120000
1392	0.170000
1393	0.100000
1394	0.060000
1395	0.340000
1396	0.150000
1397	0.030000
1398	0.010000
1399	0.210000
1400	0.130000
1401	0.110000
1402	0.060000
1403	0.160000
1404	0.090000
1405	0.090000
1406	0.030000
1407	0.220000
1408	0.250000
1409	0.100000
1410	0.150000
1411	0.100000
1412	0.000000
1413	0.200000
1414	0.140000
1415	0.110000
1416	0.070000
1417	0.050000
1418	0.120000
1419	0.090000
1420	0.270000
1421	0.190000
1422	0.270000
1423	0.020000
1424	0.120000
1425	0.310000
1426	0.340000
1427	0.040000
1428	0.130000
1429	0.070000
1430	0.140000
1431	0.060000
1432	0.050000
1433	0.080000
1434	0.160000
1435	0.080000
1436	0.070000
1437	0.250000
1438	0.130000
1439	0.090000
1440	0.190000
1441	0.050000
1442	0.000000
1443	0.070000
1444	0.080000
1445	0.030000
1446	0.160000
1447	0.590000
1448	0.490000
1449	0.450000
1450	0.020000
1451	0.350000
1452	0.000000
1453	0.070000
1454	0.040000
1455	0.110000
1456	0.000000
1457	0.190000
1458	0.130000
1459	0.040000
1460	0.050000
1461	0.010000
1462	0.090000
1463	0.020000
1464	0.090000
1465	0.070000
1466	0.200000
1467	0.180000
1468	0.210000
1469	0.100000
1470	0.160000
1471	0.070000
1472	0.210000
1473	0.160000
1474	0.120000
1475	0.060000
1476	0.090000
1477	0.030000
1478	0.030000
1479	0.050000
1480	0.070000
1481	0.080000
1482	0.070000
1483	0.350000
1484	0.150000
1485	0.030000
1486	0.110000
1487	0.040000
1488	0.040000
1489	0.210000
1490	0.360000
1491	0.260000
1492	0.070000
1493	0.050000
1494	0.080000
1495	0.180000
1496	0.280000
1497	0.440000
1498	0.170000
1499	0.170000
1500	0.150000
1501	0.180000
1502	0.160000
1503	0.200000
1504	0.040000
1505	0.210000
1506	0.060000
1507	0.110000
1508	0.010000
1509	0.220000
1510	0.050000
1511	0.100000
1512	0.090000
1513	0.180000
1514	0.090000
1515	0.050000
1516	0.300000
1517	0.090000
1518	0.080000
1519	0.050000
1520	0.060000
1521	0.040000
1522	0.210000
1523	0.180000
1524	0.190000
1525	0.050000
1526	0.020000
1527	0.160000
1528	0.030000
1529	0.070000
1530	0.300000
1531	0.090000
1532	0.080000
1533	0.150000
1534	0.030000
1535	0.060000
1536	0.050000
1537	0.060000
1538	0.060000
1539	0.060000
1540	0.070000
1541	0.020000
1542	0.220000
1543	0.030000
1544	0.050000
1545	0.060000
1546	0.220000
1547	0.090000
1548	0.110000
1549	0.040000
1550	0.060000
1551	0.120000
1552	0.080000
1553	0.070000
1554	0.050000
1555	0.080000
1556	0.210000
1557	0.050000
1558	0.070000
1559	0.000000
1560	0.020000
1561	0.090000
1562	0.090000
1563	0.040000
1564	0.150000
1565	0.080000
1566	0.030000
1567	0.020000
1568	0.040000
1569	0.160000
1570	0.120000
1571	0.140000
1572	0.080000
1573	0.040000
1574	0.120000
1575	0.130000
1576	0.080000
1577	0.090000
1578	0.080000
1579	0.340000
1580	0.020000
1581	0.020000
1582	0.060000
1583	0.080000
1584	0.250000
1585	0.010000
1586	0.340000
1587	0.200000
1588	0.080000
1589	0.050000
1590	0.090000
1591	0.190000
1592	0.330000
1593	0.250000
1594	0.220000
1595	0.110000
1596	0.060000
1597	0.200000
1598	0.380000
1599	0.260000
1600	0.280000
1601	0.200000
1602	0.120000
1603	0.010000
1604	0.050000
1605	0.320000
1606	0.140000
1607	0.160000
1608	0.300000
1609	0.150000
1610	0.060000
1611	0.250000
1612	0.050000
1613	0.180000
1614	0.100000
1615	0.040000
1616	0.290000
1617	0.160000
1618	0.120000
1619	0.080000
1620	0.090000
1621	0.060000
1622	0.030000
1623	0.190000
1624	0.320000
1625	0.060000
1626	0.010000
1627	0.080000
1628	0.430000
1629	0.120000
1630	0.260000
1631	0.030000
1632	0.160000
1633	0.080000
1634	0.060000
1635	0.360000
1636	0.200000
1637	0.130000
1638	0.060000
1639	0.310000
1640	0.110000
1641	0.110000
1642	0.020000
1643	0.050000
1644	0.050000
1645	0.270000
1646	0.020000
1647	0.490000
1648	0.030000
1649	0.040000
1650	0.190000
1651	0.090000
1652	0.070000
1653	0.060000
1654	0.050000
1655	0.150000
1656	0.040000
1657	0.110000
1658	0.410000
1659	0.100000
1660	0.020000
1661	0.060000
1662	0.030000
1663	0.120000
1664	0.050000
1665	0.190000
1666	0.370000
1667	0.470000
1668	0.040000
1669	0.080000
1670	0.000000
1671	0.230000
1672	0.020000
1673	0.060000
1674	0.050000
1675	0.290000
1676	0.460000
1677	0.090000
1678	0.100000
1679	0.140000
1680	0.660000
1681	0.100000
1682	0.040000
1683	0.060000
1684	0.020000
1685	0.110000
1686	0.040000
1687	0.240000
1688	0.050000
1689	0.110000
1690	0.140000
1691	0.040000
1692	0.220000
1693	0.260000
1694	0.280000
1695	0.150000
1696	0.060000
1697	0.390000
1698	0.330000
1699	0.280000
1700	0.110000
1701	0.240000
1702	0.060000
1703	0.060000
1704	0.040000
1705	0.060000
1706	0.110000
1707	0.110000
1708	0.050000
1709	0.020000
1710	0.000000
1711	0.000000
1712	0.420000
1713	0.050000
1714	0.190000
1715	0.090000
1716	0.120000
1717	0.040000
1718	0.030000
1719	0.080000
1720	0.040000
1721	0.110000
1722	0.250000
1723	0.150000
1724	0.050000
1725	0.030000
1726	0.390000
1727	0.110000
1728	0.090000
1729	0.100000
1730	0.040000
1731	0.030000
1732	0.050000
1733	0.460000
1734	0.090000
1735	0.100000
1736	0.050000
1737	0.400000
1738	0.080000
1739	0.100000
1740	0.020000
1741	0.060000
1742	0.100000
1743	0.060000
1744	0.110000
1745	0.130000
1746	0.120000
1747	0.190000
1748	0.390000
1749	0.390000
1750	0.110000
1751	0.050000
1752	0.190000
1753	0.090000
1754	0.040000
1755	0.270000
1756	0.090000
1757	0.160000
1758	0.170000
1759	0.080000
1760	0.090000
1761	0.260000
1762	0.110000
1763	0.050000
1764	0.180000
1765	0.040000
1766	0.080000
1767	0.250000
1768	0.050000
1769	0.160000
1770	0.070000
1771	0.070000
1772	0.090000
1773	0.110000
1774	0.080000
1775	0.210000
1776	0.230000
1777	0.050000
1778	0.350000
1779	0.080000
1780	0.370000
1781	0.010000
1782	0.080000
1783	0.000000
1784	0.090000
1785	0.100000
1786	0.140000
1787	0.010000
1788	0.030000
1789	0.010000
1790	0.210000
1791	0.150000
1792	0.040000
1793	0.140000
1794	0.270000
1795	0.060000
1796	0.070000
1797	0.240000
1798	0.020000
1799	0.130000
1800	0.100000
1801	0.060000
1802	0.160000
1803	0.170000
1804	0.080000
1805	0.180000
1806	0.210000
1807	0.170000
1808	0.030000
1809	0.090000
1810	0.050000
1811	0.070000
1812	0.510000
1813	0.010000
1814	0.110000
1815	0.040000
1816	0.060000
1817	0.150000
1818	0.050000
1819	0.160000
1820	0.130000
1821	0.050000
1822	0.080000
1823	0.070000
1824	0.060000
1825	0.130000
1826	0.080000
1827	0.080000
1828	0.200000
1829	0.070000
1830	0.070000
1831	0.220000
1832	0.060000
1833	0.080000
1834	0.050000
1835	0.470000
1836	0.290000
1837	0.430000
1838	0.070000
1839	0.070000
1840	0.030000
1841	0.030000
1842	0.200000
1843	0.080000
1844	0.010000
1845	0.080000
1846	0.100000
1847	0.080000
1848	0.070000
1849	0.070000
1850	0.190000
1851	0.290000
1852	0.150000
1853	0.150000
1854	0.120000
1855	0.120000
1856	0.190000
1857	0.040000
1858	0.180000
1859	0.060000
1860	0.210000
1861	0.300000
1862	0.030000
1863	0.180000
1864	0.050000
1865	0.170000
1866	0.070000
1867	0.050000
1868	0.060000
1869	0.090000
1870	0.020000
1871	0.020000
1872	0.030000
1873	0.190000
1874	0.110000
1875	0.260000
1876	0.080000
1877	0.160000
1878	0.090000
1879	0.290000
1880	0.260000
1881	0.050000
1882	0.120000
1883	0.130000
1884	0.510000
1885	0.020000
1886	0.030000
1887	0.110000
1888	0.070000
1889	0.200000
1890	0.260000
1891	0.120000
1892	0.060000
1893	0.050000
1894	0.060000
1895	0.090000
1896	0.230000
1897	0.300000
1898	0.060000
1899	0.570000
1900	0.040000
1901	0.090000
1902	0.110000
1903	0.220000
1904	0.140000
1905	0.100000
1906	0.080000
1907	0.030000
1908	0.140000
1909	0.130000
1910	0.100000
1911	0.050000
1912	0.570000
1913	0.090000
1914	0.070000
1915	0.050000
1916	0.150000
1917	0.090000
1918	0.030000
1919	0.140000
1920	0.260000
1921	0.100000
1922	0.190000
1923	0.040000
1924	0.150000
1925	0.200000
1926	0.090000
1927	0.040000
1928	0.210000
1929	0.080000
1930	0.220000
1931	0.070000
1932	0.020000
1933	0.060000
1934	0.140000
1935	0.110000
1936	0.060000
1937	0.230000
1938	0.220000
1939	0.230000
1940	0.130000
1941	0.560000
1942	0.040000
1943	0.330000
1944	0.020000
1945	0.030000
1946	0.060000
1947	0.140000
1948	0.140000
1949	0.140000
1950	0.010000
1951	0.010000
1952	0.060000
1953	0.010000
1954	0.070000
1955	0.080000
1956	0.080000
1957	0.080000
1958	0.350000
1959	0.050000
1960	0.150000
1961	0.230000
1962	0.270000
1963	0.110000
1964	0.000000
1965	0.040000
1966	0.030000
1967	0.040000
1968	0.260000
1969	0.150000
1970	0.030000
1971	0.060000
1972	0.130000
1973	0.110000
1974	0.130000
1975	0.000000
1976	0.180000
1977	0.070000
1978	0.110000
1979	0.100000
1980	0.650000
1981	0.050000
1982	0.100000
1983	0.380000
1984	0.090000
1985	0.140000
1986	0.040000
1987	0.040000
1988	0.320000
1989	0.050000
1990	0.050000
1991	0.060000
1992	0.030000
1993	0.030000
1994	0.050000
1995	0.100000
1996	0.180000
1997	0.070000
1998	0.400000
1999	0.050000
2000	0.110000
2001	0.100000
2002	0.060000
2003	0.130000
2004	0.120000
2005	0.190000
2006	0.080000
2007	0.020000
2008	0.230000
2009	0.100000
2010	0.430000
2011	0.200000
2012	0.360000
2013	0.220000
2014	0.100000
2015	0.510000
2016	0.230000
2017	0.060000
2018	0.080000
2019	0.050000
2020	0.370000
2021	0.180000
2022	0.160000
2023	0.190000
2024	0.130000
2025	0.150000
2026	0.070000
2027	0.120000
2028	0.070000
2029	0.260000
2030	0.410000
2031	0.080000
2032	0.050000
2033	0.020000
2034	0.040000
2035	0.150000
2036	0.040000
2037	0.020000
2038	0.350000
2039	0.070000
2040	0.030000
2041	0.520000
2042	0.250000
2043	0.190000
2044	0.060000
2045	0.020000
2046	0.100000
2047	0.270000
2048	0.050000
2049	0.070000
2050	0.170000
2051	0.260000
2052	0.090000
2053	0.060000
2054	0.290000
2055	0.040000
2056	0.110000
2057	0.020000
2058	0.030000
2059	0.050000
2060	0.080000
2061	0.060000
2062	0.080000
2063	0.560000
2064	0.010000
2065	0.040000
2066	0.060000
2067	0.020000
2068	0.160000
2069	0.050000
2070	0.170000
2071	0.160000
2072	0.030000
2073	0.520000
2074	0.040000
2075	0.120000
2076	0.070000
2077	0.220000
2078	0.070000
2079	0.060000
2080	0.070000
2081	0.100000
2082	0.090000
2083	0.020000
2084	0.100000
2085	0.100000
2086	0.050000
2087	0.090000
2088	0.110000
2089	0.010000
2090	0.010000
2091	0.000000
2092	0.390000
2093	0.050000
2094	0.020000
2095	0.130000
2096	0.170000
2097	0.090000
2098	0.190000
2099	0.080000
2100	0.170000
2101	0.060000
2102	0.310000
2103	0.050000
2104	0.060000
2105	0.320000
2106	0.400000
2107	0.030000
2108	0.050000
2109	0.110000
2110	0.120000
2111	0.020000
2112	0.090000
2113	0.100000
2114	0.080000
2115	0.080000
2116	0.570000
2117	0.000000
2118	0.110000
2119	0.140000
2120	0.100000
2121	0.240000
2122	0.120000
2123	0.030000
2124	0.080000
2125	0.040000
2126	0.190000
2127	0.120000
2128	0.060000
2129	0.050000
2130	0.140000
2131	0.270000
2132	0.190000
2133	0.040000
2134	0.070000
2135	0.060000
2136	0.170000
2137	0.060000
2138	0.140000
2139	0.070000
2140	0.270000
2141	0.070000
2142	0.090000
2143	0.020000
2144	0.120000
2145	0.050000
2146	0.250000
2147	0.020000
2148	0.100000
2149	0.110000
2150	0.080000
2151	0.100000
2152	0.010000
2153	0.280000
2154	0.110000
2155	0.110000
2156	0.100000
2157	0.070000
2158	0.170000
2159	0.040000
2160	0.030000
2161	0.120000
2162	0.110000
2163	0.040000
2164	0.090000
2165	0.040000
2166	0.180000
2167	0.260000
2168	0.220000
2169	0.000000
2170	0.250000
2171	0.140000
2172	0.260000
2173	0.050000
2174	0.110000
2175	0.150000
2176	0.160000
2177	0.120000
2178	0.080000
2179	0.020000
2180	0.150000
2181	0.380000
2182	0.070000
2183	0.060000
2184	0.060000
2185	0.270000
2186	0.360000
2187	0.090000
2188	0.200000
2189	0.050000
2190	0.090000
2191	0.060000
2192	0.190000
2193	0.060000
2194	0.100000
2195	0.170000
2196	0.090000
2197	0.020000
2198	0.080000
2199	0.350000
2200	0.200000
2201	0.070000
2202	0.060000
2203	0.120000
2204	0.030000
2205	0.130000
2206	0.070000
2207	0.050000
2208	0.210000
2209	0.000000
2210	0.030000
2211	0.130000
2212	0.030000
2213	0.080000
2214	0.060000
2215	0.250000
2216	0.030000
2217	0.060000
2218	0.030000
2219	0.150000
2220	0.020000
2221	0.040000
2222	0.050000
2223	0.130000
2224	0.010000
2225	0.200000
2226	0.060000
2227	0.100000
2228	0.140000
2229	0.060000
2230	0.070000
2231	0.170000
2232	0.080000
2233	0.030000
2234	0.010000
2235	0.090000
2236	0.150000
2237	0.050000
2238	0.110000
2239	0.120000
2240	0.070000
2241	0.090000
2242	0.210000
2243	0.120000
2244	0.210000
2245	0.140000
2246	0.110000
2247	0.220000
2248	0.010000
2249	0.070000
2250	0.090000
2251	0.000000
2252	0.000000
2253	0.060000
2254	0.200000
2255	0.140000
2256	0.070000
2257	0.040000
2258	0.160000
2259	0.180000
2260	0.070000
2261	0.120000
2262	0.080000
2263	0.070000
2264	0.070000
2265	0.080000
2266	0.140000
2267	0.110000
2268	0.020000
2269	0.080000
2270	0.110000
2271	0.210000
2272	0.110000
2273	0.030000
2274	0.070000
2275	0.060000
2276	0.090000
2277	0.030000
2278	0.060000
2279	0.100000
2280	0.010000
2281	0.040000
2282	0.130000
2283	0.100000
2284	0.160000
2285	0.060000
2286	0.040000
2287	0.070000
2288	0.390000
2289	0.070000
2290	0.130000
2291	0.040000
2292	0.030000
2293	0.170000
2294	0.080000
2295	0.050000
2296	0.050000
2297	0.030000
2298	0.060000
2299	0.120000
2300	0.030000
2301	0.000000
2302	0.070000
2303	0.260000
2304	0.150000
2305	0.070000
2306	0.090000
2307	0.150000
2308	0.010000
2309	0.090000
2310	0.100000
2311	0.070000
2312	0.030000
2313	0.100000
2314	0.060000
2315	0.110000
2316	0.060000
2317	0.110000
2318	0.120000
2319	0.040000
2320	0.030000
2321	0.140000
2322	0.040000
2323	0.150000
2324	0.110000
2325	0.040000
2326	0.020000
2327	0.060000
2328	0.110000
2329	0.060000
2330	0.090000
2331	0.040000
2332	0.120000
2333	0.020000
2334	0.160000
2335	0.090000
2336	0.000000
2337	0.110000
2338	0.100000
2339	0.030000
2340	0.260000
2341	0.030000
2342	0.120000
2343	0.080000
2344	0.080000
2345	0.050000
2346	0.040000
2347	0.050000
2348	0.210000
2349	0.030000
2350	0.040000
2351	0.060000
2352	0.190000
2353	0.060000
2354	0.190000
2355	0.040000
2356	0.030000
2357	0.030000
2358	0.040000
2359	0.140000
2360	0.050000
2361	0.050000
2362	0.060000
2363	0.060000
2364	0.080000
2365	0.080000
2366	0.090000
2367	0.050000
2368	0.070000
2369	0.070000
2370	0.080000
2371	0.060000
2372	0.080000
2373	0.060000
2374	0.250000
2375	0.060000
2376	0.410000
2377	0.100000
2378	0.170000
2379	0.060000
2380	0.310000
2381	0.050000
2382	0.070000
2383	0.260000
2384	0.040000
2385	0.040000
2386	0.130000
2387	0.100000
2388	0.070000
2389	0.090000
2390	0.050000
2391	0.110000
2392	0.070000
2393	0.190000
2394	0.060000
2395	0.200000
2396	0.070000
2397	0.030000
2398	0.030000
2399	0.060000
2400	0.060000
2401	0.050000
2402	0.190000
2403	0.150000
2404	0.080000
2405	0.110000
2406	0.080000
2407	0.120000
2408	0.040000
2409	0.070000
2410	0.040000
2411	0.080000
2412	0.000000
2413	0.020000
2414	0.230000
2415	0.070000
2416	0.030000
2417	0.060000
2418	0.090000
2419	0.400000
2420	0.120000
2421	0.060000
2422	0.050000
2423	0.120000
2424	0.090000
2425	0.050000
2426	0.070000
2427	0.040000
2428	0.210000
2429	0.090000
2430	0.040000
2431	0.040000
2432	0.070000
2433	0.040000
2434	0.030000
2435	0.150000
2436	0.250000
2437	0.080000
2438	0.110000
2439	0.030000
2440	0.070000
2441	0.050000
2442	0.050000
2443	0.050000
2444	0.010000
2445	0.190000
2446	0.300000
2447	0.090000
2448	0.040000
2449	0.070000
2450	0.050000
2451	0.090000
2452	0.060000
2453	0.320000
2454	0.200000
2455	0.090000
2456	0.230000
2457	0.410000
2458	0.090000
2459	0.060000
2460	0.030000
2461	0.090000
2462	0.300000
2463	0.080000
2464	0.010000
2465	0.220000
2466	0.390000
2467	0.020000
2468	0.050000
2469	0.030000
2470	0.040000
2471	0.020000
2472	0.170000
2473	0.090000
2474	0.040000
2475	0.090000
2476	0.080000
2477	0.090000
2478	0.250000
2479	0.030000
2480	0.010000
2481	0.100000
2482	0.040000
2483	0.000000
2484	0.370000
2485	0.190000
2486	0.110000
2487	0.020000
2488	0.010000
2489	0.120000
2490	0.040000
2491	0.120000
2492	0.130000
2493	0.060000
2494	0.010000
2495	0.020000
2496	0.380000
2497	0.150000
2498	0.030000
2499	0.070000
2500	0.040000
2501	0.110000
2502	0.000000
2503	0.140000
2504	0.120000
2505	0.040000
2506	0.090000
2507	0.420000
2508	0.090000
2509	0.110000
2510	0.040000
2511	0.050000
2512	0.050000
2513	0.120000
2514	0.080000
2515	0.100000
2516	0.040000
2517	0.030000
2518	0.030000
2519	0.000000
2520	0.040000
2521	0.070000
2522	0.040000
2523	0.060000
2524	0.000000
2525	0.080000
2526	0.090000
2527	0.060000
2528	0.070000
2529	0.530000
2530	0.060000
2531	0.070000
2532	0.010000
2533	0.090000
2534	0.070000
2535	0.040000
2536	0.050000
2537	0.310000
2538	0.050000
2539	0.120000
2540	0.070000
2541	0.080000
2542	0.050000
2543	0.070000
2544	0.520000
2545	0.020000
2546	0.100000
2547	0.180000
2548	0.060000
2549	0.050000
2550	0.090000
2551	0.040000
2552	0.080000
2553	0.030000
2554	0.010000
2555	0.070000
2556	0.040000
2557	0.090000
2558	0.070000
2559	0.180000
2560	0.080000
2561	0.070000
2562	0.070000
2563	0.050000
2564	0.090000
2565	0.230000
2566	0.180000
2567	0.280000
2568	0.030000
2569	0.070000
2570	0.090000
2571	0.040000
2572	0.050000
2573	0.100000
2574	0.070000
2575	0.130000
2576	0.100000
2577	0.110000
2578	0.070000
2579	0.130000
2580	0.050000
2581	0.170000
2582	0.040000
2583	0.190000
2584	0.000000
2585	0.130000
2586	0.050000
2587	0.040000
2588	0.070000
2589	0.160000
2590	0.170000
2591	0.080000
2592	0.220000
2593	0.190000
2594	0.110000
2595	0.110000
2596	0.080000
2597	0.080000
2598	0.060000
2599	0.100000
2600	0.030000
2601	0.030000
2602	0.060000
2603	0.080000
2604	0.050000
2605	0.170000
2606	0.120000
2607	0.060000
2608	0.260000
2609	0.110000
2610	0.080000
2611	0.300000
2612	0.060000
2613	0.050000
2614	0.070000
2615	0.030000
2616	0.090000
2617	0.120000
2618	0.060000
2619	0.190000
2620	0.150000
2621	0.180000
2622	0.060000
2623	0.000000
2624	0.230000
2625	0.190000
2626	0.040000
2627	0.360000
2628	0.090000
2629	0.140000
2630	0.060000
2631	0.070000
2632	0.040000
2633	0.040000
2634	0.170000
2635	0.080000
2636	0.070000
2637	0.100000
2638	0.370000
2639	0.000000
2640	0.050000
2641	0.260000
2642	0.080000
2643	0.370000
2644	0.060000
2645	0.150000
2646	0.050000
2647	0.020000
2648	0.190000
2649	0.080000
2650	0.040000
2651	0.170000
2652	0.110000
2653	0.030000
2654	0.120000
2655	0.210000
2656	0.100000
2657	0.030000
2658	0.070000
2659	0.190000
2660	0.100000
2661	0.020000
2662	0.040000
2663	0.120000
2664	0.150000
2665	0.550000
2666	0.050000
2667	0.090000
2668	0.080000
2669	0.130000
2670	0.240000
2671	0.050000
2672	0.020000
2673	0.010000
2674	0.140000
2675	0.110000
2676	0.080000
2677	0.030000
2678	0.040000
2679	0.240000
2680	0.060000
2681	0.070000
2682	0.030000
2683	0.160000
2684	0.220000
2685	0.240000
2686	0.060000
2687	0.050000
2688	0.160000
2689	0.140000
2690	0.040000
2691	0.300000
2692	0.040000
2693	0.130000
2694	0.010000
2695	0.070000
2696	0.040000
2697	0.060000
2698	0.050000
2699	0.140000
2700	0.130000
2701	0.070000
2702	0.060000
2703	0.080000
2704	0.070000
2705	0.020000
2706	0.070000
2707	0.000000
2708	0.080000
2709	0.050000
2710	0.050000
2711	0.040000
2712	0.070000
2713	0.050000
2714	0.050000
2715	0.070000
2716	0.050000
2717	0.050000
2718	0.080000
2719	0.110000
2720	0.030000
2721	0.050000
2722	0.040000
2723	0.050000
2724	0.050000
2725	0.100000
2726	0.120000
2727	0.150000
2728	0.120000
2729	0.070000
2730	0.170000
2731	0.320000
2732	0.030000
2733	0.070000
2734	0.080000
2735	0.060000
2736	0.110000
2737	0.210000
2738	0.160000
2739	0.060000
2740	0.070000
2741	0.070000
2742	0.060000
2743	0.120000
2744	0.020000
2745	0.180000
2746	0.120000
2747	0.130000
2748	0.230000
2749	0.060000
2750	0.140000
2751	0.170000
2752	0.140000
2753	0.480000
2754	0.080000
2755	0.020000
2756	0.080000
2757	0.080000
2758	0.080000
2759	0.010000
2760	0.080000
2761	0.150000
2762	0.030000
2763	0.020000
2764	0.170000
2765	0.190000
2766	0.120000
2767	0.030000
2768	0.100000
2769	0.110000
2770	0.100000
2771	0.260000
2772	0.150000
2773	0.100000
2774	0.110000
2775	0.010000
2776	0.160000
2777	0.600000
2778	0.100000
2779	0.170000
2780	0.080000
2781	0.170000
2782	0.110000
2783	0.160000
2784	0.020000
2785	0.060000
2786	0.150000
2787	0.060000
2788	0.150000
2789	0.080000
2790	0.100000
2791	0.100000
2792	0.080000
2793	0.460000
2794	0.110000
2795	0.000000
2796	0.270000
2797	0.030000
2798	0.100000
2799	0.050000
2800	0.080000
2801	0.240000
2802	0.040000
2803	0.090000
2804	0.030000
2805	0.090000
2806	0.060000
2807	0.230000
2808	0.150000
2809	0.140000
2810	0.310000
2811	0.110000
2812	0.000000
2813	0.020000
2814	0.200000
2815	0.020000
2816	0.050000
2817	0.130000
2818	0.330000
2819	0.050000
2820	0.360000
2821	0.080000
2822	0.050000
2823	0.090000
2824	0.200000
2825	0.050000
2826	0.240000
2827	0.020000
2828	0.050000
2829	0.050000
2830	0.120000
2831	0.080000
2832	0.140000
2833	0.060000
2834	0.010000
2835	0.080000
2836	0.050000
2837	0.260000
2838	0.110000
2839	0.070000
2840	0.440000
2841	0.230000
2842	0.070000
2843	0.080000
2844	0.160000
2845	0.110000
2846	0.070000
2847	0.220000
2848	0.020000
2849	0.190000
2850	0.070000
2851	0.060000
2852	0.130000
2853	0.060000
2854	0.100000
2855	0.120000
2856	0.050000
2857	0.170000
2858	0.040000
2859	0.140000
2860	0.210000
2861	0.070000
2862	0.130000
2863	0.100000
2864	0.090000
2865	0.050000
2866	0.100000
2867	0.060000
2868	0.130000
2869	0.070000
2870	0.180000
2871	0.050000
2872	0.340000
2873	0.250000
2874	0.130000
2875	0.050000
2876	0.310000
2877	0.050000
2878	0.300000
2879	0.030000
2880	0.210000
2881	0.010000
2882	0.050000
2883	0.020000
2884	0.010000
2885	0.120000
2886	0.120000
2887	0.430000
2888	0.180000
2889	0.120000
2890	0.180000
2891	0.100000
2892	0.040000
2893	0.040000
2894	0.080000
2895	0.180000
2896	0.220000
2897	0.040000
2898	0.110000
2899	0.210000
2900	0.100000
2901	0.120000
2902	0.040000
2903	0.140000
2904	0.010000
2905	0.150000
2906	0.050000
2907	0.380000
2908	0.050000
2909	0.600000
2910	0.130000
2911	0.100000
2912	0.050000
2913	0.120000
2914	0.190000
2915	0.100000
2916	0.170000
2917	0.080000
2918	0.160000
2919	0.140000
2920	0.040000
2921	0.240000
2922	0.050000
2923	0.060000
2924	0.070000
2925	0.030000
2926	0.120000
2927	0.100000
2928	0.350000
2929	0.210000
2930	0.000000
2931	0.190000
2932	0.040000
2933	0.160000
2934	0.210000
2935	0.220000
2936	0.040000
2937	0.100000
2938	0.120000
2939	0.100000
2940	0.000000
2941	0.290000
2942	0.190000
2943	0.140000
2944	0.130000
2945	0.090000
2946	0.490000
2947	0.160000
2948	0.020000
2949	0.070000
2950	0.070000
2951	0.100000
2952	0.120000
2953	0.180000
2954	0.070000
2955	0.110000
2956	0.070000
2957	0.110000
2958	0.080000
2959	0.000000
2960	0.070000
2961	0.080000
2962	0.150000
2963	0.050000
2964	0.090000
2965	0.020000
2966	0.190000
2967	0.200000
2968	0.100000
2969	0.140000
2970	0.110000
2971	0.020000
2972	0.040000
2973	0.140000
2974	0.060000
2975	0.080000
2976	0.100000
2977	0.010000
2978	0.030000
2979	0.050000
2980	0.070000
2981	0.060000
2982	0.060000
2983	0.110000
2984	0.040000
2985	0.200000
2986	0.440000
2987	0.070000
2988	0.120000
2989	0.220000
2990	0.040000
2991	0.060000
2992	0.100000
2993	0.070000
2994	0.230000
2995	0.130000
2996	0.180000
2997	0.150000
2998	0.010000
2999	0.160000
3000	0.060000
3001	0.230000
3002	0.120000
3003	0.080000
3004	0.090000
3005	0.280000
3006	0.050000
3007	0.070000
3008	0.090000
3009	0.000000
3010	0.240000
3011	0.110000
3012	0.410000
3013	0.220000
3014	0.120000
3015	0.030000
3016	0.040000
3017	0.130000
3018	0.380000
3019	0.070000
3020	0.140000
3021	0.010000
3022	0.260000
3023	0.100000
3024	0.120000
3025	0.160000
3026	0.150000
3027	0.030000
3028	0.010000
3029	0.500000
3030	0.050000
3031	0.270000
3032	0.240000
3033	0.170000
3034	0.010000
3035	0.090000
3036	0.050000
3037	0.050000
3038	0.100000
3039	0.030000
3040	0.060000
3041	0.070000
3042	0.050000
3043	0.040000
3044	0.040000
3045	0.070000
3046	0.070000
3047	0.120000
3048	0.100000
3049	0.130000
3050	0.150000
3051	0.190000
3052	0.110000
3053	0.140000
3054	0.330000
3055	0.210000
3056	0.210000
3057	0.150000
3058	0.180000
3059	0.080000
3060	0.050000
3061	0.040000
3062	0.040000
3063	0.090000
3064	0.060000
3065	0.180000
3066	0.160000
3067	0.340000
3068	0.040000
3069	0.120000
3070	0.070000
3071	0.070000
3072	0.140000
3073	0.020000
3074	0.130000
3075	0.210000
3076	0.070000
3077	0.100000
3078	0.080000
3079	0.110000
3080	0.350000
3081	0.330000
3082	0.130000
3083	0.040000
3084	0.100000
3085	0.070000
3086	0.090000
3087	0.080000
3088	0.020000
3089	0.020000
3090	0.100000
3091	0.060000
3092	0.150000
3093	0.020000
3094	0.070000
3095	0.120000
3096	0.040000
3097	0.040000
3098	0.100000
3099	0.220000
3100	0.090000
3101	0.290000
3102	0.080000
3103	0.110000
3104	0.020000
3105	0.060000
3106	0.050000
3107	0.130000
3108	0.350000
3109	0.030000
3110	0.360000
3111	0.110000
3112	0.180000
3113	0.060000
3114	0.130000
3115	0.010000
3116	0.050000
3117	0.070000
3118	0.500000
3119	0.120000
3120	0.050000
3121	0.140000
3122	0.020000
3123	0.180000
3124	0.040000
3125	0.310000
3126	0.130000
3127	0.020000
3128	0.220000
3129	0.450000
3130	0.060000
3131	0.040000
3132	0.060000
3133	0.050000
3134	0.060000
3135	0.040000
3136	0.020000
3137	0.090000
3138	0.220000
3139	0.040000
3140	0.180000
3141	0.040000
3142	0.140000
3143	0.230000
3144	0.020000
3145	0.130000
3146	0.040000
3147	0.120000
3148	0.160000
3149	0.050000
3150	0.030000
3151	0.160000
3152	0.050000
3153	0.050000
3154	0.170000
3155	0.080000
3156	0.080000
3157	0.210000
3158	0.200000
3159	0.140000
3160	0.080000
3161	0.090000
3162	0.140000
3163	0.480000
3164	0.070000
3165	0.050000
3166	0.100000
3167	0.180000
3168	0.030000
3169	0.230000
3170	0.170000
3171	0.140000
3172	0.100000
3173	0.080000
3174	0.050000
3175	0.080000
3176	0.040000
3177	0.050000
3178	0.300000
3179	0.040000
3180	0.150000
3181	0.070000
3182	0.250000
3183	0.190000
3184	0.050000
3185	0.120000
3186	0.040000
3187	0.060000
3188	0.010000
3189	0.160000
3190	0.050000
3191	0.080000
3192	0.230000
3193	0.070000
3194	0.050000
3195	0.120000
3196	0.210000
3197	0.030000
3198	0.110000
3199	0.090000
3200	0.090000
3201	0.270000
3202	0.150000
3203	0.190000
3204	0.110000
3205	0.270000
3206	0.070000
3207	0.060000
3208	0.120000
3209	0.210000
3210	0.080000
3211	0.100000
3212	0.040000
3213	0.150000
3214	0.030000
3215	0.030000
3216	0.080000
3217	0.160000
3218	0.110000
3219	0.080000
3220	0.110000
3221	0.030000
3222	0.030000
3223	0.120000
3224	0.360000
3225	0.040000
3226	0.100000
3227	0.110000
3228	0.050000
3229	0.080000
3230	0.090000
3231	0.220000
3232	0.100000
3233	0.130000
3234	0.030000
3235	0.060000
3236	0.030000
3237	0.100000
3238	0.050000
3239	0.030000
3240	0.170000
3241	0.060000
3242	0.270000
3243	0.120000
3244	0.040000
3245	0.190000
3246	0.110000
3247	0.080000
3248	0.120000
3249	0.010000
3250	0.150000
3251	0.060000
3252	0.050000
3253	0.150000
3254	0.060000
3255	0.100000
3256	0.140000
3257	0.040000
3258	0.070000
3259	0.340000
3260	0.200000
3261	0.240000
3262	0.120000
3263	0.230000
3264	0.030000
3265	0.410000
3266	0.060000
3267	0.030000
3268	0.140000
3269	0.150000
3270	0.200000
3271	0.110000
3272	0.340000
3273	0.030000
3274	0.260000
3275	0.010000
3276	0.030000
3277	0.250000
3278	0.110000
3279	0.070000
3280	0.390000
3281	0.050000
3282	0.060000
3283	0.170000
3284	0.030000
3285	0.220000
3286	0.060000
3287	0.020000
3288	0.060000
3289	0.060000
3290	0.010000
3291	0.020000
3292	0.460000
3293	0.030000
3294	0.070000
3295	0.100000
3296	0.200000
3297	0.080000
3298	0.060000
3299	0.180000
3300	0.280000
3301	0.180000
3302	0.060000
3303	0.070000
3304	0.100000
3305	0.110000
3306	0.080000
3307	0.010000
3308	0.250000
3309	0.180000
3310	0.040000
3311	0.510000
3312	0.270000
3313	0.330000
3314	0.140000
3315	0.150000
3316	0.080000
3317	0.130000
3318	0.140000
3319	0.080000
3320	0.160000
3321	0.120000
3322	0.040000
3323	0.110000
3324	0.030000
3325	0.050000
3326	0.070000
3327	0.330000
3328	0.120000
3329	0.080000
3330	0.040000
3331	0.100000
3332	0.220000
3333	0.230000
3334	0.150000
3335	0.050000
3336	0.270000
3337	0.100000
3338	0.050000
3339	0.130000
3340	0.100000
3341	0.200000
3342	0.110000
3343	0.010000
3344	0.050000
3345	0.100000
3346	0.180000
3347	0.070000
3348	0.060000
3349	0.050000
3350	0.110000
3351	0.080000
3352	0.210000
3353	0.060000
3354	0.100000
3355	0.040000
3356	0.290000
3357	0.120000
3358	0.200000
3359	0.040000
3360	0.120000
3361	0.080000
3362	0.100000
3363	0.190000
3364	0.090000
3365	0.050000
3366	0.070000
3367	0.170000
3368	0.050000
3369	0.060000
3370	0.120000
3371	0.400000
3372	0.040000
3373	0.090000
3374	0.050000
3375	0.030000
3376	0.060000
3377	0.040000
3378	0.060000
3379	0.070000
3380	0.210000
3381	0.040000
3382	0.120000
3383	0.080000
3384	0.140000
3385	0.060000
3386	0.080000
3387	0.110000
3388	0.050000
3389	0.670000
3390	0.110000
3391	0.750000
3392	0.090000
3393	0.310000
3394	0.310000
3395	0.080000
3396	0.030000
3397	0.040000
3398	0.070000
3399	0.020000
3400	0.110000
3401	0.360000
3402	0.370000
3403	0.130000
3404	0.070000
3405	0.050000
3406	0.070000
3407	0.040000
3408	0.070000
3409	0.070000
3410	0.410000
3411	0.360000
3412	0.270000
3413	0.130000
3414	0.140000
3415	0.160000
3416	0.370000
3417	0.070000
3418	0.050000
3419	0.110000
3420	0.140000
3421	0.070000
3422	0.180000
3423	0.210000
3424	0.110000
3425	0.350000
3426	0.110000
3427	0.070000
3428	0.060000
3429	0.050000
3430	0.310000
3431	0.010000
3432	0.090000
3433	0.130000
3434	0.060000
3435	0.100000
3436	0.130000
3437	0.040000
3438	0.050000
3439	0.130000
3440	0.040000
3441	0.290000
3442	0.090000
3443	0.040000
3444	0.050000
3445	0.060000
3446	0.100000
3447	0.130000
3448	0.050000
3449	0.130000
3450	0.230000
3451	0.090000
3452	0.100000
3453	0.220000
3454	0.280000
3455	0.020000
3456	0.170000
3457	0.140000
3458	0.050000
3459	0.040000
3460	0.160000
3461	0.090000
3462	0.440000
3463	0.040000
3464	0.260000
3465	0.040000
3466	0.020000
3467	0.130000
3468	0.120000
3469	0.150000
3470	0.020000
3471	0.470000
3472	0.040000
3473	0.110000
3474	0.240000
3475	0.620000
3476	0.020000
3477	0.060000
3478	0.100000
3479	0.050000
3480	0.020000
3481	0.200000
3482	0.080000
3483	0.170000
3484	0.070000
3485	0.080000
3486	0.150000
3487	0.240000
3488	0.050000
3489	0.170000
3490	0.200000
3491	0.250000
3492	0.020000
3493	0.130000
3494	0.060000
3495	0.030000
3496	0.060000
3497	0.020000
3498	0.100000
3499	0.170000
3500	0.100000
3501	0.170000
3502	0.080000
3503	0.210000
3504	0.150000
3505	0.040000
3506	0.090000
3507	0.480000
3508	0.080000
3509	0.420000
3510	0.010000
3511	0.040000
3512	0.180000
3513	0.180000
3514	0.110000
3515	0.120000
3516	0.120000
3517	0.130000
3518	0.210000
3519	0.270000
3520	0.160000
3521	0.220000
3522	0.050000
3523	0.040000
3524	0.040000
3525	0.050000
3526	0.270000
3527	0.050000
3528	0.060000
3529	0.200000
3530	0.040000
3531	0.060000
3532	0.060000
3533	0.140000
3534	0.140000
3535	0.090000
3536	0.080000
3537	0.060000
3538	0.170000
3539	0.180000
3540	0.170000
3541	0.040000
3542	0.050000
3543	0.130000
3544	0.040000
3545	0.040000
3546	0.170000
3547	0.120000
3548	0.060000
3549	0.030000
3550	0.130000
3551	0.100000
3552	0.030000
3553	0.100000
3554	0.030000
3555	0.100000
3556	0.070000
3557	0.320000
3558	0.140000
3559	0.040000
3560	0.140000
3561	0.200000
3562	0.530000
3563	0.160000
3564	0.050000
3565	0.140000
3566	0.060000
3567	0.110000
3568	0.190000
3569	0.220000
3570	0.010000
3571	0.090000
3572	0.030000
3573	0.030000
3574	0.210000
3575	0.090000
3576	0.150000
3577	0.170000
3578	0.200000
3579	0.240000
3580	0.110000
3581	0.100000
3582	0.140000
3583	0.040000
3584	0.080000
3585	0.130000
3586	0.040000
3587	0.020000
3588	0.130000
3589	0.450000
3590	0.350000
3591	0.090000
3592	0.270000
3593	0.110000
3594	0.130000
3595	0.010000
3596	0.110000
3597	0.040000
3598	0.020000
3599	0.350000
3600	0.150000
3601	0.080000
3602	0.090000
3603	0.120000
3604	0.060000
3605	0.050000
3606	0.060000
3607	0.330000
3608	0.090000
3609	0.070000
3610	0.070000
3611	0.070000
3612	0.150000
3613	0.060000
3614	0.090000
3615	0.150000
3616	0.060000
3617	0.070000
3618	0.490000
3619	0.000000
3620	0.190000
3621	0.160000
3622	0.080000
3623	0.070000
3624	0.230000
3625	0.100000
3626	0.310000
3627	0.070000
3628	0.080000
3629	0.150000
3630	0.120000
3631	0.090000
3632	0.050000
3633	0.050000
3634	0.030000
3635	0.090000
3636	0.040000
3637	0.180000
3638	0.040000
3639	0.120000
3640	0.110000
3641	0.230000
3642	0.030000
3643	0.230000
3644	0.050000
3645	0.110000
3646	0.120000
3647	0.010000
3648	0.360000
3649	0.080000
3650	0.520000
3651	0.170000
3652	0.180000
3653	0.030000
3654	0.380000
3655	0.050000
3656	0.080000
3657	0.080000
3658	0.040000
3659	0.140000
3660	0.160000
3661	0.020000
3662	0.010000
3663	0.110000
3664	0.070000
3665	0.280000
3666	0.120000
3667	0.070000
3668	0.030000
3669	0.370000
3670	0.090000
3671	0.160000
3672	0.100000
3673	0.200000
3674	0.120000
3675	0.520000
3676	0.040000
3677	0.010000
3678	0.340000
3679	0.290000
3680	0.050000
3681	0.320000
3682	0.030000
3683	0.260000
3684	0.170000
3685	0.290000
3686	0.120000
3687	0.060000
3688	0.220000
3689	0.040000
3690	0.310000
3691	0.130000
3692	0.030000
3693	0.330000
3694	0.130000
3695	0.180000
3696	0.120000
3697	0.090000
3698	0.230000
3699	0.130000
3700	0.060000
3701	0.080000
3702	0.040000
3703	0.100000
3704	0.160000
3705	0.590000
3706	0.150000
3707	0.090000
3708	0.070000
3709	0.110000
3710	0.030000
3711	0.090000
3712	0.170000
3713	0.380000
3714	0.050000
3715	0.210000
3716	0.180000
3717	0.180000
3718	0.210000
3719	0.050000
3720	0.080000
3721	0.130000
3722	0.080000
3723	0.010000
3724	0.350000
3725	0.040000
3726	0.240000
3727	0.290000
3728	0.060000
3729	0.380000
3730	0.080000
3731	0.190000
3732	0.290000
3733	0.220000
3734	0.090000
3735	0.050000
3736	0.070000
3737	0.060000
3738	0.070000
3739	0.030000
3740	0.010000
3741	0.130000
3742	0.120000
3743	0.070000
3744	0.070000
3745	0.000000
3746	0.360000
3747	0.040000
3748	0.070000
3749	0.110000
3750	0.030000
3751	0.160000
3752	0.120000
3753	0.060000
3754	0.180000
3755	0.100000
3756	0.420000
3757	0.150000
3758	0.100000
3759	0.080000
3760	0.300000
3761	0.130000
3762	0.100000
3763	0.020000
3764	0.050000
3765	0.020000
3766	0.070000
3767	0.030000
3768	0.500000
3769	0.270000
3770	0.110000
3771	0.340000
3772	0.100000
3773	0.240000
3774	0.110000
3775	0.110000
3776	0.130000
3777	0.050000
3778	0.300000
3779	0.110000
3780	0.350000
3781	0.060000
3782	0.060000
3783	0.040000
3784	0.100000
3785	0.040000
3786	0.110000
3787	0.010000
3788	0.040000
3789	0.140000
3790	0.080000
3791	0.080000
3792	0.410000
3793	0.080000
3794	0.100000
3795	0.020000
3796	0.150000
3797	0.070000
3798	0.020000
3799	0.000000
3800	0.030000
3801	0.210000
3802	0.040000
3803	0.050000
3804	0.290000
3805	0.060000
3806	0.260000
3807	0.450000
3808	0.320000
3809	0.130000
3810	0.080000
3811	0.070000
3812	0.100000
3813	0.070000
3814	0.060000
3815	0.080000
3816	0.170000
3817	0.040000
3818	0.050000
3819	0.130000
3820	0.130000
3821	0.260000
3822	0.190000
3823	0.450000
3824	0.480000
3825	0.220000
3826	0.040000
3827	0.230000
3828	0.130000
3829	0.170000
3830	0.050000
3831	0.040000
3832	0.190000
3833	0.200000
3834	0.120000
3835	0.100000
3836	0.220000
3837	0.090000
3838	0.050000
3839	0.030000
3840	0.110000
3841	0.430000
3842	0.310000
3843	0.060000
3844	0.210000
3845	0.030000
3846	0.190000
3847	0.170000
3848	0.060000
3849	0.190000
3850	0.280000
3851	0.200000
3852	0.070000
3853	0.130000
3854	0.070000
3855	0.070000
3856	0.040000
3857	0.090000
3858	0.110000
3859	0.410000
3860	0.020000
3861	0.100000
3862	0.040000
3863	0.080000
3864	0.070000
3865	0.040000
3866	0.090000
3867	0.080000
3868	0.150000
3869	0.020000
3870	0.060000
3871	0.130000
3872	0.110000
3873	0.150000
3874	0.180000
3875	0.080000
3876	0.070000
3877	0.020000
3878	0.350000
3879	0.090000
3880	0.100000
3881	0.110000
3882	0.070000
3883	0.050000
3884	0.310000
3885	0.290000
3886	0.180000
3887	0.120000
3888	0.150000
3889	0.200000
3890	0.100000
3891	0.040000
3892	0.250000
3893	0.070000
3894	0.150000
3895	0.140000
3896	0.110000
3897	0.000000
3898	0.090000
3899	0.100000
3900	0.140000
3901	0.020000
3902	0.100000
3903	0.030000
3904	0.100000
3905	0.120000
3906	0.170000
3907	0.100000
3908	0.070000
3909	0.060000
3910	0.080000
3911	0.070000
3912	0.120000
3913	0.130000
3914	0.200000
3915	0.050000
3916	0.420000
3917	0.090000
3918	0.080000
3919	0.080000
3920	0.020000
3921	0.120000
3922	0.160000
3923	0.080000
3924	0.110000
3925	0.130000
3926	0.100000
3927	0.160000
3928	0.040000
3929	0.410000
3930	0.210000
3931	0.120000
3932	0.030000
3933	0.060000
3934	0.400000
3935	0.040000
3936	0.070000
3937	0.090000
3938	0.050000
3939	0.030000
3940	0.220000
3941	0.110000
3942	0.390000
3943	0.020000
3944	0.070000
3945	0.350000
3946	0.280000
3947	0.080000
3948	0.170000
3949	0.130000
3950	0.140000
3951	0.240000
3952	0.050000
3953	0.150000
3954	0.100000
3955	0.120000
3956	0.070000
3957	0.180000
3958	0.140000
3959	0.050000
3960	0.050000
3961	0.070000
3962	0.020000
3963	0.330000
3964	0.060000
3965	0.220000
3966	0.030000
3967	0.140000
3968	0.140000
3969	0.040000
3970	0.130000
3971	0.290000
3972	0.080000
3973	0.000000
3974	0.080000
3975	0.090000
3976	0.150000
3977	0.050000
3978	0.120000
3979	0.100000
3980	0.080000
3981	0.200000
3982	0.080000
3983	0.030000
3984	0.100000
3985	0.080000
3986	0.080000
3987	0.080000
3988	0.020000
3989	0.090000
3990	0.080000
3991	0.130000
3992	0.180000
3993	0.200000
3994	0.110000
3995	0.190000
3996	0.040000
3997	0.160000
3998	0.270000
3999	0.200000
4000	0.050000
4001	0.070000
4002	0.060000
4003	0.060000
4004	0.180000
4005	0.140000
4006	0.160000
4007	0.230000
4008	0.050000
4009	0.310000
4010	0.060000
4011	0.010000
4012	0.030000
4013	0.090000
4014	0.060000
4015	0.040000
4016	0.330000
4017	0.090000
4018	0.240000
4019	0.050000
4020	0.170000
4021	0.160000
4022	0.300000
4023	0.040000
4024	0.030000
4025	0.040000
4026	0.120000
4027	0.030000
4028	0.080000
4029	0.100000
4030	0.020000
4031	0.150000
4032	0.080000
4033	0.480000
4034	0.090000
4035	0.020000
4036	0.120000
4037	0.040000
4038	0.030000
4039	0.100000
4040	0.010000
4041	0.240000
4042	0.360000
4043	0.050000
4044	0.090000
4045	0.070000
4046	0.080000
4047	0.080000
4048	0.190000
4049	0.320000
4050	0.260000
4051	0.030000
4052	0.040000
4053	0.070000
4054	0.060000
4055	0.230000
4056	0.040000
4057	0.090000
4058	0.400000
4059	0.090000
4060	0.180000
4061	0.060000
4062	0.250000
4063	0.060000
4064	0.250000
4065	0.060000
4066	0.100000
4067	0.200000
4068	0.040000
4069	0.060000
4070	0.180000
4071	0.020000
4072	0.070000
4073	0.070000
4074	0.020000
4075	0.080000
4076	0.020000
4077	0.100000
4078	0.080000
4079	0.100000
4080	0.060000
4081	0.060000
4082	0.100000
4083	0.410000
4084	0.000000
4085	0.310000
4086	0.230000
4087	0.150000
4088	0.050000
4089	0.320000
4090	0.280000
4091	0.090000
4092	0.150000
4093	0.160000
4094	0.080000
4095	0.060000
4096	0.120000
4097	0.080000
4098	0.230000
4099	0.130000
4100	0.070000
4101	0.020000
4102	0.150000
4103	0.020000
4104	0.070000
4105	0.030000
4106	0.020000
4107	0.260000
4108	0.050000
4109	0.070000
4110	0.050000
4111	0.080000
4112	0.100000
4113	0.050000
4114	0.260000
4115	0.180000
4116	0.200000
4117	0.160000
4118	0.200000
4119	0.100000
4120	0.050000
4121	0.050000
4122	0.170000
4123	0.080000
4124	0.130000
4125	0.050000
4126	0.280000
4127	0.120000
4128	0.070000
4129	0.070000
4130	0.370000
4131	0.040000
4132	0.100000
4133	0.040000
4134	0.140000
4135	0.080000
4136	0.090000
4137	0.140000
4138	0.020000
4139	0.160000
4140	0.310000
4141	0.190000
4142	0.070000
4143	0.070000
4144	0.090000
4145	0.060000
4146	0.070000
4147	0.120000
4148	0.130000
4149	0.090000
4150	0.100000
4151	0.090000
4152	0.110000
4153	0.020000
4154	0.040000
4155	0.060000
4156	0.190000
4157	0.020000
4158	0.000000
4159	0.020000
4160	0.280000
4161	0.090000
4162	0.100000
4163	0.040000
4164	0.040000
4165	0.100000
4166	0.070000
4167	0.210000
4168	0.070000
4169	0.550000
4170	0.110000
4171	0.090000
4172	0.060000
4173	0.080000
4174	0.070000
4175	0.060000
4176	0.070000
4177	0.200000
4178	0.020000
4179	0.080000
4180	0.070000
4181	0.110000
4182	0.130000
4183	0.240000
4184	0.070000
4185	0.150000
4186	0.240000
4187	0.130000
4188	0.070000
4189	0.070000
4190	0.010000
4191	0.030000
4192	0.030000
4193	0.200000
4194	0.170000
4195	0.070000
4196	0.020000
4197	0.020000
4198	0.120000
4199	0.040000
4200	0.140000
4201	0.030000
4202	0.050000
4203	0.070000
4204	0.170000
4205	0.020000
4206	0.000000
4207	0.060000
4208	0.120000
4209	0.060000
4210	0.290000
4211	0.040000
4212	0.070000
4213	0.330000
4214	0.030000
4215	0.260000
4216	0.070000
4217	0.340000
4218	0.030000
4219	0.130000
4220	0.200000
4221	0.120000
4222	0.060000
4223	0.000000
4224	0.060000
4225	0.120000
4226	0.030000
4227	0.390000
4228	0.050000
4229	0.040000
4230	0.050000
4231	0.080000
4232	0.100000
4233	0.080000
4234	0.130000
4235	0.080000
4236	0.090000
4237	0.160000
4238	0.230000
4239	0.190000
4240	0.100000
4241	0.060000
4242	0.070000
4243	0.010000
4244	0.050000
4245	0.220000
4246	0.030000
4247	0.110000
4248	0.050000
4249	0.070000
4250	0.010000
4251	0.040000
4252	0.070000
4253	0.420000
4254	0.070000
4255	0.030000
4256	0.030000
4257	0.110000
4258	0.160000
4259	0.030000
4260	0.320000
4261	0.410000
4262	0.100000
4263	0.060000
4264	0.000000
4265	0.180000
4266	0.140000
4267	0.060000
4268	0.010000
4269	0.040000
4270	0.060000
4271	0.210000
4272	0.240000
4273	0.040000
4274	0.090000
4275	0.060000
4276	0.110000
4277	0.700000
4278	0.070000
4279	0.380000
4280	0.080000
4281	0.070000
4282	0.000000
4283	0.060000
4284	0.170000
4285	0.320000
4286	0.030000
4287	0.210000
4288	0.020000
4289	0.150000
4290	0.070000
4291	0.150000
4292	0.090000
4293	0.060000
4294	0.100000
4295	0.080000
4296	0.050000
4297	0.090000
4298	0.120000
4299	0.120000
4300	0.100000
4301	0.100000
4302	0.050000
4303	0.230000
4304	0.070000
4305	0.310000
4306	0.060000
4307	0.030000
4308	0.110000
4309	0.090000
4310	0.250000
4311	0.050000
4312	0.310000
4313	0.030000
4314	0.020000
4315	0.100000
4316	0.080000
4317	0.050000
4318	0.120000
4319	0.120000
4320	0.110000
4321	0.030000
4322	0.280000
4323	0.040000
4324	0.080000
4325	0.070000
4326	0.170000
4327	0.130000
4328	0.200000
4329	0.140000
4330	0.030000
4331	0.060000
4332	0.030000
4333	0.250000
4334	0.180000
4335	0.250000
4336	0.010000
4337	0.070000
4338	0.020000
4339	0.120000
4340	0.040000
4341	0.050000
4342	0.160000
4343	0.040000
4344	0.740000
4345	0.230000
4346	0.070000
4347	0.070000
4348	0.020000
4349	0.040000
4350	0.030000
4351	0.200000
4352	0.220000
4353	0.070000
4354	0.290000
4355	0.110000
4356	0.270000
4357	0.060000
4358	0.090000
4359	0.020000
4360	0.070000
4361	0.140000
4362	0.070000
4363	0.130000
4364	0.070000
4365	0.020000
4366	0.080000
4367	0.090000
4368	0.110000
4369	0.040000
4370	0.070000
4371	0.060000
4372	0.050000
4373	0.140000
4374	0.200000
4375	0.120000
4376	0.020000
4377	0.280000
4378	0.100000
4379	0.200000
4380	0.050000
4381	0.120000
4382	0.030000
4383	0.040000
4384	0.160000
4385	0.010000
4386	0.660000
4387	0.330000
4388	0.180000
4389	0.020000
4390	0.050000
4391	0.080000
4392	0.070000
4393	0.030000
4394	0.090000
4395	0.030000
4396	0.010000
4397	0.130000
4398	0.050000
4399	0.080000
4400	0.050000
4401	0.120000
4402	0.040000
4403	0.120000
4404	0.040000
4405	0.050000
4406	0.270000
4407	0.020000
4408	0.290000
4409	0.110000
4410	0.060000
4411	0.170000
4412	0.100000
4413	0.050000
4414	0.060000
4415	0.120000
4416	0.120000
4417	0.140000
4418	0.210000
4419	0.020000
4420	0.050000
4421	0.040000
4422	0.320000
4423	0.090000
4424	0.080000
4425	0.550000
4426	0.050000
4427	0.040000
4428	0.000000
4429	0.020000
4430	0.150000
4431	0.070000
4432	0.080000
4433	0.070000
4434	0.080000
4435	0.110000
4436	0.100000
4437	0.180000
4438	0.080000
4439	0.090000
4440	0.050000
4441	0.050000
4442	0.050000
4443	0.040000
4444	0.180000
4445	0.040000
4446	0.340000
4447	0.290000
4448	0.570000
4449	0.100000
4450	0.110000
4451	0.170000
4452	0.140000
4453	0.040000
4454	0.100000
4455	0.050000
4456	0.050000
4457	0.150000
4458	0.220000
4459	0.160000
4460	0.090000
4461	0.100000
4462	0.030000
4463	0.020000
4464	0.010000
4465	0.030000
4466	0.050000
4467	0.050000
4468	0.060000
4469	0.040000
4470	0.070000
4471	0.110000
4472	0.300000
4473	0.030000
4474	0.050000
4475	0.080000
4476	0.070000
4477	0.090000
4478	0.210000
4479	0.110000
4480	0.240000
4481	0.030000
4482	0.480000
4483	0.060000
4484	0.090000
4485	0.090000
4486	0.010000
4487	0.170000
4488	0.030000
4489	0.240000
4490	0.220000
4491	0.160000
4492	0.040000
4493	0.040000
4494	0.020000
4495	0.000000
4496	0.110000
4497	0.100000
4498	0.070000
4499	0.100000
4500	0.040000
4501	0.070000
4502	0.220000
4503	0.070000
4504	0.030000
4505	0.030000
4506	0.230000
4507	0.090000
4508	0.550000
4509	0.280000
4510	0.520000
4511	0.270000
4512	0.120000
4513	0.070000
4514	0.000000
4515	0.050000
4516	0.030000
4517	0.210000
4518	0.030000
4519	0.020000
4520	0.160000
4521	0.100000
4522	0.090000
4523	0.410000
4524	0.120000
4525	0.050000
4526	0.120000
4527	0.030000
4528	0.090000
4529	0.090000
4530	0.060000
4531	0.210000
4532	0.120000
4533	0.070000
4534	0.140000
4535	0.220000
4536	0.060000
4537	0.080000
4538	0.030000
4539	0.050000
4540	0.130000
4541	0.210000
4542	0.030000
4543	0.440000
4544	0.070000
4545	0.020000
4546	0.090000
4547	0.050000
4548	0.050000
4549	0.060000
4550	0.040000
4551	0.050000
4552	0.210000
4553	0.060000
4554	0.040000
4555	0.040000
4556	0.120000
4557	0.080000
4558	0.020000
4559	0.080000
4560	0.330000
4561	0.110000
4562	0.300000
4563	0.080000
4564	0.070000
4565	0.040000
4566	0.040000
4567	0.040000
4568	0.050000
4569	0.170000
4570	0.080000
4571	0.070000
4572	0.120000
4573	0.160000
4574	0.080000
4575	0.160000
4576	0.070000
4577	0.120000
4578	0.390000
4579	0.220000
4580	0.040000
4581	0.050000
4582	0.040000
4583	0.040000
4584	0.130000
4585	0.180000
4586	0.000000
4587	0.070000
4588	0.070000
4589	0.180000
4590	0.070000
4591	0.220000
4592	0.120000
4593	0.220000
4594	0.060000
4595	0.050000
4596	0.040000
4597	0.010000
4598	0.120000
4599	0.040000
4600	0.190000
4601	0.130000
4602	0.050000
4603	0.030000
4604	0.110000
4605	0.190000
4606	0.090000
4607	0.400000
4608	0.050000
4609	0.110000
4610	0.040000
4611	0.260000
4612	0.020000
4613	0.060000
4614	0.030000
4615	0.140000
4616	0.040000
4617	0.020000
4618	0.210000
4619	0.130000
4620	0.020000
4621	0.150000
4622	0.020000
4623	0.060000
4624	0.070000
4625	0.080000
4626	0.170000
4627	0.090000
4628	0.040000
4629	0.050000
4630	0.070000
4631	0.070000
4632	0.110000
4633	0.110000
4634	0.120000
4635	0.100000
4636	0.030000
4637	0.020000
4638	0.050000
4639	0.040000
4640	0.200000
4641	0.060000
4642	0.060000
4643	0.110000
4644	0.040000
4645	0.060000
4646	0.070000
4647	0.390000
4648	0.050000
4649	0.060000
4650	0.220000
4651	0.020000
4652	0.020000
4653	0.100000
4654	0.050000
4655	0.220000
4656	0.100000
4657	0.060000
4658	0.420000
4659	0.140000
4660	0.060000
4661	0.270000
4662	0.060000
4663	0.100000
4664	0.000000
4665	0.060000
4666	0.040000
4667	0.090000
4668	0.100000
4669	0.040000
4670	0.100000
4671	0.100000
4672	0.050000
4673	0.320000
4674	0.020000
4675	0.260000
4676	0.050000
4677	0.020000
4678	0.030000
4679	0.100000
4680	0.150000
4681	0.210000
4682	0.240000
4683	0.040000
4684	0.120000
4685	0.100000
4686	0.200000
4687	0.070000
4688	0.060000
4689	0.060000
4690	0.090000
4691	0.060000
4692	0.000000
4693	0.120000
4694	0.060000
4695	0.010000
4696	0.000000
4697	0.150000
4698	0.050000
4699	0.210000
4700	0.170000
4701	0.070000
4702	0.090000
4703	0.040000
4704	0.110000
4705	0.120000
4706	0.150000
4707	0.030000
4708	0.310000
4709	0.150000
4710	0.050000
4711	0.070000
4712	0.040000
4713	0.000000
4714	0.100000
4715	0.240000
4716	0.040000
4717	0.120000
4718	0.130000
4719	0.070000
4720	0.090000
4721	0.140000
4722	0.050000
4723	0.050000
4724	0.070000
4725	0.410000
4726	0.110000
4727	0.090000
4728	0.330000
4729	0.110000
4730	0.030000
4731	0.030000
4732	0.430000
4733	0.080000
4734	0.050000
4735	0.070000
4736	0.150000
4737	0.200000
4738	0.180000
4739	0.060000
4740	0.040000
4741	0.050000
4742	0.120000
4743	0.060000
4744	0.070000
4745	0.140000
4746	0.080000
4747	0.160000
4748	0.320000
4749	0.060000
4750	0.220000
4751	0.020000
4752	0.060000
4753	0.080000
4754	0.140000
4755	0.040000
4756	0.070000
4757	0.120000
4758	0.060000
4759	0.050000
4760	0.070000
4761	0.030000
4762	0.090000
4763	0.030000
4764	0.050000
4765	0.360000
4766	0.090000
4767	0.010000
4768	0.000000
4769	0.150000
4770	0.000000
4771	0.150000
4772	0.140000
4773	0.050000
4774	0.120000
4775	0.020000
4776	0.070000
4777	0.090000
4778	0.020000
4779	0.310000
4780	0.120000
4781	0.040000
4782	0.130000
4783	0.140000
4784	0.230000
4785	0.160000
4786	0.310000
4787	0.060000
4788	0.030000
4789	0.150000
4790	0.190000
4791	0.120000
4792	0.050000
4793	0.020000
4794	0.130000
4795	0.110000
4796	0.290000
4797	0.050000
4798	0.050000
4799	0.100000
4800	0.060000
4801	0.130000
4802	0.430000
4803	0.050000
4804	0.070000
4805	0.020000
4806	0.260000
4807	0.160000
4808	0.440000
4809	0.040000
4810	0.140000
4811	0.080000
4812	0.140000
4813	0.100000
4814	0.110000
4815	0.070000
4816	0.160000
4817	0.070000
4818	0.060000
4819	0.070000
4820	0.030000
4821	0.110000
4822	0.080000
4823	0.340000
4824	0.140000
4825	0.060000
4826	0.190000
4827	0.000000
4828	0.170000
4829	0.250000
4830	0.110000
4831	0.220000
4832	0.070000
4833	0.050000
4834	0.270000
4835	0.070000
4836	0.060000
4837	0.030000
4838	0.030000
4839	0.020000
4840	0.060000
4841	0.110000
4842	0.100000
4843	0.090000
4844	0.070000
4845	0.150000
4846	0.020000
4847	0.150000
4848	0.090000
4849	0.050000
4850	0.020000
4851	0.070000
4852	0.220000
4853	0.100000
4854	0.130000
4855	0.190000
4856	0.100000
4857	0.140000
4858	0.060000
4859	0.030000
4860	0.020000
4861	0.150000
4862	0.110000
4863	0.040000
4864	0.060000
4865	0.240000
4866	0.010000
4867	0.420000
4868	0.150000
4869	0.090000
4870	0.130000
4871	0.040000
4872	0.010000
4873	0.040000
4874	0.080000
4875	0.150000
4876	0.040000
4877	0.020000
4878	0.030000
4879	0.290000
4880	0.030000
4881	0.050000
4882	0.220000
4883	0.080000
4884	0.280000
4885	0.030000
4886	0.280000
4887	0.180000
4888	0.360000
4889	0.220000
4890	0.110000
4891	0.080000
4892	0.170000
4893	0.110000
4894	0.090000
4895	0.050000
4896	0.050000
4897	0.310000
4898	0.200000
4899	0.190000
4900	0.060000
4901	0.100000
4902	0.170000
4903	0.050000
4904	0.160000
4905	0.160000
4906	0.260000
4907	0.110000
4908	0.040000
4909	0.140000
4910	0.070000
4911	0.070000
4912	0.050000
4913	0.040000
4914	0.060000
4915	0.150000
4916	0.190000
4917	0.100000
4918	0.210000
4919	0.070000
4920	0.120000
4921	0.120000
4922	0.160000
4923	0.050000
4924	0.070000
4925	0.070000
4926	0.000000
4927	0.060000
4928	0.130000
4929	0.060000
4930	0.160000
4931	0.030000
4932	0.240000
4933	0.100000
4934	0.180000
4935	0.030000
4936	0.030000
4937	0.090000
4938	0.070000
4939	0.160000
4940	0.190000
4941	0.060000
4942	0.100000
4943	0.050000
4944	0.070000
4945	0.270000
4946	0.230000
4947	0.110000
4948	0.500000
4949	0.050000
4950	0.220000
4951	0.170000
4952	0.120000
4953	0.220000
4954	0.190000
4955	0.070000
4956	0.210000
4957	0.270000
4958	0.220000
4959	0.130000
4960	0.030000
4961	0.110000
4962	0.170000
4963	0.040000
4964	0.190000
4965	0.100000
4966	0.130000
4967	0.070000
4968	0.030000
4969	0.030000
4970	0.010000
4971	0.050000
4972	0.380000
4973	0.030000
4974	0.080000
4975	0.080000
4976	0.030000
4977	0.140000
4978	0.160000
4979	0.240000
4980	0.180000
4981	0.050000
4982	0.090000
4983	0.020000
4984	0.030000
4985	0.110000
4986	0.080000
4987	0.140000
4988	0.040000
4989	0.100000
4990	0.080000
4991	0.010000
4992	0.010000
4993	0.060000
4994	0.100000
4995	0.210000
4996	0.030000
4997	0.010000
4998	0.070000
4999	0.080000
5000	0.190000
5001	0.140000
5002	0.300000
5003	0.040000
5004	0.060000
5005	0.120000
5006	0.020000
5007	0.040000
5008	0.220000
5009	0.110000
5010	0.100000
5011	0.270000
5012	0.060000
5013	0.070000
5014	0.210000
5015	0.440000
5016	0.080000
5017	0.040000
5018	0.120000
5019	0.220000
5020	0.040000
5021	0.070000
5022	0.030000
5023	0.130000
5024	0.080000
5025	0.110000
5026	0.650000
5027	0.050000
5028	0.040000
5029	0.110000
5030	0.050000
5031	0.050000
5032	0.160000
5033	0.050000
5034	0.120000
5035	0.100000
5036	0.100000
5037	0.180000
5038	0.190000
5039	0.100000
5040	0.070000
5041	0.230000
5042	0.180000
5043	0.050000
5044	0.050000
5045	0.080000
5046	0.420000
5047	0.180000
5048	0.040000
5049	0.190000
5050	0.070000
5051	0.050000
5052	0.030000
5053	0.280000
5054	0.410000
5055	0.010000
5056	0.100000
5057	0.030000
5058	0.060000
5059	0.100000
5060	0.090000
5061	0.130000
5062	0.040000
5063	0.120000
5064	0.110000
5065	0.180000
5066	0.010000
5067	0.040000
5068	0.030000
5069	0.070000
5070	0.280000
5071	0.120000
5072	0.010000
5073	0.030000
5074	0.300000
5075	0.160000
5076	0.080000
5077	0.300000
5078	0.000000
5079	0.100000
5080	0.090000
5081	0.060000
5082	0.080000
5083	0.210000
5084	0.270000
5085	0.270000
5086	0.160000
5087	0.120000
5088	0.090000
5089	0.030000
5090	0.220000
5091	0.090000
5092	0.080000
5093	0.080000
5094	0.040000
5095	0.080000
5096	0.130000
5097	0.040000
5098	0.190000
5099	0.040000
5100	0.220000
5101	0.080000
5102	0.110000
5103	0.390000
5104	0.120000
5105	0.040000
5106	0.080000
5107	0.100000
5108	0.110000
5109	0.090000
5110	0.030000
5111	0.360000
5112	0.290000
5113	0.230000
5114	0.060000
5115	0.070000
5116	0.020000
5117	0.040000
5118	0.170000
5119	0.050000
5120	0.250000
5121	0.120000
5122	0.030000
5123	0.070000
5124	0.160000
5125	0.070000
5126	0.140000
5127	0.090000
5128	0.090000
5129	0.120000
5130	0.060000
5131	0.130000
5132	0.080000
5133	0.120000
5134	0.090000
5135	0.070000
5136	0.050000
5137	0.090000
5138	0.080000
5139	0.120000
5140	0.200000
5141	0.050000
5142	0.220000
5143	0.170000
5144	0.040000
5145	0.060000
5146	0.020000
5147	0.080000
5148	0.110000
5149	0.060000
5150	0.020000
5151	0.070000
5152	0.070000
5153	0.190000
5154	0.050000
5155	0.070000
5156	0.400000
5157	0.120000
5158	0.030000
5159	0.060000
5160	0.000000
5161	0.230000
5162	0.010000
5163	0.260000
5164	0.080000
5165	0.120000
5166	0.190000
5167	0.230000
5168	0.060000
5169	0.130000
5170	0.050000
5171	0.030000
5172	0.270000
5173	0.110000
5174	0.020000
5175	0.050000
5176	0.050000
5177	0.090000
5178	0.220000
5179	0.050000
5180	0.130000
5181	0.110000
5182	0.210000
5183	0.060000
5184	0.140000
5185	0.180000
5186	0.140000
5187	0.260000
5188	0.090000
5189	0.100000
5190	0.060000
5191	0.070000
5192	0.050000
5193	0.180000
5194	0.070000
5195	0.110000
5196	0.050000
5197	0.100000
5198	0.220000
5199	0.070000
5200	0.050000
5201	0.080000
5202	0.050000
5203	0.060000
5204	0.030000
5205	0.150000
5206	0.050000
5207	0.060000
5208	0.090000
5209	0.160000
5210	0.100000
5211	0.030000
5212	0.090000
5213	0.050000
5214	0.080000
5215	0.040000
5216	0.060000
5217	0.180000
5218	0.120000
5219	0.080000
5220	0.470000
5221	0.020000
5222	0.360000
5223	0.140000
5224	0.040000
5225	0.160000
5226	0.230000
5227	0.160000
5228	0.050000
5229	0.050000
5230	0.180000
5231	0.030000
5232	0.030000
5233	0.090000
5234	0.160000
5235	0.050000
5236	0.180000
5237	0.100000
5238	0.060000
5239	0.160000
5240	0.040000
5241	0.060000
5242	0.180000
5243	0.070000
5244	0.000000
5245	0.000000
5246	0.010000
5247	0.050000
5248	0.070000
5249	0.190000
5250	0.210000
5251	0.070000
5252	0.150000
5253	0.220000
5254	0.130000
5255	0.170000
5256	0.300000
5257	0.080000
5258	0.020000
5259	0.070000
5260	0.200000
5261	0.030000
5262	0.050000
5263	0.290000
5264	0.170000
5265	0.200000
5266	0.020000
5267	0.120000
5268	0.110000
5269	0.220000
5270	0.090000
5271	0.290000
5272	0.080000
5273	0.210000
5274	0.060000
5275	0.050000
5276	0.100000
5277	0.260000
5278	0.040000
5279	0.090000
5280	0.080000
5281	0.160000
5282	0.150000
5283	0.280000
5284	0.040000
5285	0.030000
5286	0.230000
5287	0.160000
5288	0.020000
5289	0.290000
5290	0.020000
5291	0.100000
5292	0.020000
5293	0.050000
5294	0.050000
5295	0.030000
5296	0.050000
5297	0.040000
5298	0.160000
5299	0.010000
5300	0.260000
5301	0.120000
5302	0.230000
5303	0.110000
5304	0.040000
5305	0.120000
5306	0.440000
5307	0.050000
5308	0.000000
5309	0.060000
5310	0.120000
5311	0.000000
5312	0.250000
5313	0.000000
5314	0.000000
5315	0.020000
5316	0.030000
5317	0.370000
5318	0.160000
5319	0.110000
5320	0.040000
5321	0.160000
5322	0.070000
5323	0.120000
5324	0.110000
5325	0.020000
5326	0.110000
5327	0.030000
5328	0.050000
5329	0.390000
5330	0.050000
5331	0.080000
5332	0.180000
5333	0.390000
5334	0.010000
5335	0.200000
5336	0.110000
5337	0.090000
5338	0.260000
5339	0.090000
5340	0.120000
5341	0.030000
5342	0.100000
5343	0.020000
5344	0.130000
5345	0.070000
5346	0.000000
5347	0.310000
5348	0.110000
5349	0.080000
5350	0.090000
5351	0.050000
5352	0.110000
5353	0.170000
5354	0.100000
5355	0.160000
5356	0.110000
5357	0.090000
5358	0.070000
5359	0.400000
5360	0.080000
5361	0.230000
5362	0.080000
5363	0.080000
5364	0.110000
5365	0.070000
5366	0.160000
5367	0.670000
5368	0.010000
5369	0.130000
5370	0.070000
5371	0.450000
5372	0.080000
5373	0.070000
5374	0.120000
5375	0.030000
5376	0.160000
5377	0.100000
5378	0.010000
5379	0.070000
5380	0.030000
5381	0.050000
5382	0.020000
5383	0.010000
5384	0.040000
5385	0.030000
5386	0.120000
5387	0.430000
5388	0.060000
5389	0.120000
5390	0.060000
5391	0.020000
5392	0.050000
5393	0.000000
5394	0.330000
5395	0.050000
5396	0.150000
5397	0.250000
5398	0.050000
5399	0.120000
5400	0.060000
5401	0.060000
5402	0.080000
5403	0.090000
5404	0.290000
5405	0.010000
5406	0.090000
5407	0.040000
5408	0.040000
5409	0.060000
5410	0.010000
5411	0.000000
5412	0.130000
5413	0.140000
5414	0.030000
5415	0.060000
5416	0.070000
5417	0.020000
5418	0.200000
5419	0.110000
5420	0.140000
5421	0.130000
5422	0.000000
5423	0.190000
5424	0.100000
5425	0.010000
5426	0.080000
5427	0.140000
5428	0.220000
5429	0.070000
5430	0.050000
5431	0.050000
5432	0.070000
5433	0.280000
5434	0.150000
5435	0.110000
5436	0.090000
5437	0.170000
5438	0.000000
5439	0.000000
5440	0.050000
5441	0.170000
5442	0.080000
5443	0.210000
5444	0.110000
5445	0.220000
5446	0.220000
5447	0.030000
5448	0.170000
5449	0.150000
5450	0.240000
5451	0.090000
5452	0.190000
5453	0.190000
5454	0.080000
5455	0.020000
5456	0.110000
5457	0.140000
5458	0.260000
5459	0.100000
5460	0.100000
5461	0.020000
5462	0.090000
5463	0.260000
5464	0.080000
5465	0.050000
5466	0.180000
5467	0.070000
5468	0.080000
5469	0.060000
5470	0.060000
5471	0.040000
5472	0.190000
5473	0.100000
5474	0.050000
5475	0.330000
5476	0.060000
5477	0.060000
5478	0.040000
5479	0.050000
5480	0.150000
5481	0.040000
5482	0.460000
5483	0.070000
5484	0.140000
5485	0.090000
5486	0.100000
5487	0.080000
5488	0.210000
5489	0.050000
5490	0.110000
5491	0.200000
5492	0.220000
5493	0.170000
5494	0.090000
5495	0.070000
5496	0.020000
5497	0.210000
5498	0.070000
5499	0.100000
5500	0.050000
5501	0.060000
5502	0.060000
5503	0.020000
5504	0.190000
5505	0.100000
5506	0.080000
5507	0.120000
5508	0.090000
5509	0.030000
5510	0.070000
5511	0.280000
5512	0.170000
5513	0.050000
5514	0.040000
5515	0.130000
5516	0.060000
5517	0.480000
5518	0.050000
5519	0.130000
5520	0.120000
5521	0.030000
5522	0.260000
5523	0.160000
5524	0.040000
5525	0.040000
5526	0.240000
5527	0.020000
5528	0.100000
5529	0.020000
5530	0.130000
5531	0.300000
5532	0.020000
5533	0.060000
5534	0.070000
5535	0.180000
5536	0.270000
5537	0.110000
5538	0.000000
5539	0.390000
5540	0.070000
5541	0.080000
5542	0.120000
5543	0.360000
5544	0.080000
5545	0.070000
5546	0.070000
5547	0.110000
5548	0.070000
5549	0.010000
5550	0.330000
5551	0.070000
5552	0.020000
5553	0.230000
5554	0.070000
5555	0.240000
5556	0.000000
5557	0.170000
5558	0.150000
5559	0.100000
5560	0.010000
5561	0.190000
5562	0.090000
5563	0.070000
5564	0.070000
5565	0.030000
5566	0.120000
5567	0.090000
5568	0.150000
5569	0.140000
5570	0.150000
5571	0.140000
5572	0.100000
5573	0.170000
5574	0.120000
5575	0.070000
5576	0.190000
5577	0.050000
5578	0.090000
5579	0.010000
5580	0.170000
5581	0.110000
5582	0.170000
5583	0.040000
5584	0.180000
5585	0.180000
5586	0.040000
5587	0.000000
5588	0.040000
5589	0.010000
5590	0.040000
5591	0.030000
5592	0.080000
5593	0.100000
5594	0.100000
5595	0.270000
5596	0.240000
5597	0.140000
5598	0.100000
5599	0.120000
5600	0.110000
5601	0.070000
5602	0.070000
5603	0.070000
5604	0.120000
5605	0.230000
5606	0.040000
5607	0.100000
5608	0.050000
5609	0.040000
5610	0.060000
5611	0.080000
5612	0.020000
5613	0.100000
5614	0.430000
5615	0.180000
5616	0.200000
5617	0.160000
5618	0.070000
5619	0.090000
5620	0.240000
5621	0.340000
5622	0.120000
5623	0.170000
5624	0.070000
5625	0.180000
5626	0.060000
5627	0.350000
5628	0.060000
5629	0.140000
5630	0.120000
5631	0.090000
5632	0.080000
5633	0.010000
5634	0.170000
5635	0.010000
5636	0.410000
5637	0.030000
5638	0.010000
5639	0.050000
5640	0.060000
5641	0.120000
5642	0.110000
5643	0.490000
5644	0.050000
5645	0.280000
5646	0.070000
5647	0.090000
5648	0.100000
5649	0.040000
5650	0.200000
5651	0.000000
5652	0.000000
5653	0.060000
5654	0.210000
5655	0.080000
5656	0.010000
5657	0.320000
5658	0.070000
5659	0.160000
5660	0.090000
5661	0.120000
5662	0.030000
5663	0.130000
5664	0.190000
5665	0.050000
5666	0.080000
5667	0.290000
5668	0.030000
5669	0.040000
5670	0.080000
5671	0.100000
5672	0.050000
5673	0.090000
5674	0.050000
5675	0.340000
5676	0.060000
5677	0.190000
5678	0.090000
5679	0.320000
5680	0.050000
5681	0.030000
5682	0.340000
5683	0.140000
5684	0.170000
5685	0.060000
5686	0.280000
5687	0.140000
5688	0.100000
5689	0.390000
5690	0.060000
5691	0.100000
5692	0.070000
5693	0.020000
5694	0.050000
5695	0.070000
5696	0.060000
5697	0.040000
5698	0.180000
5699	0.270000
5700	0.060000
5701	0.130000
5702	0.070000
5703	0.050000
5704	0.100000
5705	0.100000
5706	0.200000
5707	0.110000
5708	0.240000
5709	0.190000
5710	0.080000
5711	0.050000
5712	0.200000
5713	0.050000
5714	0.090000
5715	0.070000
5716	0.220000
5717	0.290000
5718	0.290000
5719	0.020000
5720	0.080000
5721	0.100000
5722	0.320000
5723	0.240000
5724	0.110000
5725	0.010000
5726	0.120000
5727	0.120000
5728	0.040000
5729	0.110000
5730	0.120000
5731	0.160000
5732	0.030000
5733	0.230000
5734	0.180000
5735	0.020000
5736	0.070000
5737	0.060000
5738	0.310000
5739	0.000000
5740	0.100000
5741	0.090000
5742	0.020000
5743	0.030000
5744	0.240000
5745	0.110000
5746	0.080000
5747	0.130000
5748	0.090000
5749	0.170000
5750	0.160000
5751	0.000000
5752	0.010000
5753	0.010000
5754	0.120000
5755	0.000000
5756	0.040000
5757	0.150000
5758	0.080000
5759	0.150000
5760	0.050000
5761	0.040000
5762	0.220000
5763	0.430000
5764	0.070000
5765	0.050000
5766	0.060000
5767	0.190000
5768	0.080000
5769	0.050000
5770	0.100000
5771	0.060000
5772	0.050000
5773	0.060000
5774	0.060000
5775	0.070000
5776	0.100000
5777	0.130000
5778	0.200000
5779	0.170000
5780	0.260000
5781	0.010000
5782	0.050000
5783	0.080000
5784	0.070000
5785	0.210000
5786	0.090000
5787	0.180000
5788	0.180000
5789	0.000000
5790	0.090000
5791	0.100000
5792	0.150000
5793	0.000000
5794	0.030000
5795	0.550000
5796	0.000000
5797	0.040000
5798	0.160000
5799	0.080000
5800	0.030000
5801	0.090000
5802	0.070000
5803	0.060000
5804	0.030000
5805	0.070000
5806	0.130000
5807	0.070000
5808	0.120000
5809	0.270000
5810	0.040000
5811	0.130000
5812	0.360000
5813	0.110000
5814	0.070000
5815	0.120000
5816	0.000000
5817	0.070000
5818	0.040000
5819	0.090000
5820	0.100000
5821	0.060000
5822	0.080000
5823	0.120000
5824	0.220000
5825	0.080000
5826	0.240000
5827	0.090000
5828	0.040000
5829	0.070000
5830	0.060000
5831	0.650000
5832	0.020000
5833	0.020000
5834	0.020000
5835	0.050000
5836	0.050000
5837	0.130000
5838	0.180000
5839	0.030000
5840	0.200000
5841	0.220000
5842	0.150000
5843	0.100000
5844	0.050000
5845	0.310000
5846	0.140000
5847	0.160000
5848	0.270000
5849	0.050000
5850	0.030000
5851	0.030000
5852	0.150000
5853	0.100000
5854	0.200000
5855	0.050000
5856	0.080000
5857	0.060000
5858	0.060000
5859	0.060000
5860	0.160000
5861	0.120000
5862	0.050000
5863	0.040000
5864	0.060000
5865	0.110000
5866	0.030000
5867	0.090000
5868	0.060000
5869	0.080000
5870	0.050000
5871	0.040000
5872	0.160000
5873	0.090000
5874	0.180000
5875	0.110000
5876	0.070000
5877	0.060000
5878	0.140000
5879	0.150000
5880	0.320000
5881	0.150000
5882	0.120000
5883	0.040000
5884	0.060000
5885	0.110000
5886	0.300000
5887	0.130000
5888	0.420000
5889	0.150000
5890	0.240000
5891	0.200000
5892	0.070000
5893	0.150000
5894	0.030000
5895	0.070000
5896	0.070000
5897	0.040000
5898	0.070000
5899	0.010000
5900	0.040000
5901	0.010000
5902	0.100000
5903	0.090000
5904	0.010000
5905	0.110000
5906	0.100000
5907	0.080000
5908	0.190000
5909	0.090000
5910	0.030000
5911	0.030000
5912	0.090000
5913	0.080000
5914	0.060000
5915	0.140000
5916	0.130000
5917	0.060000
5918	0.040000
5919	0.090000
5920	0.190000
5921	0.120000
5922	0.200000
5923	0.040000
5924	0.130000
5925	0.160000
5926	0.140000
5927	0.120000
5928	0.040000
5929	0.170000
5930	0.030000
5931	0.160000
5932	0.060000
5933	0.090000
5934	0.060000
5935	0.040000
5936	0.070000
5937	0.050000
5938	0.090000
5939	0.110000
5940	0.110000
5941	0.040000
5942	0.170000
5943	0.080000
5944	0.010000
5945	0.070000
5946	0.140000
5947	0.010000
5948	0.190000
5949	0.210000
5950	0.460000
5951	0.120000
5952	0.080000
5953	0.160000
5954	0.190000
5955	0.080000
5956	0.190000
5957	0.080000
5958	0.170000
5959	0.140000
5960	0.070000
5961	0.190000
5962	0.060000
5963	0.180000
5964	0.200000
5965	0.110000
5966	0.150000
5967	0.030000
5968	0.100000
5969	0.120000
5970	0.090000
5971	0.180000
5972	0.180000
5973	0.110000
5974	0.070000
5975	0.070000
5976	0.070000
5977	0.060000
5978	0.250000
5979	0.000000
5980	0.100000
5981	0.020000
5982	0.040000
5983	0.080000
5984	0.090000
5985	0.070000
5986	0.120000
5987	0.080000
5988	0.050000
5989	0.040000
5990	0.190000
5991	0.050000
5992	0.020000
5993	0.020000
5994	0.190000
5995	0.130000
5996	0.350000
5997	0.170000
5998	0.250000
5999	0.070000
6000	0.080000
6001	0.110000
6002	0.200000
6003	0.070000
6004	0.050000
6005	0.190000
6006	0.090000
6007	0.280000
6008	0.100000
6009	0.090000
6010	0.150000
6011	0.080000
6012	0.020000
6013	0.050000
6014	0.030000
6015	0.040000
6016	0.320000
6017	0.040000
6018	0.060000
6019	0.080000
6020	0.100000
6021	0.070000
6022	0.110000
6023	0.030000
6024	0.180000
6025	0.140000
6026	0.100000
6027	0.030000
6028	0.120000
6029	0.010000
6030	0.100000
6031	0.060000
6032	0.090000
6033	0.130000
6034	0.060000
6035	0.010000
6036	0.180000
6037	0.260000
6038	0.010000
6039	0.140000
6040	0.380000
