0	1.000000
1	0.907180
2	0.816134
3	0.791503
4	0.775892
5	0.764250
6	0.764015
7	0.760915
8	0.760639
9	0.756929
10	0.747585
11	0.743147
12	0.738336
13	0.737671
14	0.733820
15	0.732250
16	0.731060
17	0.727949
18	0.724443
19	0.724373
20	0.721576
21	0.719306
22	0.718732
23	0.718022
24	0.717318
25	0.712884
26	0.708801
27	0.708478
28	0.707169
29	0.707072
30	0.704619
31	0.701420
32	0.700635
33	0.700525
34	0.698705
35	0.696952
36	0.695751
37	0.694794
38	0.693809
39	0.693750
40	0.690802
41	0.690172
42	0.688676
43	0.688549
44	0.687504
45	0.686759
46	0.685991
47	0.685784
48	0.685393
49	0.685355
50	0.684718
51	0.684560
52	0.684174
53	0.683254
54	0.683187
55	0.683074
56	0.683038
57	0.681376
58	0.681307
59	0.680128
60	0.680124
61	0.680099
62	0.680085
63	0.678071
64	0.677953
65	0.677853
66	0.677637
67	0.677318
68	0.677284
69	0.676866
70	0.675888
71	0.673628
72	0.673617
73	0.673045
74	0.672963
75	0.672323
76	0.672149
77	0.670968
78	0.670946
79	0.670286
80	0.669792
81	0.669650
82	0.669177
83	0.668746
84	0.668537
85	0.668233
86	0.667960
87	0.667932
88	0.667707
89	0.667638
90	0.667352
91	0.667102
92	0.666220
93	0.665876
94	0.665504
95	0.665380
96	0.664813
97	0.664792
98	0.664765
99	0.663840
100	0.663810
101	0.662423
102	0.662068
103	0.662025
104	0.661171
105	0.661046
106	0.660805
107	0.660725
108	0.658800
109	0.658536
110	0.658397
111	0.656915
112	0.656232
113	0.656103
114	0.655670
115	0.654978
116	0.654959
117	0.654494
118	0.654323
119	0.653351
120	0.652638
121	0.652073
122	0.651888
123	0.651706
124	0.651011
125	0.650845
126	0.650101
127	0.649880
128	0.649722
129	0.649695
130	0.649660
131	0.649418
132	0.649179
133	0.648278
134	0.648128
135	0.647770
136	0.647705
137	0.647676
138	0.647589
139	0.647315
140	0.646132
141	0.645515
142	0.645378
143	0.644391
144	0.644255
145	0.644176
146	0.644043
147	0.643857
148	0.643648
149	0.643433
150	0.642712
151	0.642284
152	0.641213
153	0.641146
154	0.640985
155	0.640671
156	0.640598
157	0.640576
158	0.640158
159	0.639622
160	0.639356
161	0.639065
162	0.638776
163	0.638126
164	0.637750
165	0.637710
166	0.637584
167	0.637277
168	0.637147
169	0.636822
170	0.636762
171	0.636309
172	0.636294
173	0.635863
174	0.635717
175	0.635408
176	0.634775
177	0.634760
178	0.634327
179	0.634280
180	0.634113
181	0.634029
182	0.634009
183	0.633830
184	0.633676
185	0.633622
186	0.632785
187	0.632784
188	0.632662
189	0.632554
190	0.632545
191	0.631617
192	0.631506
193	0.629726
194	0.629347
195	0.629298
196	0.629028
197	0.628407
198	0.628117
199	0.628074
200	0.627855
201	0.627709
202	0.627645
203	0.627546
204	0.627295
205	0.627144
206	0.627125
207	0.626992
208	0.626776
209	0.626704
210	0.626645
211	0.626469
212	0.626381
213	0.626295
214	0.626191
215	0.625879
216	0.625588
217	0.625535
218	0.625434
219	0.625277
220	0.624976
221	0.624771
222	0.624743
223	0.624711
224	0.624511
225	0.624048
226	0.623940
227	0.623902
228	0.623808
229	0.623736
230	0.623457
231	0.623088
232	0.623033
233	0.622957
234	0.622704
235	0.622697
236	0.622523
237	0.622204
238	0.621937
239	0.621480
240	0.621192
241	0.620602
242	0.620316
243	0.620126
244	0.620057
245	0.619907
246	0.619862
247	0.619762
248	0.619555
249	0.618854
250	0.618654
251	0.618432
252	0.618311
253	0.618100
254	0.618052
255	0.617827
256	0.617704
257	0.617526
258	0.617470
259	0.617219
260	0.617163
261	0.616963
262	0.616858
263	0.616745
264	0.616054
265	0.615451
266	0.615335
267	0.615248
268	0.615164
269	0.615044
270	0.614925
271	0.614844
272	0.614665
273	0.614595
274	0.614588
275	0.614521
276	0.614262
277	0.613827
278	0.613774
279	0.613521
280	0.613050
281	0.612961
282	0.612361
283	0.612085
284	0.611999
285	0.611808
286	0.611719
287	0.611551
288	0.611358
289	0.611057
290	0.610991
291	0.610780
292	0.610765
293	0.610659
294	0.610394
295	0.610387
296	0.610327
297	0.610205
298	0.610188
299	0.609800
300	0.609571
301	0.609550
302	0.609181
303	0.608816
304	0.608492
305	0.608466
306	0.607880
307	0.607402
308	0.607345
309	0.607267
310	0.607008
311	0.606694
312	0.606436
313	0.606284
314	0.606027
315	0.605678
316	0.605517
317	0.605479
318	0.605458
319	0.605428
320	0.604972
321	0.604818
322	0.604812
323	0.604779
324	0.604676
325	0.604627
326	0.604537
327	0.604397
328	0.604069
329	0.604002
330	0.603890
331	0.603843
332	0.603566
333	0.603521
334	0.603164
335	0.602999
336	0.602949
337	0.602881
338	0.602777
339	0.602716
340	0.602715
341	0.602294
342	0.601770
343	0.601654
344	0.601621
345	0.601466
346	0.601413
347	0.601078
348	0.600912
349	0.600895
350	0.600863
351	0.600855
352	0.600630
353	0.600157
354	0.600144
355	0.600072
356	0.599926
357	0.599774
358	0.599722
359	0.599615
360	0.599603
361	0.599575
362	0.599562
363	0.599443
364	0.599361
365	0.599329
366	0.599239
367	0.599023
368	0.598956
369	0.598835
370	0.598806
371	0.598691
372	0.598293
373	0.597813
374	0.597611
375	0.597548
376	0.597526
377	0.597452
378	0.597265
379	0.597102
380	0.597060
381	0.597056
382	0.597007
383	0.596974
384	0.596929
385	0.596783
386	0.596529
387	0.596419
388	0.595867
389	0.595599
390	0.595573
391	0.595487
392	0.595419
393	0.595261
394	0.595248
395	0.595161
396	0.595140
397	0.595056
398	0.594846
399	0.594588
400	0.594528
401	0.594468
402	0.594227
403	0.594092
404	0.593992
405	0.593858
406	0.593770
407	0.593716
408	0.593637
409	0.593491
410	0.593395
411	0.593296
412	0.593067
413	0.593050
414	0.592998
415	0.592793
416	0.592682
417	0.592548
418	0.592207
419	0.592067
420	0.592003
421	0.591948
422	0.591663
423	0.591549
424	0.591286
425	0.591076
426	0.591052
427	0.590582
428	0.590533
429	0.590527
430	0.590507
431	0.590380
432	0.590348
433	0.590184
434	0.590129
435	0.590121
436	0.589908
437	0.589855
438	0.589373
439	0.589153
440	0.588900
441	0.588717
442	0.588670
443	0.588616
444	0.588594
445	0.588549
446	0.588531
447	0.588214
448	0.588117
449	0.587756
450	0.587755
451	0.587394
452	0.587337
453	0.587002
454	0.586844
455	0.586831
456	0.586433
457	0.586393
458	0.586363
459	0.586150
460	0.586128
461	0.586115
462	0.586088
463	0.586049
464	0.586000
465	0.585932
466	0.585841
467	0.585675
468	0.585537
469	0.585178
470	0.585009
471	0.584951
472	0.584636
473	0.584386
474	0.584134
475	0.584104
476	0.584061
477	0.583993
478	0.583860
479	0.583563
480	0.583553
481	0.583546
482	0.583527
483	0.583517
484	0.583471
485	0.583443
486	0.583414
487	0.583329
488	0.583265
489	0.583050
490	0.582881
491	0.582798
492	0.582743
493	0.582696
494	0.582660
495	0.582473
496	0.582418
497	0.582404
498	0.582242
499	0.582215
500	0.582126
501	0.581762
502	0.581698
503	0.581682
504	0.581649
505	0.581635
506	0.581487
507	0.581168
508	0.580967
509	0.580853
510	0.580844
511	0.580794
512	0.580707
513	0.580688
514	0.580618
515	0.580618
516	0.580568
517	0.580514
518	0.580476
519	0.580277
520	0.580261
521	0.580235
522	0.580161
523	0.580119
524	0.580057
525	0.580043
526	0.579639
527	0.579437
528	0.579368
529	0.579276
530	0.579213
531	0.579096
532	0.579032
533	0.578993
534	0.578905
535	0.578864
536	0.578810
537	0.578497
538	0.578423
539	0.578320
540	0.578246
541	0.578165
542	0.578137
543	0.578098
544	0.577992
545	0.577878
546	0.577839
547	0.577744
548	0.577733
549	0.577700
550	0.577458
551	0.577291
552	0.577054
553	0.576825
554	0.576602
555	0.576590
556	0.576576
557	0.576512
558	0.576448
559	0.576291
560	0.576125
561	0.576116
562	0.575955
563	0.575839
564	0.575763
565	0.575761
566	0.575710
567	0.575703
568	0.575682
569	0.575509
570	0.575474
571	0.575444
572	0.575426
573	0.575341
574	0.574861
575	0.574817
576	0.574552
577	0.574458
578	0.574419
579	0.574412
580	0.574341
581	0.574011
582	0.574006
583	0.573962
584	0.573792
585	0.573701
586	0.573638
587	0.573625
588	0.573592
589	0.573446
590	0.573225
591	0.572960
592	0.572944
593	0.572901
594	0.572747
595	0.572627
596	0.572500
597	0.572485
598	0.572294
599	0.572252
600	0.572249
601	0.572188
602	0.572054
603	0.571933
604	0.571897
605	0.571675
606	0.571663
607	0.571652
608	0.571650
609	0.571644
610	0.571476
611	0.571431
612	0.571297
613	0.571225
614	0.571098
615	0.571015
616	0.570865
617	0.570849
618	0.570847
619	0.570749
620	0.570732
621	0.570702
622	0.570665
623	0.570619
624	0.570486
625	0.570394
626	0.570237
627	0.570217
628	0.569907
629	0.569761
630	0.569495
631	0.569442
632	0.569256
633	0.569212
634	0.569121
635	0.569039
636	0.568951
637	0.568794
638	0.568748
639	0.568711
640	0.568491
641	0.568465
642	0.568461
643	0.568460
644	0.568223
645	0.568083
646	0.568035
647	0.568028
648	0.567993
649	0.567928
650	0.567880
651	0.567721
652	0.567383
653	0.567373
654	0.567223
655	0.567202
656	0.567192
657	0.567023
658	0.567019
659	0.566499
660	0.566425
661	0.566388
662	0.566349
663	0.566317
664	0.566248
665	0.566224
666	0.566202
667	0.566088
668	0.565824
669	0.565764
670	0.565763
671	0.565749
672	0.565256
673	0.565250
674	0.564868
675	0.564847
676	0.564805
677	0.564795
678	0.564651
679	0.564600
680	0.564532
681	0.564355
682	0.564289
683	0.564264
684	0.564209
685	0.564185
686	0.564168
687	0.564078
688	0.564050
689	0.564003
690	0.563780
691	0.563645
692	0.563614
693	0.563604
694	0.563563
695	0.563407
696	0.563261
697	0.563238
698	0.563170
699	0.563092
700	0.562921
701	0.562919
702	0.562870
703	0.562775
704	0.562663
705	0.562625
706	0.562610
707	0.562518
708	0.562448
709	0.562378
710	0.562376
711	0.562255
712	0.562230
713	0.562179
714	0.562162
715	0.562028
716	0.562001
717	0.561932
718	0.561788
719	0.561730
720	0.561591
721	0.561585
722	0.561502
723	0.561379
724	0.561055
725	0.560860
726	0.560749
727	0.560674
728	0.560606
729	0.560465
730	0.560434
731	0.560418
732	0.560313
733	0.560297
734	0.560283
735	0.560218
736	0.560159
737	0.559949
738	0.559936
739	0.559813
740	0.559793
741	0.559486
742	0.559428
743	0.559422
744	0.559407
745	0.559391
746	0.559362
747	0.559325
748	0.559206
749	0.559065
750	0.558968
751	0.558747
752	0.558741
753	0.558731
754	0.558658
755	0.558614
756	0.558604
757	0.558587
758	0.558542
759	0.558516
760	0.558465
761	0.558463
762	0.558392
763	0.558316
764	0.558032
765	0.557817
766	0.557816
767	0.557764
768	0.557725
769	0.557681
770	0.557653
771	0.557515
772	0.557509
773	0.557485
774	0.557298
775	0.557229
776	0.557150
777	0.556970
778	0.556863
779	0.556812
780	0.556802
781	0.556722
782	0.556722
783	0.556702
784	0.556579
785	0.556535
786	0.556451
787	0.556313
788	0.556303
789	0.556228
790	0.556169
791	0.555992
792	0.555854
793	0.555837
794	0.555662
795	0.555659
796	0.555633
797	0.555433
798	0.555375
799	0.555166
800	0.555149
801	0.555138
802	0.555127
803	0.555105
804	0.554995
805	0.554963
806	0.554942
807	0.554940
808	0.554933
809	0.554805
810	0.554708
811	0.554701
812	0.554678
813	0.554461
814	0.554451
815	0.554392
816	0.554368
817	0.554292
818	0.554214
819	0.554111
820	0.554088
821	0.554018
822	0.553956
823	0.553859
824	0.553689
825	0.553604
826	0.553554
827	0.553525
828	0.553465
829	0.553438
830	0.553420
831	0.553397
832	0.553377
833	0.553344
834	0.553296
835	0.553269
836	0.553175
837	0.553150
838	0.553037
839	0.552801
840	0.552774
841	0.552761
842	0.552692
843	0.552607
844	0.552602
845	0.552542
846	0.552515
847	0.552182
848	0.552154
849	0.552147
850	0.552102
851	0.551937
852	0.551630
853	0.551528
854	0.551512
855	0.551491
856	0.551470
857	0.551413
858	0.551350
859	0.551318
860	0.551026
861	0.550940
862	0.550931
863	0.550909
864	0.550881
865	0.550861
866	0.550793
867	0.550704
868	0.550612
869	0.550511
870	0.550401
871	0.550387
872	0.550350
873	0.550300
874	0.550291
875	0.550264
876	0.550019
877	0.549871
878	0.549770
879	0.549702
880	0.549661
881	0.549642
882	0.549602
883	0.549552
884	0.549529
885	0.549495
886	0.549207
887	0.549175
888	0.549145
889	0.549141
890	0.549099
891	0.549074
892	0.549025
893	0.548766
894	0.548703
895	0.548616
896	0.548510
897	0.548381
898	0.548345
899	0.548303
900	0.548284
901	0.548280
902	0.547903
903	0.547892
904	0.547804
905	0.547746
906	0.547741
907	0.547695
908	0.547685
909	0.547565
910	0.547540
911	0.547321
912	0.547311
913	0.547206
914	0.547189
915	0.547177
916	0.547159
917	0.547139
918	0.547115
919	0.547089
920	0.547075
921	0.547049
922	0.546956
923	0.546902
924	0.546893
925	0.546880
926	0.546880
927	0.546825
928	0.546797
929	0.546756
930	0.546667
931	0.546660
932	0.546648
933	0.546624
934	0.546602
935	0.546582
936	0.546399
937	0.546342
938	0.546195
939	0.546186
940	0.546124
941	0.546009
942	0.545998
943	0.545955
944	0.545717
945	0.545695
946	0.545621
947	0.545500
948	0.545461
949	0.545420
950	0.545419
951	0.545403
952	0.545353
953	0.545300
954	0.545294
955	0.545262
956	0.545190
957	0.545124
958	0.545119
959	0.545103
960	0.545092
961	0.545030
962	0.544982
963	0.544921
964	0.544601
965	0.544528
966	0.544521
967	0.544442
968	0.544404
969	0.544324
970	0.544291
971	0.544238
972	0.544207
973	0.544200
974	0.544170
975	0.544058
976	0.544036
977	0.544005
978	0.544001
979	0.543854
980	0.543833
981	0.543801
982	0.543604
983	0.543580
984	0.543552
985	0.543390
986	0.543358
987	0.543328
988	0.543311
989	0.543293
990	0.543169
991	0.543121
992	0.543093
993	0.543090
994	0.543089
995	0.543084
996	0.543036
997	0.542844
998	0.542754
999	0.542572
1000	0.542552
1001	0.542533
1002	0.542452
1003	0.542229
1004	0.542055
1005	0.541983
1006	0.541871
1007	0.541849
1008	0.541735
1009	0.541690
1010	0.541685
1011	0.541636
1012	0.541490
1013	0.541393
1014	0.541328
1015	0.541325
1016	0.541271
1017	0.541048
1018	0.541044
1019	0.540944
1020	0.540653
1021	0.540630
1022	0.540564
1023	0.540484
1024	0.540415
1025	0.540297
1026	0.540296
1027	0.540200
1028	0.540190
1029	0.540134
1030	0.539994
1031	0.539962
1032	0.539940
1033	0.539936
1034	0.539851
1035	0.539789
1036	0.539758
1037	0.539745
1038	0.539592
1039	0.539545
1040	0.539513
1041	0.539509
1042	0.539509
1043	0.539497
1044	0.539425
1045	0.539377
1046	0.539295
1047	0.539254
1048	0.539161
1049	0.539081
1050	0.539072
1051	0.539020
1052	0.538983
1053	0.538970
1054	0.538963
1055	0.538935
1056	0.538917
1057	0.538903
1058	0.538858
1059	0.538809
1060	0.538647
1061	0.538622
1062	0.538579
1063	0.538427
1064	0.538332
1065	0.538255
1066	0.538175
1067	0.538158
1068	0.538106
1069	0.538021
1070	0.538016
1071	0.538009
1072	0.537959
1073	0.537959
1074	0.537938
1075	0.537828
1076	0.537784
1077	0.537740
1078	0.537693
1079	0.537670
1080	0.537638
1081	0.537573
1082	0.537521
1083	0.537446
1084	0.537428
1085	0.537375
1086	0.537361
1087	0.537272
1088	0.537266
1089	0.537263
1090	0.537257
1091	0.537256
1092	0.537175
1093	0.537078
1094	0.537066
1095	0.536988
1096	0.536934
1097	0.536892
1098	0.536856
1099	0.536851
1100	0.536780
1101	0.536757
1102	0.536748
1103	0.536709
1104	0.536701
1105	0.536588
1106	0.536514
1107	0.536490
1108	0.536475
1109	0.536459
1110	0.536323
1111	0.536298
1112	0.536269
1113	0.536252
1114	0.536247
1115	0.536233
1116	0.536158
1117	0.536156
1118	0.536124
1119	0.535991
1120	0.535860
1121	0.535701
1122	0.535680
1123	0.535669
1124	0.535603
1125	0.535561
1126	0.535503
1127	0.535478
1128	0.535464
1129	0.535431
1130	0.535424
1131	0.535361
1132	0.535276
1133	0.535173
1134	0.535072
1135	0.535033
1136	0.534869
1137	0.534795
1138	0.534777
1139	0.534732
1140	0.534596
1141	0.534510
1142	0.534439
1143	0.534197
1144	0.534189
1145	0.534186
1146	0.534138
1147	0.534094
1148	0.534053
1149	0.534019
1150	0.533973
1151	0.533884
1152	0.533831
1153	0.533697
1154	0.533636
1155	0.533624
1156	0.533581
1157	0.533557
1158	0.533512
1159	0.533494
1160	0.533472
1161	0.533468
1162	0.533322
1163	0.533235
1164	0.533027
1165	0.532994
1166	0.532925
1167	0.532787
1168	0.532786
1169	0.532728
1170	0.532706
1171	0.532649
1172	0.532646
1173	0.532561
1174	0.532523
1175	0.532520
1176	0.532440
1177	0.532392
1178	0.532277
1179	0.532141
1180	0.532055
1181	0.532043
1182	0.531997
1183	0.531992
1184	0.531936
1185	0.531911
1186	0.531866
1187	0.531829
1188	0.531772
1189	0.531748
1190	0.531746
1191	0.531726
1192	0.531602
1193	0.531414
1194	0.531338
1195	0.531281
1196	0.531205
1197	0.531185
1198	0.531159
1199	0.531103
1200	0.531067
1201	0.530866
1202	0.530859
1203	0.530759
1204	0.530731
1205	0.530562
1206	0.530477
1207	0.530355
1208	0.530277
1209	0.530266
1210	0.530258
1211	0.530197
1212	0.530162
1213	0.530156
1214	0.530096
1215	0.530063
1216	0.529912
1217	0.529845
1218	0.529836
1219	0.529836
1220	0.529756
1221	0.529737
1222	0.529710
1223	0.529648
1224	0.529632
1225	0.529595
1226	0.529590
1227	0.529563
1228	0.529559
1229	0.529432
1230	0.529422
1231	0.529345
1232	0.529258
1233	0.529207
1234	0.529085
1235	0.528983
1236	0.528785
1237	0.528699
1238	0.528561
1239	0.528521
1240	0.528516
1241	0.528505
1242	0.528451
1243	0.528300
1244	0.528190
1245	0.528146
1246	0.528082
1247	0.528072
1248	0.528013
1249	0.527924
1250	0.527902
1251	0.527890
1252	0.527870
1253	0.527780
1254	0.527693
1255	0.527654
1256	0.527644
1257	0.527627
1258	0.527552
1259	0.527427
1260	0.527406
1261	0.527323
1262	0.527184
1263	0.527123
1264	0.527066
1265	0.527038
1266	0.526958
1267	0.526945
1268	0.526933
1269	0.526906
1270	0.526900
1271	0.526883
1272	0.526774
1273	0.526706
1274	0.526649
1275	0.526646
1276	0.526639
1277	0.526617
1278	0.526605
1279	0.526547
1280	0.526479
1281	0.526474
1282	0.526426
1283	0.526424
1284	0.526372
1285	0.526349
1286	0.526338
1287	0.526153
1288	0.526126
1289	0.526034
1290	0.526009
1291	0.525976
1292	0.525912
1293	0.525904
1294	0.525890
1295	0.525824
1296	0.525808
1297	0.525808
1298	0.525790
1299	0.525779
1300	0.525722
1301	0.525662
1302	0.525600
1303	0.525534
1304	0.525484
1305	0.525424
1306	0.525372
1307	0.525271
1308	0.525240
1309	0.525233
1310	0.525212
1311	0.524954
1312	0.524938
1313	0.524900
1314	0.524860
1315	0.524809
1316	0.524728
1317	0.524721
1318	0.524684
1319	0.524677
1320	0.524673
1321	0.524403
1322	0.524383
1323	0.524273
1324	0.524260
1325	0.524200
1326	0.524141
1327	0.524118
1328	0.524028
1329	0.524011
1330	0.523867
1331	0.523646
1332	0.523524
1333	0.523490
1334	0.523480
1335	0.523229
1336	0.523220
1337	0.523202
1338	0.523143
1339	0.523127
1340	0.523112
1341	0.523099
1342	0.522979
1343	0.522976
1344	0.522938
1345	0.522807
1346	0.522760
1347	0.522625
1348	0.522587
1349	0.522466
1350	0.522465
1351	0.522460
1352	0.522364
1353	0.522274
1354	0.522256
1355	0.522254
1356	0.522209
1357	0.522135
1358	0.522091
1359	0.522069
1360	0.522013
1361	0.521968
1362	0.521774
1363	0.521773
1364	0.521749
1365	0.521719
1366	0.521695
1367	0.521620
1368	0.521483
1369	0.521455
1370	0.521454
1371	0.521444
1372	0.521270
1373	0.521266
1374	0.521206
1375	0.521142
1376	0.521032
1377	0.521009
1378	0.520990
1379	0.520875
1380	0.520866
1381	0.520841
1382	0.520696
1383	0.520663
1384	0.520654
1385	0.520622
1386	0.520604
1387	0.520530
1388	0.520377
1389	0.520209
1390	0.520166
1391	0.520117
1392	0.520033
1393	0.519944
1394	0.519934
1395	0.519892
1396	0.519863
1397	0.519696
1398	0.519665
1399	0.519650
1400	0.519630
1401	0.519610
1402	0.519606
1403	0.519558
1404	0.519553
1405	0.519545
1406	0.519401
1407	0.519372
1408	0.519353
1409	0.519271
1410	0.519267
1411	0.519210
1412	0.519173
1413	0.519103
1414	0.519039
1415	0.518967
1416	0.518958
1417	0.518828
1418	0.518778
1419	0.518774
1420	0.518746
1421	0.518734
1422	0.518613
1423	0.518604
1424	0.518601
1425	0.518551
1426	0.518538
1427	0.518386
1428	0.518323
1429	0.518295
1430	0.518281
1431	0.518154
1432	0.518002
1433	0.517971
1434	0.517939
1435	0.517918
1436	0.517845
1437	0.517827
1438	0.517785
1439	0.517765
1440	0.517716
1441	0.517661
1442	0.517654
1443	0.517634
1444	0.517630
1445	0.517547
1446	0.517498
1447	0.517399
1448	0.517386
1449	0.517368
1450	0.517338
1451	0.517334
1452	0.517222
1453	0.517182
1454	0.517171
1455	0.517127
1456	0.517119
1457	0.516999
1458	0.516985
1459	0.516954
1460	0.516877
1461	0.516834
1462	0.516793
1463	0.516661
1464	0.516598
1465	0.516543
1466	0.516538
1467	0.516524
1468	0.516496
1469	0.516248
1470	0.516228
1471	0.516203
1472	0.516121
1473	0.516119
1474	0.516081
1475	0.516069
1476	0.516033
1477	0.515833
1478	0.515818
1479	0.515742
1480	0.515649
1481	0.515620
1482	0.515527
1483	0.515494
1484	0.515429
1485	0.515358
1486	0.515325
1487	0.515323
1488	0.515277
1489	0.515200
1490	0.515187
1491	0.515142
1492	0.515107
1493	0.515085
1494	0.515057
1495	0.514888
1496	0.514815
1497	0.514789
1498	0.514756
1499	0.514727
1500	0.514716
1501	0.514612
1502	0.514583
1503	0.514509
1504	0.514484
1505	0.514465
1506	0.514306
1507	0.514275
1508	0.514212
1509	0.514096
1510	0.514083
1511	0.514051
1512	0.513987
1513	0.513928
1514	0.513915
1515	0.513895
1516	0.513875
1517	0.513791
1518	0.513694
1519	0.513687
1520	0.513651
1521	0.513556
1522	0.513471
1523	0.513453
1524	0.513408
1525	0.513375
1526	0.513372
1527	0.513263
1528	0.513259
1529	0.513242
1530	0.513235
1531	0.513117
1532	0.513088
1533	0.513003
1534	0.512754
1535	0.512608
1536	0.512561
1537	0.512500
1538	0.512488
1539	0.512442
1540	0.512437
1541	0.512348
1542	0.512341
1543	0.512333
1544	0.512280
1545	0.512210
1546	0.512134
1547	0.512081
1548	0.511977
1549	0.511968
1550	0.511905
1551	0.511784
1552	0.511723
1553	0.511707
1554	0.511702
1555	0.511687
1556	0.511677
1557	0.511676
1558	0.511593
1559	0.511583
1560	0.511551
1561	0.511487
1562	0.511439
1563	0.511433
1564	0.511374
1565	0.511342
1566	0.511322
1567	0.511253
1568	0.511217
1569	0.511182
1570	0.511162
1571	0.511121
1572	0.511012
1573	0.511007
1574	0.510943
1575	0.510937
1576	0.510780
1577	0.510663
1578	0.510629
1579	0.510607
1580	0.510575
1581	0.510574
1582	0.510549
1583	0.510533
1584	0.510521
1585	0.510497
1586	0.510436
1587	0.510386
1588	0.510341
1589	0.510322
1590	0.510265
1591	0.510217
1592	0.509964
1593	0.509935
1594	0.509924
1595	0.509836
1596	0.509599
1597	0.509421
1598	0.509398
1599	0.509318
1600	0.509196
1601	0.509128
1602	0.509035
1603	0.509026
1604	0.508983
1605	0.508935
1606	0.508917
1607	0.508829
1608	0.508790
1609	0.508751
1610	0.508747
1611	0.508727
1612	0.508689
1613	0.508590
1614	0.508368
1615	0.508359
1616	0.508311
1617	0.508133
1618	0.508074
1619	0.508070
1620	0.508044
1621	0.507967
1622	0.507837
1623	0.507835
1624	0.507777
1625	0.507775
1626	0.507772
1627	0.507724
1628	0.507698
1629	0.507450
1630	0.507414
1631	0.507408
1632	0.507274
1633	0.507239
1634	0.507218
1635	0.507204
1636	0.507186
1637	0.507173
1638	0.507164
1639	0.507160
1640	0.507148
1641	0.507130
1642	0.507100
1643	0.507100
1644	0.507070
1645	0.507011
1646	0.506993
1647	0.506968
1648	0.506774
1649	0.506742
1650	0.506737
1651	0.506699
1652	0.506678
1653	0.506550
1654	0.506492
1655	0.506491
1656	0.506463
1657	0.506430
1658	0.506401
1659	0.506359
1660	0.506311
1661	0.506296
1662	0.506259
1663	0.506189
1664	0.506110
1665	0.505983
1666	0.505851
1667	0.505827
1668	0.505784
1669	0.505692
1670	0.505681
1671	0.505676
1672	0.505661
1673	0.505655
1674	0.505636
1675	0.505607
1676	0.505520
1677	0.505456
1678	0.505429
1679	0.505387
1680	0.505241
1681	0.505117
1682	0.505026
1683	0.504974
1684	0.504862
1685	0.504823
1686	0.504810
1687	0.504794
1688	0.504618
1689	0.504582
1690	0.504569
1691	0.504562
1692	0.504509
1693	0.504461
1694	0.504443
1695	0.504411
1696	0.504290
1697	0.504278
1698	0.504221
1699	0.504176
1700	0.504058
1701	0.504023
1702	0.504021
1703	0.503957
1704	0.503871
1705	0.503826
1706	0.503815
1707	0.503809
1708	0.503781
1709	0.503779
1710	0.503774
1711	0.503767
1712	0.503758
1713	0.503739
1714	0.503716
1715	0.503601
1716	0.503476
1717	0.503436
1718	0.503380
1719	0.503361
1720	0.503281
1721	0.503252
1722	0.503199
1723	0.503179
1724	0.503101
1725	0.502967
1726	0.502965
1727	0.502957
1728	0.502954
1729	0.502924
1730	0.502886
1731	0.502885
1732	0.502865
1733	0.502835
1734	0.502770
1735	0.502734
1736	0.502700
1737	0.502564
1738	0.502546
1739	0.502367
1740	0.502358
1741	0.502348
1742	0.502283
1743	0.502266
1744	0.502226
1745	0.502216
1746	0.502197
1747	0.502180
1748	0.502174
1749	0.501924
1750	0.501871
1751	0.501850
1752	0.501801
1753	0.501778
1754	0.501710
1755	0.501670
1756	0.501635
1757	0.501606
1758	0.501517
1759	0.501511
1760	0.501500
1761	0.501471
1762	0.501379
1763	0.501254
1764	0.501185
1765	0.501050
1766	0.501008
1767	0.500698
1768	0.500648
1769	0.500535
1770	0.500522
1771	0.500388
1772	0.500350
1773	0.500349
1774	0.500281
1775	0.500272
1776	0.500238
1777	0.500221
1778	0.500116
1779	0.499993
1780	0.499958
1781	0.499912
1782	0.499890
1783	0.499863
1784	0.499821
1785	0.499767
1786	0.499720
1787	0.499704
1788	0.499695
1789	0.499658
1790	0.499650
1791	0.499647
1792	0.499620
1793	0.499608
1794	0.499585
1795	0.499525
1796	0.499516
1797	0.499486
1798	0.499478
1799	0.499443
1800	0.499433
1801	0.499324
1802	0.499300
1803	0.499286
1804	0.499262
1805	0.499261
1806	0.499152
1807	0.499127
1808	0.499061
1809	0.499020
1810	0.498963
1811	0.498936
1812	0.498885
1813	0.498789
1814	0.498716
1815	0.498317
1816	0.498214
1817	0.498208
1818	0.498109
1819	0.498083
1820	0.498048
1821	0.497995
1822	0.497964
1823	0.497748
1824	0.497713
1825	0.497643
1826	0.497642
1827	0.497595
1828	0.497584
1829	0.497536
1830	0.497501
1831	0.497480
1832	0.497341
1833	0.497335
1834	0.497281
1835	0.497268
1836	0.497241
1837	0.497223
1838	0.497201
1839	0.497073
1840	0.497014
1841	0.497005
1842	0.496980
1843	0.496966
1844	0.496826
1845	0.496790
1846	0.496779
1847	0.496779
1848	0.496635
1849	0.496605
1850	0.496508
1851	0.496475
1852	0.496308
1853	0.496216
1854	0.496173
1855	0.496159
1856	0.496145
1857	0.496132
1858	0.496110
1859	0.496040
1860	0.496007
1861	0.495991
1862	0.495937
1863	0.495895
1864	0.495887
1865	0.495795
1866	0.495692
1867	0.495616
1868	0.495533
1869	0.495524
1870	0.495483
1871	0.495352
1872	0.495286
1873	0.495255
1874	0.495207
1875	0.495114
1876	0.495077
1877	0.495072
1878	0.495030
1879	0.494960
1880	0.494933
1881	0.494909
1882	0.494795
1883	0.494664
1884	0.494613
1885	0.494602
1886	0.494567
1887	0.494512
1888	0.494412
1889	0.494362
1890	0.494347
1891	0.494139
1892	0.494093
1893	0.494082
1894	0.494034
1895	0.494015
1896	0.493979
1897	0.493891
1898	0.493885
1899	0.493678
1900	0.493661
1901	0.493643
1902	0.493633
1903	0.493618
1904	0.493448
1905	0.493428
1906	0.493393
1907	0.493360
1908	0.493315
1909	0.493283
1910	0.493220
1911	0.493170
1912	0.492991
1913	0.492879
1914	0.492861
1915	0.492735
1916	0.492679
1917	0.492581
1918	0.492573
1919	0.492556
1920	0.492530
1921	0.492241
1922	0.492198
1923	0.492080
1924	0.492031
1925	0.492029
1926	0.491940
1927	0.491902
1928	0.491886
1929	0.491869
1930	0.491810
1931	0.491804
1932	0.491644
1933	0.491631
1934	0.491601
1935	0.491365
1936	0.491331
1937	0.491275
1938	0.491084
1939	0.491078
1940	0.491018
1941	0.490810
1942	0.490792
1943	0.490731
1944	0.490727
1945	0.490724
1946	0.490704
1947	0.490666
1948	0.490516
1949	0.490461
1950	0.490431
1951	0.490429
1952	0.490374
1953	0.490367
1954	0.490283
1955	0.490281
1956	0.490275
1957	0.490244
1958	0.490215
1959	0.490203
1960	0.490181
1961	0.490154
1962	0.490133
1963	0.490065
1964	0.490040
1965	0.490015
1966	0.489863
1967	0.489846
1968	0.489794
1969	0.489714
1970	0.489685
1971	0.489660
1972	0.489562
1973	0.489511
1974	0.489243
1975	0.489210
1976	0.489141
1977	0.489076
1978	0.489071
1979	0.489071
1980	0.489017
1981	0.489002
1982	0.488849
1983	0.488848
1984	0.488846
1985	0.488796
1986	0.488765
1987	0.488534
1988	0.488532
1989	0.488452
1990	0.488446
1991	0.488427
1992	0.488367
1993	0.488320
1994	0.488303
1995	0.488302
1996	0.488299
1997	0.488284
1998	0.488250
1999	0.488191
2000	0.488173
2001	0.488038
2002	0.487983
2003	0.487893
2004	0.487883
2005	0.487811
2006	0.487745
2007	0.487661
2008	0.487598
2009	0.487582
2010	0.487552
2011	0.487536
2012	0.487536
2013	0.487532
2014	0.487531
2015	0.487521
2016	0.487472
2017	0.487352
2018	0.487208
2019	0.487165
2020	0.487040
2021	0.487016
2022	0.486997
2023	0.486959
2024	0.486864
2025	0.486794
2026	0.486781
2027	0.486765
2028	0.486746
2029	0.486745
2030	0.486742
2031	0.486705
2032	0.486638
2033	0.486635
2034	0.486494
2035	0.486481
2036	0.486325
2037	0.486325
2038	0.486280
2039	0.486207
2040	0.486201
2041	0.486068
2042	0.486024
2043	0.485972
2044	0.485971
2045	0.485924
2046	0.485851
2047	0.485759
2048	0.485752
2049	0.485731
2050	0.485714
2051	0.485698
2052	0.485668
2053	0.485592
2054	0.485534
2055	0.485483
2056	0.485457
2057	0.485408
2058	0.485381
2059	0.485371
2060	0.485328
2061	0.485318
2062	0.485083
2063	0.485060
2064	0.485047
2065	0.485027
2066	0.485024
2067	0.484946
2068	0.484897
2069	0.484859
2070	0.484810
2071	0.484662
2072	0.484651
2073	0.484609
2074	0.484607
2075	0.484555
2076	0.484483
2077	0.484472
2078	0.484465
2079	0.484463
2080	0.484443
2081	0.484213
2082	0.484211
2083	0.484209
2084	0.484171
2085	0.484142
2086	0.484040
2087	0.483913
2088	0.483902
2089	0.483853
2090	0.483840
2091	0.483809
2092	0.483707
2093	0.483696
2094	0.483634
2095	0.483553
2096	0.483532
2097	0.483417
2098	0.483414
2099	0.483308
2100	0.483226
2101	0.483162
2102	0.483153
2103	0.483139
2104	0.483116
2105	0.483089
2106	0.483022
2107	0.483013
2108	0.482993
2109	0.482973
2110	0.482963
2111	0.482839
2112	0.482767
2113	0.482745
2114	0.482633
2115	0.482616
2116	0.482614
2117	0.482608
2118	0.482548
2119	0.482481
2120	0.482470
2121	0.482436
2122	0.482434
2123	0.482352
2124	0.482295
2125	0.482234
2126	0.482100
2127	0.482099
2128	0.482045
2129	0.481981
2130	0.481942
2131	0.481925
2132	0.481865
2133	0.481839
2134	0.481797
2135	0.481743
2136	0.481683
2137	0.481663
2138	0.481510
2139	0.481508
2140	0.481478
2141	0.481460
2142	0.481398
2143	0.481308
2144	0.481207
2145	0.481168
2146	0.481136
2147	0.481134
2148	0.481093
2149	0.481041
2150	0.481037
2151	0.481013
2152	0.480952
2153	0.480789
2154	0.480691
2155	0.480644
2156	0.480522
2157	0.480450
2158	0.480311
2159	0.480306
2160	0.480178
2161	0.480147
2162	0.480135
2163	0.479960
2164	0.479932
2165	0.479895
2166	0.479841
2167	0.479832
2168	0.479721
2169	0.479656
2170	0.479637
2171	0.479456
2172	0.479365
2173	0.479321
2174	0.479278
2175	0.479255
2176	0.479248
2177	0.479188
2178	0.479173
2179	0.479138
2180	0.479076
2181	0.478992
2182	0.478847
2183	0.478806
2184	0.478784
2185	0.478770
2186	0.478747
2187	0.478735
2188	0.478661
2189	0.478658
2190	0.478573
2191	0.478537
2192	0.478515
2193	0.478374
2194	0.478296
2195	0.478239
2196	0.478180
2197	0.478159
2198	0.478101
2199	0.477984
2200	0.477951
2201	0.477910
2202	0.477894
2203	0.477822
2204	0.477809
2205	0.477807
2206	0.477793
2207	0.477781
2208	0.477737
2209	0.477646
2210	0.477628
2211	0.477622
2212	0.477534
2213	0.477426
2214	0.477396
2215	0.477365
2216	0.477260
2217	0.477255
2218	0.477210
2219	0.477200
2220	0.477168
2221	0.477075
2222	0.477011
2223	0.476952
2224	0.476883
2225	0.476854
2226	0.476729
2227	0.476677
2228	0.476650
2229	0.476606
2230	0.476507
2231	0.476502
2232	0.476478
2233	0.476472
2234	0.476472
2235	0.476409
2236	0.476303
2237	0.476219
2238	0.476181
2239	0.476019
2240	0.475892
2241	0.475781
2242	0.475756
2243	0.475716
2244	0.475668
2245	0.475665
2246	0.475530
2247	0.475445
2248	0.475416
2249	0.475386
2250	0.475281
2251	0.475267
2252	0.475230
2253	0.475197
2254	0.474961
2255	0.474961
2256	0.474957
2257	0.474915
2258	0.474882
2259	0.474830
2260	0.474784
2261	0.474750
2262	0.474745
2263	0.474728
2264	0.474658
2265	0.474639
2266	0.474589
2267	0.474516
2268	0.474477
2269	0.474465
2270	0.474420
2271	0.474401
2272	0.474396
2273	0.474396
2274	0.474384
2275	0.474332
2276	0.474313
2277	0.474269
2278	0.474103
2279	0.474099
2280	0.474025
2281	0.473998
2282	0.473995
2283	0.473971
2284	0.473871
2285	0.473861
2286	0.473815
2287	0.473680
2288	0.473653
2289	0.473651
2290	0.473575
2291	0.473429
2292	0.473352
2293	0.473345
2294	0.473334
2295	0.473331
2296	0.473321
2297	0.473284
2298	0.473283
2299	0.473205
2300	0.473203
2301	0.473191
2302	0.473164
2303	0.473109
2304	0.473091
2305	0.473091
2306	0.473005
2307	0.473000
2308	0.472999
2309	0.472968
2310	0.472960
2311	0.472926
2312	0.472893
2313	0.472892
2314	0.472814
2315	0.472721
2316	0.472689
2317	0.472679
2318	0.472677
2319	0.472571
2320	0.472565
2321	0.472562
2322	0.472468
2323	0.472437
2324	0.472415
2325	0.472292
2326	0.472246
2327	0.472198
2328	0.472162
2329	0.472157
2330	0.472096
2331	0.472019
2332	0.471992
2333	0.471967
2334	0.471908
2335	0.471903
2336	0.471898
2337	0.471818
2338	0.471742
2339	0.471713
2340	0.471629
2341	0.471615
2342	0.471498
2343	0.471476
2344	0.471448
2345	0.471442
2346	0.471411
2347	0.471383
2348	0.471286
2349	0.471233
2350	0.471206
2351	0.471154
2352	0.471150
2353	0.471080
2354	0.471071
2355	0.471006
2356	0.470978
2357	0.470970
2358	0.470906
2359	0.470856
2360	0.470766
2361	0.470700
2362	0.470676
2363	0.470588
2364	0.470490
2365	0.470465
2366	0.470402
2367	0.470332
2368	0.470242
2369	0.470222
2370	0.470217
2371	0.470197
2372	0.470166
2373	0.470047
2374	0.470025
2375	0.469975
2376	0.469927
2377	0.469896
2378	0.469857
2379	0.469854
2380	0.469560
2381	0.469522
2382	0.469512
2383	0.469414
2384	0.469406
2385	0.469220
2386	0.469176
2387	0.469155
2388	0.468916
2389	0.468898
2390	0.468876
2391	0.468869
2392	0.468806
2393	0.468806
2394	0.468788
2395	0.468751
2396	0.468749
2397	0.468589
2398	0.468548
2399	0.468485
2400	0.468323
2401	0.468297
2402	0.468246
2403	0.468236
2404	0.468215
2405	0.468205
2406	0.468145
2407	0.468135
2408	0.468079
2409	0.468065
2410	0.467986
2411	0.467976
2412	0.467956
2413	0.467823
2414	0.467809
2415	0.467773
2416	0.467702
2417	0.467615
2418	0.467527
2419	0.467483
2420	0.467467
2421	0.467419
2422	0.467394
2423	0.467380
2424	0.467365
2425	0.467351
2426	0.467315
2427	0.467293
2428	0.467272
2429	0.467251
2430	0.467239
2431	0.467214
2432	0.467151
2433	0.467079
2434	0.466966
2435	0.466855
2436	0.466751
2437	0.466621
2438	0.466590
2439	0.466587
2440	0.466550
2441	0.466546
2442	0.466461
2443	0.466401
2444	0.466375
2445	0.466315
2446	0.466264
2447	0.466261
2448	0.466200
2449	0.466015
2450	0.465994
2451	0.465972
2452	0.465931
2453	0.465913
2454	0.465527
2455	0.465483
2456	0.465328
2457	0.465318
2458	0.465295
2459	0.465022
2460	0.464962
2461	0.464898
2462	0.464851
2463	0.464832
2464	0.464771
2465	0.464766
2466	0.464731
2467	0.464702
2468	0.464532
2469	0.464470
2470	0.464421
2471	0.464349
2472	0.464257
2473	0.464213
2474	0.464159
2475	0.464135
2476	0.464059
2477	0.464024
2478	0.463955
2479	0.463931
2480	0.463928
2481	0.463873
2482	0.463869
2483	0.463857
2484	0.463756
2485	0.463737
2486	0.463649
2487	0.463606
2488	0.463531
2489	0.463488
2490	0.463486
2491	0.463469
2492	0.463436
2493	0.463288
2494	0.463282
2495	0.463278
2496	0.463156
2497	0.463094
2498	0.463085
2499	0.462973
2500	0.462923
2501	0.462899
2502	0.462782
2503	0.462725
2504	0.462683
2505	0.462608
2506	0.462592
2507	0.462464
2508	0.462426
2509	0.462423
2510	0.462418
2511	0.462310
2512	0.462305
2513	0.462287
2514	0.462224
2515	0.462190
2516	0.462151
2517	0.462149
2518	0.462138
2519	0.462121
2520	0.462092
2521	0.462074
2522	0.462026
2523	0.462007
2524	0.461971
2525	0.461955
2526	0.461898
2527	0.461795
2528	0.461769
2529	0.461680
2530	0.461667
2531	0.461604
2532	0.461505
2533	0.461374
2534	0.461332
2535	0.461274
2536	0.461192
2537	0.461144
2538	0.460841
2539	0.460772
2540	0.460674
2541	0.460557
2542	0.460440
2543	0.460357
2544	0.460160
2545	0.460128
2546	0.460110
2547	0.460104
2548	0.460102
2549	0.460071
2550	0.460004
2551	0.459991
2552	0.459990
2553	0.459952
2554	0.459848
2555	0.459827
2556	0.459803
2557	0.459775
2558	0.459770
2559	0.459723
2560	0.459666
2561	0.459621
2562	0.459577
2563	0.459460
2564	0.459438
2565	0.459390
2566	0.459358
2567	0.459276
2568	0.459261
2569	0.459248
2570	0.459218
2571	0.459194
2572	0.459173
2573	0.459151
2574	0.459005
2575	0.458990
2576	0.458967
2577	0.458942
2578	0.458915
2579	0.458745
2580	0.458744
2581	0.458704
2582	0.458545
2583	0.458537
2584	0.458529
2585	0.458488
2586	0.458446
2587	0.458414
2588	0.458406
2589	0.458400
2590	0.458395
2591	0.458391
2592	0.458350
2593	0.458318
2594	0.458266
2595	0.458225
2596	0.458221
2597	0.458201
2598	0.458154
2599	0.458067
2600	0.458035
2601	0.458010
2602	0.457924
2603	0.457874
2604	0.457752
2605	0.457725
2606	0.457696
2607	0.457665
2608	0.457621
2609	0.457530
2610	0.457473
2611	0.457463
2612	0.457405
2613	0.457371
2614	0.457289
2615	0.457283
2616	0.457263
2617	0.457260
2618	0.457104
2619	0.457103
2620	0.457011
2621	0.456985
2622	0.456984
2623	0.456846
2624	0.456774
2625	0.456757
2626	0.456756
2627	0.456646
2628	0.456631
2629	0.456595
2630	0.456506
2631	0.456458
2632	0.456440
2633	0.456366
2634	0.456331
2635	0.456319
2636	0.456302
2637	0.456270
2638	0.456262
2639	0.456247
2640	0.456177
2641	0.456175
2642	0.456112
2643	0.456090
2644	0.456055
2645	0.456007
2646	0.455953
2647	0.455905
2648	0.455791
2649	0.455726
2650	0.455715
2651	0.455695
2652	0.455679
2653	0.455631
2654	0.455625
2655	0.455522
2656	0.455444
2657	0.455421
2658	0.455371
2659	0.455364
2660	0.455339
2661	0.455337
2662	0.455298
2663	0.455257
2664	0.455181
2665	0.455178
2666	0.455121
2667	0.455118
2668	0.455040
2669	0.455034
2670	0.455027
2671	0.454774
2672	0.454685
2673	0.454605
2674	0.454528
2675	0.454252
2676	0.454240
2677	0.454166
2678	0.454133
2679	0.454057
2680	0.454056
2681	0.454031
2682	0.453945
2683	0.453893
2684	0.453868
2685	0.453850
2686	0.453640
2687	0.453602
2688	0.453572
2689	0.453544
2690	0.453323
2691	0.453263
2692	0.453257
2693	0.453255
2694	0.453208
2695	0.453143
2696	0.453116
2697	0.453081
2698	0.453078
2699	0.452991
2700	0.452936
2701	0.452907
2702	0.452831
2703	0.452822
2704	0.452753
2705	0.452531
2706	0.452525
2707	0.452497
2708	0.452420
2709	0.452406
2710	0.452331
2711	0.452199
2712	0.452131
2713	0.452112
2714	0.452086
2715	0.452084
2716	0.452036
2717	0.451830
2718	0.451713
2719	0.451615
2720	0.451537
2721	0.451504
2722	0.451491
2723	0.451453
2724	0.451426
2725	0.451397
2726	0.451375
2727	0.451351
2728	0.451216
2729	0.451215
2730	0.451034
2731	0.451018
2732	0.450991
2733	0.450928
2734	0.450909
2735	0.450892
2736	0.450892
2737	0.450857
2738	0.450749
2739	0.450746
2740	0.450688
2741	0.450654
2742	0.450631
2743	0.450446
2744	0.450445
2745	0.450439
2746	0.450416
2747	0.450338
2748	0.450272
2749	0.450206
2750	0.450200
2751	0.450133
2752	0.450004
2753	0.449961
2754	0.449889
2755	0.449865
2756	0.449742
2757	0.449681
2758	0.449664
2759	0.449662
2760	0.449604
2761	0.449569
2762	0.449527
2763	0.449487
2764	0.449486
2765	0.449470
2766	0.449466
2767	0.449462
2768	0.449377
2769	0.449338
2770	0.449291
2771	0.449261
2772	0.449261
2773	0.449259
2774	0.449250
2775	0.449180
2776	0.449156
2777	0.449127
2778	0.449054
2779	0.449000
2780	0.448923
2781	0.448880
2782	0.448877
2783	0.448869
2784	0.448841
2785	0.448773
2786	0.448727
2787	0.448675
2788	0.448666
2789	0.448650
2790	0.448638
2791	0.448617
2792	0.448585
2793	0.448399
2794	0.448384
2795	0.448363
2796	0.448330
2797	0.448303
2798	0.448286
2799	0.448258
2800	0.448252
2801	0.448174
2802	0.448163
2803	0.448159
2804	0.447995
2805	0.447902
2806	0.447743
2807	0.447677
2808	0.447639
2809	0.447625
2810	0.447599
2811	0.447576
2812	0.447567
2813	0.447454
2814	0.447371
2815	0.447296
2816	0.447218
2817	0.447174
2818	0.447155
2819	0.447153
2820	0.447069
2821	0.446956
2822	0.446842
2823	0.446836
2824	0.446834
2825	0.446600
2826	0.446591
2827	0.446567
2828	0.446495
2829	0.446495
2830	0.446475
2831	0.446399
2832	0.446298
2833	0.446244
2834	0.446223
2835	0.446180
2836	0.446166
2837	0.446141
2838	0.446021
2839	0.445989
2840	0.445981
2841	0.445902
2842	0.445877
2843	0.445864
2844	0.445848
2845	0.445760
2846	0.445757
2847	0.445742
2848	0.445689
2849	0.445620
2850	0.445592
2851	0.445479
2852	0.445401
2853	0.445359
2854	0.445316
2855	0.445267
2856	0.445223
2857	0.445125
2858	0.445125
2859	0.445037
2860	0.444998
2861	0.444959
2862	0.444903
2863	0.444886
2864	0.444834
2865	0.444834
2866	0.444662
2867	0.444592
2868	0.444560
2869	0.444466
2870	0.444295
2871	0.444193
2872	0.444180
2873	0.444141
2874	0.444099
2875	0.444098
2876	0.443968
2877	0.443872
2878	0.443863
2879	0.443851
2880	0.443848
2881	0.443826
2882	0.443810
2883	0.443722
2884	0.443717
2885	0.443693
2886	0.443591
2887	0.443569
2888	0.443563
2889	0.443518
2890	0.443484
2891	0.442624
2892	0.442623
2893	0.442509
2894	0.442477
2895	0.442461
2896	0.442366
2897	0.442269
2898	0.442267
2899	0.442173
2900	0.442173
2901	0.442132
2902	0.442115
2903	0.441990
2904	0.441987
2905	0.441908
2906	0.441901
2907	0.441817
2908	0.441775
2909	0.441711
2910	0.441700
2911	0.441628
2912	0.441575
2913	0.441545
2914	0.441504
2915	0.441268
2916	0.441202
2917	0.441181
2918	0.441116
2919	0.441071
2920	0.441053
2921	0.441023
2922	0.440738
2923	0.440703
2924	0.440688
2925	0.440678
2926	0.440580
2927	0.440348
2928	0.440318
2929	0.440314
2930	0.440308
2931	0.440222
2932	0.440130
2933	0.440123
2934	0.440046
2935	0.440003
2936	0.439992
2937	0.439962
2938	0.439894
2939	0.439755
2940	0.439741
2941	0.439667
2942	0.439643
2943	0.439550
2944	0.439250
2945	0.439250
2946	0.439172
2947	0.439132
2948	0.439100
2949	0.439085
2950	0.439068
2951	0.438966
2952	0.438945
2953	0.438927
2954	0.438924
2955	0.438886
2956	0.438865
2957	0.438831
2958	0.438829
2959	0.438788
2960	0.438781
2961	0.438701
2962	0.438604
2963	0.438600
2964	0.438597
2965	0.438579
2966	0.438569
2967	0.438560
2968	0.438535
2969	0.438531
2970	0.438481
2971	0.438460
2972	0.438397
2973	0.438391
2974	0.438347
2975	0.438231
2976	0.438180
2977	0.438164
2978	0.438161
2979	0.437959
2980	0.437819
2981	0.437787
2982	0.437759
2983	0.437739
2984	0.437716
2985	0.437709
2986	0.437652
2987	0.437649
2988	0.437635
2989	0.437572
2990	0.437547
2991	0.437490
2992	0.437475
2993	0.437453
2994	0.437418
2995	0.437416
2996	0.437371
2997	0.437307
2998	0.437294
2999	0.437285
3000	0.437265
3001	0.437224
3002	0.437218
3003	0.437031
3004	0.436901
3005	0.436854
3006	0.436825
3007	0.436783
3008	0.436761
3009	0.436745
3010	0.436727
3011	0.436709
3012	0.436695
3013	0.436667
3014	0.436592
3015	0.436579
3016	0.436573
3017	0.436474
3018	0.436413
3019	0.436392
3020	0.436385
3021	0.436305
3022	0.436227
3023	0.436159
3024	0.436119
3025	0.436074
3026	0.436071
3027	0.436043
3028	0.435960
3029	0.435948
3030	0.435903
3031	0.435866
3032	0.435839
3033	0.435771
3034	0.435754
3035	0.435734
3036	0.435665
3037	0.435604
3038	0.435589
3039	0.435565
3040	0.435504
3041	0.435435
3042	0.435351
3043	0.435350
3044	0.435260
3045	0.435214
3046	0.435209
3047	0.435046
3048	0.435043
3049	0.434883
3050	0.434859
3051	0.434858
3052	0.434716
3053	0.434640
3054	0.434586
3055	0.434495
3056	0.434446
3057	0.434445
3058	0.434379
3059	0.434308
3060	0.434245
3061	0.434183
3062	0.434166
3063	0.434132
3064	0.434109
3065	0.434100
3066	0.434060
3067	0.434004
3068	0.433933
3069	0.433907
3070	0.433905
3071	0.433817
3072	0.433771
3073	0.433750
3074	0.433710
3075	0.433688
3076	0.433571
3077	0.433568
3078	0.433555
3079	0.433507
3080	0.433367
3081	0.433231
3082	0.433189
3083	0.433040
3084	0.432920
3085	0.432911
3086	0.432883
3087	0.432823
3088	0.432808
3089	0.432697
3090	0.432686
3091	0.432677
3092	0.432667
3093	0.432594
3094	0.432548
3095	0.432477
3096	0.432448
3097	0.432440
3098	0.432406
3099	0.432383
3100	0.432380
3101	0.432307
3102	0.432240
3103	0.431979
3104	0.431973
3105	0.431905
3106	0.431886
3107	0.431834
3108	0.431608
3109	0.431549
3110	0.431541
3111	0.431509
3112	0.431400
3113	0.431244
3114	0.431176
3115	0.431146
3116	0.431142
3117	0.431127
3118	0.431015
3119	0.430982
3120	0.430951
3121	0.430867
3122	0.430814
3123	0.430691
3124	0.430667
3125	0.430656
3126	0.430636
3127	0.430583
3128	0.430567
3129	0.430479
3130	0.430462
3131	0.430405
3132	0.430356
3133	0.430349
3134	0.430278
3135	0.430247
3136	0.430225
3137	0.430213
3138	0.430073
3139	0.430014
3140	0.429999
3141	0.429992
3142	0.429972
3143	0.429968
3144	0.429966
3145	0.429955
3146	0.429952
3147	0.429863
3148	0.429787
3149	0.429696
3150	0.429656
3151	0.429628
3152	0.429616
3153	0.429552
3154	0.429545
3155	0.429524
3156	0.429515
3157	0.429404
3158	0.429339
3159	0.429337
3160	0.429325
3161	0.429311
3162	0.429295
3163	0.429239
3164	0.429111
3165	0.429111
3166	0.429069
3167	0.429062
3168	0.428989
3169	0.428971
3170	0.428918
3171	0.428892
3172	0.428876
3173	0.428838
3174	0.428731
3175	0.428730
3176	0.428713
3177	0.428707
3178	0.428544
3179	0.428494
3180	0.428442
3181	0.428398
3182	0.428356
3183	0.428314
3184	0.428301
3185	0.428301
3186	0.428288
3187	0.428216
3188	0.428213
3189	0.428115
3190	0.427925
3191	0.427732
3192	0.427658
3193	0.427565
3194	0.427521
3195	0.427407
3196	0.427389
3197	0.427373
3198	0.427372
3199	0.427050
3200	0.426925
3201	0.426840
3202	0.426823
3203	0.426800
3204	0.426770
3205	0.426755
3206	0.426752
3207	0.426655
3208	0.426602
3209	0.426589
3210	0.426561
3211	0.426557
3212	0.426449
3213	0.426434
3214	0.426411
3215	0.426365
3216	0.426323
3217	0.426283
3218	0.426198
3219	0.426167
3220	0.426122
3221	0.426096
3222	0.426048
3223	0.426020
3224	0.425943
3225	0.425880
3226	0.425820
3227	0.425781
3228	0.425722
3229	0.425721
3230	0.425538
3231	0.425460
3232	0.425459
3233	0.425405
3234	0.425351
3235	0.425350
3236	0.425282
3237	0.425234
3238	0.425191
3239	0.425078
3240	0.425010
3241	0.424969
3242	0.424898
3243	0.424893
3244	0.424881
3245	0.424866
3246	0.424819
3247	0.424721
3248	0.424648
3249	0.424589
3250	0.424518
3251	0.424459
3252	0.424426
3253	0.424370
3254	0.424348
3255	0.424073
3256	0.424060
3257	0.424009
3258	0.423855
3259	0.423851
3260	0.423819
3261	0.423788
3262	0.423774
3263	0.423671
3264	0.423610
3265	0.423568
3266	0.423551
3267	0.423516
3268	0.423489
3269	0.423438
3270	0.423329
3271	0.423307
3272	0.423226
3273	0.423085
3274	0.423021
3275	0.422863
3276	0.422622
3277	0.422615
3278	0.422519
3279	0.422473
3280	0.422260
3281	0.422156
3282	0.422019
3283	0.422000
3284	0.421986
3285	0.421975
3286	0.421892
3287	0.421878
3288	0.421828
3289	0.421823
3290	0.421761
3291	0.421496
3292	0.421308
3293	0.421283
3294	0.421212
3295	0.421124
3296	0.421118
3297	0.421058
3298	0.420956
3299	0.420749
3300	0.420578
3301	0.420440
3302	0.420437
3303	0.420399
3304	0.420395
3305	0.420354
3306	0.420334
3307	0.420311
3308	0.420273
3309	0.420250
3310	0.420213
3311	0.420097
3312	0.420060
3313	0.419994
3314	0.419817
3315	0.419809
3316	0.419738
3317	0.419682
3318	0.419658
3319	0.419555
3320	0.419509
3321	0.419489
3322	0.419430
3323	0.419417
3324	0.419393
3325	0.419373
3326	0.419337
3327	0.419229
3328	0.419215
3329	0.419141
3330	0.419053
3331	0.419011
3332	0.418991
3333	0.418918
3334	0.418909
3335	0.418648
3336	0.418386
3337	0.418382
3338	0.418317
3339	0.418174
3340	0.418046
3341	0.418033
3342	0.418000
3343	0.417977
3344	0.417962
3345	0.417876
3346	0.417865
3347	0.417853
3348	0.417844
3349	0.417827
3350	0.417665
3351	0.417567
3352	0.417489
3353	0.417344
3354	0.417286
3355	0.417260
3356	0.417124
3357	0.417074
3358	0.417052
3359	0.417012
3360	0.416952
3361	0.416877
3362	0.416858
3363	0.416840
3364	0.416656
3365	0.416513
3366	0.416390
3367	0.416366
3368	0.416328
3369	0.416279
3370	0.416236
3371	0.416163
3372	0.416160
3373	0.416159
3374	0.416045
3375	0.416023
3376	0.416006
3377	0.415983
3378	0.415947
3379	0.415916
3380	0.415836
3381	0.415832
3382	0.415675
3383	0.415662
3384	0.415643
3385	0.415642
3386	0.415498
3387	0.415416
3388	0.415248
3389	0.415243
3390	0.415185
3391	0.415176
3392	0.415102
3393	0.415082
3394	0.415072
3395	0.415009
3396	0.414987
3397	0.414969
3398	0.414966
3399	0.414738
3400	0.414737
3401	0.414668
3402	0.414652
3403	0.414612
3404	0.414493
3405	0.414491
3406	0.414446
3407	0.414445
3408	0.414411
3409	0.414388
3410	0.414270
3411	0.414209
3412	0.414152
3413	0.414038
3414	0.413876
3415	0.413834
3416	0.413833
3417	0.413807
3418	0.413755
3419	0.413737
3420	0.413710
3421	0.413661
3422	0.413649
3423	0.413565
3424	0.413461
3425	0.413416
3426	0.413390
3427	0.413256
3428	0.413165
3429	0.413131
3430	0.413088
3431	0.413059
3432	0.413008
3433	0.412963
3434	0.412885
3435	0.412845
3436	0.412841
3437	0.412766
3438	0.412679
3439	0.412635
3440	0.412582
3441	0.412539
3442	0.412496
3443	0.412489
3444	0.412427
3445	0.412034
3446	0.411931
3447	0.411929
3448	0.411802
3449	0.411763
3450	0.411727
3451	0.411578
3452	0.411493
3453	0.411366
3454	0.411294
3455	0.411275
3456	0.411193
3457	0.411185
3458	0.411147
3459	0.411113
3460	0.411102
3461	0.411066
3462	0.411035
3463	0.410826
3464	0.410756
3465	0.410751
3466	0.410715
3467	0.410688
3468	0.410640
3469	0.410606
3470	0.410485
3471	0.410468
3472	0.410355
3473	0.410320
3474	0.410313
3475	0.410225
3476	0.410060
3477	0.410057
3478	0.410049
3479	0.410039
3480	0.410033
3481	0.409966
3482	0.409912
3483	0.409891
3484	0.409778
3485	0.409597
3486	0.409405
3487	0.409336
3488	0.409228
3489	0.409202
3490	0.409138
3491	0.409092
3492	0.409012
3493	0.408995
3494	0.408965
3495	0.408932
3496	0.408905
3497	0.408784
3498	0.408773
3499	0.408715
3500	0.408568
3501	0.408519
3502	0.408518
3503	0.408396
3504	0.408331
3505	0.408325
3506	0.408214
3507	0.408170
3508	0.407952
3509	0.407936
3510	0.407932
3511	0.407913
3512	0.407902
3513	0.407796
3514	0.407785
3515	0.407782
3516	0.407753
3517	0.407633
3518	0.407528
3519	0.407354
3520	0.407302
3521	0.407300
3522	0.407282
3523	0.407267
3524	0.407205
3525	0.407197
3526	0.407134
3527	0.407069
3528	0.407004
3529	0.407003
3530	0.406929
3531	0.406903
3532	0.406789
3533	0.406772
3534	0.406716
3535	0.406712
3536	0.406641
3537	0.406608
3538	0.406413
3539	0.406344
3540	0.406342
3541	0.406187
3542	0.406172
3543	0.406141
3544	0.406139
3545	0.406090
3546	0.406066
3547	0.406039
3548	0.406038
3549	0.406030
3550	0.406006
3551	0.405985
3552	0.405972
3553	0.405854
3554	0.405794
3555	0.405772
3556	0.405750
3557	0.405703
3558	0.405700
3559	0.405658
3560	0.405626
3561	0.405326
3562	0.405291
3563	0.405249
3564	0.405158
3565	0.405087
3566	0.404898
3567	0.404894
3568	0.404845
3569	0.404701
3570	0.404641
3571	0.404535
3572	0.404487
3573	0.404470
3574	0.404295
3575	0.404153
3576	0.404121
3577	0.404102
3578	0.404099
3579	0.404067
3580	0.404050
3581	0.403983
3582	0.403916
3583	0.403859
3584	0.403751
3585	0.403512
3586	0.403468
3587	0.403450
3588	0.403432
3589	0.403372
3590	0.403366
3591	0.403345
3592	0.403249
3593	0.403138
3594	0.403096
3595	0.403083
3596	0.403010
3597	0.402991
3598	0.402991
3599	0.402901
3600	0.402865
3601	0.402844
3602	0.402776
3603	0.402701
3604	0.402502
3605	0.402441
3606	0.402405
3607	0.402403
3608	0.402365
3609	0.402342
3610	0.402339
3611	0.402331
3612	0.402233
3613	0.402230
3614	0.402091
3615	0.402081
3616	0.402031
3617	0.401998
3618	0.401858
3619	0.401839
3620	0.401834
3621	0.401634
3622	0.401618
3623	0.401532
3624	0.401496
3625	0.401490
3626	0.401459
3627	0.401354
3628	0.401242
3629	0.401169
3630	0.401142
3631	0.401074
3632	0.400843
3633	0.400829
3634	0.400734
3635	0.400710
3636	0.400618
3637	0.400576
3638	0.400399
3639	0.400332
3640	0.400312
3641	0.400308
3642	0.400267
3643	0.400088
3644	0.399915
3645	0.399750
3646	0.399749
3647	0.399673
3648	0.399551
3649	0.399515
3650	0.399511
3651	0.399495
3652	0.399432
3653	0.399384
3654	0.399359
3655	0.399265
3656	0.399245
3657	0.399169
3658	0.399119
3659	0.399082
3660	0.399081
3661	0.398937
3662	0.398828
3663	0.398792
3664	0.398779
3665	0.398676
3666	0.398628
3667	0.398610
3668	0.398582
3669	0.398561
3670	0.398551
3671	0.398532
3672	0.398486
3673	0.398482
3674	0.398480
3675	0.398479
3676	0.398475
3677	0.398475
3678	0.398440
3679	0.398336
3680	0.398321
3681	0.398320
3682	0.398319
3683	0.398310
3684	0.398084
3685	0.398070
3686	0.398037
3687	0.398012
3688	0.397973
3689	0.397830
3690	0.397783
3691	0.397765
3692	0.397698
3693	0.397678
3694	0.397629
3695	0.397624
3696	0.397595
3697	0.397552
3698	0.397447
3699	0.397351
3700	0.397309
3701	0.397230
3702	0.397207
3703	0.397049
3704	0.397016
3705	0.396958
3706	0.396646
3707	0.396624
3708	0.396618
3709	0.396566
3710	0.396480
3711	0.396430
3712	0.396426
3713	0.396378
3714	0.396359
3715	0.396272
3716	0.396078
3717	0.396028
3718	0.396023
3719	0.395963
3720	0.395862
3721	0.395850
3722	0.395789
3723	0.395781
3724	0.395712
3725	0.395610
3726	0.395501
3727	0.395448
3728	0.395442
3729	0.395343
3730	0.395285
3731	0.395226
3732	0.395168
3733	0.395087
3734	0.395058
3735	0.395040
3736	0.394995
3737	0.394818
3738	0.394768
3739	0.394688
3740	0.394654
3741	0.394596
3742	0.394563
3743	0.394512
3744	0.394502
3745	0.394483
3746	0.394482
3747	0.394480
3748	0.394456
3749	0.394446
3750	0.394444
3751	0.394418
3752	0.394226
3753	0.394209
3754	0.394140
3755	0.393964
3756	0.393901
3757	0.393731
3758	0.393676
3759	0.393643
3760	0.393470
3761	0.393337
3762	0.393327
3763	0.393232
3764	0.393198
3765	0.393169
3766	0.393127
3767	0.393112
3768	0.393098
3769	0.393039
3770	0.392992
3771	0.392919
3772	0.392908
3773	0.392900
3774	0.392815
3775	0.392814
3776	0.392769
3777	0.392689
3778	0.392292
3779	0.392273
3780	0.392006
3781	0.391995
3782	0.391976
3783	0.391926
3784	0.391864
3785	0.391859
3786	0.391843
3787	0.391797
3788	0.391743
3789	0.391742
3790	0.391710
3791	0.391683
3792	0.391656
3793	0.391654
3794	0.391597
3795	0.391553
3796	0.391413
3797	0.391375
3798	0.391333
3799	0.391328
3800	0.391223
3801	0.391173
3802	0.391090
3803	0.391058
3804	0.391049
3805	0.391005
3806	0.390886
3807	0.390886
3808	0.390644
3809	0.390631
3810	0.390497
3811	0.390455
3812	0.390452
3813	0.390373
3814	0.390368
3815	0.390233
3816	0.390213
3817	0.390169
3818	0.390148
3819	0.389951
3820	0.389791
3821	0.389785
3822	0.389779
3823	0.389751
3824	0.389727
3825	0.389702
3826	0.389699
3827	0.389586
3828	0.389565
3829	0.389537
3830	0.389471
3831	0.389333
3832	0.389309
3833	0.389172
3834	0.389167
3835	0.389151
3836	0.388988
3837	0.388980
3838	0.388967
3839	0.388933
3840	0.388925
3841	0.388766
3842	0.388745
3843	0.388735
3844	0.388720
3845	0.388715
3846	0.388679
3847	0.388381
3848	0.388366
3849	0.388358
3850	0.388357
3851	0.388299
3852	0.388274
3853	0.388234
3854	0.388155
3855	0.388040
3856	0.388034
3857	0.387926
3858	0.387807
3859	0.387684
3860	0.387673
3861	0.387656
3862	0.387653
3863	0.387619
3864	0.387534
3865	0.387462
3866	0.387401
3867	0.387304
3868	0.387247
3869	0.387221
3870	0.387174
3871	0.387162
3872	0.387078
3873	0.386920
3874	0.386911
3875	0.386865
3876	0.386823
3877	0.386815
3878	0.386767
3879	0.386762
3880	0.386734
3881	0.386706
3882	0.386672
3883	0.386659
3884	0.386642
3885	0.386614
3886	0.386575
3887	0.386318
3888	0.386181
3889	0.386173
3890	0.386092
3891	0.386081
3892	0.386048
3893	0.385990
3894	0.385952
3895	0.385862
3896	0.385858
3897	0.385685
3898	0.385648
3899	0.385616
3900	0.385579
3901	0.385510
3902	0.385486
3903	0.385444
3904	0.385370
3905	0.385221
3906	0.385181
3907	0.385141
3908	0.385125
3909	0.385089
3910	0.384999
3911	0.384950
3912	0.384945
3913	0.384933
3914	0.384920
3915	0.384884
3916	0.384845
3917	0.384777
3918	0.384753
3919	0.384744
3920	0.384638
3921	0.384623
3922	0.384598
3923	0.384507
3924	0.384416
3925	0.384391
3926	0.384295
3927	0.384216
3928	0.384206
3929	0.384202
3930	0.384175
3931	0.383936
3932	0.383894
3933	0.383865
3934	0.383844
3935	0.383841
3936	0.383728
3937	0.383588
3938	0.383583
3939	0.383256
3940	0.383255
3941	0.383122
3942	0.383077
3943	0.383021
3944	0.383019
3945	0.383006
3946	0.382961
3947	0.382918
3948	0.382896
3949	0.382590
3950	0.382579
3951	0.382505
3952	0.382413
3953	0.382397
3954	0.382353
3955	0.382279
3956	0.382165
3957	0.382077
3958	0.382051
3959	0.381987
3960	0.381860
3961	0.381830
3962	0.381623
3963	0.381594
3964	0.381562
3965	0.381557
3966	0.381537
3967	0.381528
3968	0.381528
3969	0.381423
3970	0.381422
3971	0.381362
3972	0.381292
3973	0.381266
3974	0.381192
3975	0.381089
3976	0.380930
3977	0.380866
3978	0.380796
3979	0.380619
3980	0.380582
3981	0.380571
3982	0.380470
3983	0.380463
3984	0.380340
3985	0.380288
3986	0.380255
3987	0.380147
3988	0.380115
3989	0.380064
3990	0.379961
3991	0.379953
3992	0.379937
3993	0.379931
3994	0.379906
3995	0.379902
3996	0.379896
3997	0.379715
3998	0.379670
3999	0.379642
4000	0.379598
4001	0.379568
4002	0.379276
4003	0.379274
4004	0.379252
4005	0.379247
4006	0.379009
4007	0.378998
4008	0.378771
4009	0.378651
4010	0.378573
4011	0.378531
4012	0.378424
4013	0.378371
4014	0.378219
4015	0.378189
4016	0.378129
4017	0.377924
4018	0.377918
4019	0.377851
4020	0.377802
4021	0.377738
4022	0.377652
4023	0.377636
4024	0.377611
4025	0.377415
4026	0.377364
4027	0.377349
4028	0.377331
4029	0.377238
4030	0.377136
4031	0.376889
4032	0.376811
4033	0.376803
4034	0.376703
4035	0.376695
4036	0.376553
4037	0.376522
4038	0.376503
4039	0.376350
4040	0.376336
4041	0.376295
4042	0.376269
4043	0.376235
4044	0.376151
4045	0.376069
4046	0.375995
4047	0.375928
4048	0.375902
4049	0.375832
4050	0.375831
4051	0.375755
4052	0.375698
4053	0.375671
4054	0.375640
4055	0.375358
4056	0.375347
4057	0.375312
4058	0.375311
4059	0.375299
4060	0.375251
4061	0.375202
4062	0.375052
4063	0.374972
4064	0.374923
4065	0.374890
4066	0.374794
4067	0.374735
4068	0.374685
4069	0.374586
4070	0.374522
4071	0.374502
4072	0.374501
4073	0.374382
4074	0.374363
4075	0.374318
4076	0.374241
4077	0.374200
4078	0.374158
4079	0.374100
4080	0.374089
4081	0.374008
4082	0.373908
4083	0.373886
4084	0.373864
4085	0.373727
4086	0.373725
4087	0.373705
4088	0.373379
4089	0.373141
4090	0.373127
4091	0.373065
4092	0.373050
4093	0.373021
4094	0.372966
4095	0.372849
4096	0.372844
4097	0.372817
4098	0.372756
4099	0.372727
4100	0.372496
4101	0.372488
4102	0.372466
4103	0.372384
4104	0.372250
4105	0.372159
4106	0.372062
4107	0.371980
4108	0.371964
4109	0.371897
4110	0.371834
4111	0.371761
4112	0.371746
4113	0.371655
4114	0.371518
4115	0.371276
4116	0.371191
4117	0.371143
4118	0.371078
4119	0.371033
4120	0.371025
4121	0.370995
4122	0.370987
4123	0.370964
4124	0.370964
4125	0.370776
4126	0.370604
4127	0.370550
4128	0.370540
4129	0.370505
4130	0.370458
4131	0.370326
4132	0.370244
4133	0.370178
4134	0.370101
4135	0.370021
4136	0.370012
4137	0.370011
4138	0.369981
4139	0.369851
4140	0.369634
4141	0.369466
4142	0.369434
4143	0.369390
4144	0.369152
4145	0.369122
4146	0.369024
4147	0.368989
4148	0.368980
4149	0.368945
4150	0.368919
4151	0.368834
4152	0.368753
4153	0.368736
4154	0.368724
4155	0.368536
4156	0.368533
4157	0.368519
4158	0.368474
4159	0.368469
4160	0.368458
4161	0.368318
4162	0.368310
4163	0.368243
4164	0.368136
4165	0.368098
4166	0.367943
4167	0.367921
4168	0.367876
4169	0.367794
4170	0.367767
4171	0.367705
4172	0.367697
4173	0.367588
4174	0.367503
4175	0.367497
4176	0.367426
4177	0.367380
4178	0.367351
4179	0.367339
4180	0.367312
4181	0.367287
4182	0.367193
4183	0.367161
4184	0.367113
4185	0.367014
4186	0.366853
4187	0.366780
4188	0.366763
4189	0.366613
4190	0.366330
4191	0.366328
4192	0.366293
4193	0.366249
4194	0.366203
4195	0.366073
4196	0.365997
4197	0.365985
4198	0.365983
4199	0.365836
4200	0.365788
4201	0.365777
4202	0.365640
4203	0.365339
4204	0.365171
4205	0.365099
4206	0.364970
4207	0.364952
4208	0.364884
4209	0.364876
4210	0.364866
4211	0.364752
4212	0.364749
4213	0.364668
4214	0.364617
4215	0.364318
4216	0.364275
4217	0.364255
4218	0.364230
4219	0.364158
4220	0.364138
4221	0.364022
4222	0.363977
4223	0.363951
4224	0.363901
4225	0.363817
4226	0.363779
4227	0.363770
4228	0.363760
4229	0.363741
4230	0.363731
4231	0.363609
4232	0.363558
4233	0.363553
4234	0.363440
4235	0.363421
4236	0.363135
4237	0.363115
4238	0.363077
4239	0.363036
4240	0.363017
4241	0.362964
4242	0.362952
4243	0.362924
4244	0.362808
4245	0.362782
4246	0.362775
4247	0.362624
4248	0.362512
4249	0.362504
4250	0.362344
4251	0.362253
4252	0.361863
4253	0.361862
4254	0.361827
4255	0.361689
4256	0.361527
4257	0.361523
4258	0.361473
4259	0.361447
4260	0.361375
4261	0.361369
4262	0.361237
4263	0.361150
4264	0.361079
4265	0.361017
4266	0.360920
4267	0.360915
4268	0.360861
4269	0.360838
4270	0.360832
4271	0.360665
4272	0.360623
4273	0.360476
4274	0.360448
4275	0.360435
4276	0.360392
4277	0.360301
4278	0.360268
4279	0.360244
4280	0.360116
4281	0.359561
4282	0.359422
4283	0.359354
4284	0.359337
4285	0.359074
4286	0.359062
4287	0.359008
4288	0.359003
4289	0.358979
4290	0.358884
4291	0.358874
4292	0.358843
4293	0.358822
4294	0.358770
4295	0.358758
4296	0.358647
4297	0.358635
4298	0.358617
4299	0.358591
4300	0.358479
4301	0.358456
4302	0.358403
4303	0.358331
4304	0.358318
4305	0.358308
4306	0.358237
4307	0.358146
4308	0.358109
4309	0.358104
4310	0.358103
4311	0.358013
4312	0.358010
4313	0.357924
4314	0.357866
4315	0.357768
4316	0.357688
4317	0.357385
4318	0.357376
4319	0.357347
4320	0.357049
4321	0.356966
4322	0.356940
4323	0.356853
4324	0.356724
4325	0.356720
4326	0.356633
4327	0.356468
4328	0.356423
4329	0.356398
4330	0.356288
4331	0.356283
4332	0.356248
4333	0.356163
4334	0.356018
4335	0.355990
4336	0.355989
4337	0.355891
4338	0.355842
4339	0.355759
4340	0.355696
4341	0.355687
4342	0.355668
4343	0.355604
4344	0.355576
4345	0.355547
4346	0.355546
4347	0.355537
4348	0.355536
4349	0.355458
4350	0.355406
4351	0.355378
4352	0.355259
4353	0.355021
4354	0.354970
4355	0.354810
4356	0.354612
4357	0.354466
4358	0.354423
4359	0.354409
4360	0.354383
4361	0.354235
4362	0.354221
4363	0.354221
4364	0.354163
4365	0.354150
4366	0.354134
4367	0.354048
4368	0.353956
4369	0.353952
4370	0.353951
4371	0.353657
4372	0.353643
4373	0.353409
4374	0.353256
4375	0.353217
4376	0.353203
4377	0.353139
4378	0.353003
4379	0.352783
4380	0.352739
4381	0.352534
4382	0.352451
4383	0.352389
4384	0.352379
4385	0.352364
4386	0.352350
4387	0.352259
4388	0.352113
4389	0.352046
4390	0.352036
4391	0.352020
4392	0.352019
4393	0.351980
4394	0.351914
4395	0.351839
4396	0.351745
4397	0.351686
4398	0.351678
4399	0.351641
4400	0.351446
4401	0.351313
4402	0.351256
4403	0.351232
4404	0.351219
4405	0.351161
4406	0.351159
4407	0.351149
4408	0.350994
4409	0.350973
4410	0.350902
4411	0.350772
4412	0.350742
4413	0.350733
4414	0.350712
4415	0.350665
4416	0.350593
4417	0.350446
4418	0.350365
4419	0.350285
4420	0.350146
4421	0.350146
4422	0.350134
4423	0.350129
4424	0.349920
4425	0.349858
4426	0.349846
4427	0.349789
4428	0.349668
4429	0.349534
4430	0.349529
4431	0.349515
4432	0.349445
4433	0.349416
4434	0.349359
4435	0.349337
4436	0.349287
4437	0.349282
4438	0.349247
4439	0.349207
4440	0.349188
4441	0.349085
4442	0.348991
4443	0.348959
4444	0.348931
4445	0.348903
4446	0.348890
4447	0.348791
4448	0.348708
4449	0.348665
4450	0.348593
4451	0.348566
4452	0.348539
4453	0.348362
4454	0.348273
4455	0.348207
4456	0.348149
4457	0.348110
4458	0.348097
4459	0.348033
4460	0.348028
4461	0.347966
4462	0.347936
4463	0.347922
4464	0.347916
4465	0.347869
4466	0.347866
4467	0.347838
4468	0.347830
4469	0.347798
4470	0.347739
4471	0.347706
4472	0.347665
4473	0.347616
4474	0.347614
4475	0.347599
4476	0.347579
4477	0.347569
4478	0.347451
4479	0.347319
4480	0.347312
4481	0.347287
4482	0.347254
4483	0.347094
4484	0.347088
4485	0.347040
4486	0.347004
4487	0.346909
4488	0.346731
4489	0.346712
4490	0.346602
4491	0.346532
4492	0.346513
4493	0.346505
4494	0.346504
4495	0.346362
4496	0.346168
4497	0.346166
4498	0.346115
4499	0.346111
4500	0.346076
4501	0.346073
4502	0.345956
4503	0.345892
4504	0.345752
4505	0.345725
4506	0.345713
4507	0.345689
4508	0.345629
4509	0.345501
4510	0.345412
4511	0.345228
4512	0.345228
4513	0.345192
4514	0.345070
4515	0.344943
4516	0.344899
4517	0.344890
4518	0.344725
4519	0.344601
4520	0.344591
4521	0.344537
4522	0.344455
4523	0.344422
4524	0.344411
4525	0.344271
4526	0.344180
4527	0.344169
4528	0.344143
4529	0.343985
4530	0.343943
4531	0.343899
4532	0.343828
4533	0.343754
4534	0.343701
4535	0.343581
4536	0.343575
4537	0.343421
4538	0.343161
4539	0.343141
4540	0.343136
4541	0.342999
4542	0.342949
4543	0.342927
4544	0.342779
4545	0.342721
4546	0.342687
4547	0.342626
4548	0.342587
4549	0.342573
4550	0.342556
4551	0.342513
4552	0.342417
4553	0.342412
4554	0.342360
4555	0.342348
4556	0.342338
4557	0.342318
4558	0.342229
4559	0.342075
4560	0.341942
4561	0.341903
4562	0.341899
4563	0.341888
4564	0.341860
4565	0.341811
4566	0.341800
4567	0.341727
4568	0.341690
4569	0.341630
4570	0.341620
4571	0.341438
4572	0.341344
4573	0.341291
4574	0.341220
4575	0.341210
4576	0.341136
4577	0.341016
4578	0.340892
4579	0.340785
4580	0.340769
4581	0.340761
4582	0.340675
4583	0.340585
4584	0.340566
4585	0.340482
4586	0.340447
4587	0.340407
4588	0.340334
4589	0.340278
4590	0.340248
4591	0.340035
4592	0.340024
4593	0.339937
4594	0.339894
4595	0.339810
4596	0.339780
4597	0.339777
4598	0.339718
4599	0.339618
4600	0.339604
4601	0.339311
4602	0.338937
4603	0.338923
4604	0.338649
4605	0.338608
4606	0.338275
4607	0.338271
4608	0.338107
4609	0.338100
4610	0.338048
4611	0.338037
4612	0.337925
4613	0.337906
4614	0.337796
4615	0.337749
4616	0.337642
4617	0.337584
4618	0.337500
4619	0.337323
4620	0.337102
4621	0.337101
4622	0.337097
4623	0.337070
4624	0.336989
4625	0.336956
4626	0.336951
4627	0.336860
4628	0.336717
4629	0.336711
4630	0.336598
4631	0.336566
4632	0.336364
4633	0.336252
4634	0.335930
4635	0.335876
4636	0.335712
4637	0.335598
4638	0.335584
4639	0.335574
4640	0.335567
4641	0.335270
4642	0.335197
4643	0.335186
4644	0.335109
4645	0.335028
4646	0.334979
4647	0.334878
4648	0.334871
4649	0.334863
4650	0.334802
4651	0.334748
4652	0.334743
4653	0.334688
4654	0.334651
4655	0.334649
4656	0.334608
4657	0.334498
4658	0.334482
4659	0.334383
4660	0.334325
4661	0.334306
4662	0.334238
4663	0.334135
4664	0.334084
4665	0.333997
4666	0.333925
4667	0.333907
4668	0.333871
4669	0.333821
4670	0.333786
4671	0.333743
4672	0.333609
4673	0.333600
4674	0.333593
4675	0.333490
4676	0.333383
4677	0.333382
4678	0.333292
4679	0.333272
4680	0.333269
4681	0.333226
4682	0.333082
4683	0.332779
4684	0.332751
4685	0.332714
4686	0.332547
4687	0.332471
4688	0.332446
4689	0.332365
4690	0.332297
4691	0.332286
4692	0.332285
4693	0.332213
4694	0.332161
4695	0.332062
4696	0.332035
4697	0.332026
4698	0.331979
4699	0.331897
4700	0.331757
4701	0.331718
4702	0.331634
4703	0.331511
4704	0.331385
4705	0.331308
4706	0.331231
4707	0.331155
4708	0.331148
4709	0.331062
4710	0.330980
4711	0.330974
4712	0.330742
4713	0.330740
4714	0.330636
4715	0.330492
4716	0.330490
4717	0.330467
4718	0.330319
4719	0.330252
4720	0.330186
4721	0.330183
4722	0.330071
4723	0.329955
4724	0.329945
4725	0.329846
4726	0.329803
4727	0.329774
4728	0.329768
4729	0.329711
4730	0.329703
4731	0.329649
4732	0.329599
4733	0.329565
4734	0.329421
4735	0.329339
4736	0.329294
4737	0.329102
4738	0.329071
4739	0.328899
4740	0.328872
4741	0.328847
4742	0.328713
4743	0.328680
4744	0.328659
4745	0.328642
4746	0.328416
4747	0.328386
4748	0.328268
4749	0.328245
4750	0.328227
4751	0.328209
4752	0.328148
4753	0.328078
4754	0.328020
4755	0.327902
4756	0.327873
4757	0.327831
4758	0.327752
4759	0.327564
4760	0.327357
4761	0.327323
4762	0.327283
4763	0.327261
4764	0.327213
4765	0.326937
4766	0.326902
4767	0.326719
4768	0.326717
4769	0.326681
4770	0.326667
4771	0.326612
4772	0.326524
4773	0.326507
4774	0.326478
4775	0.326200
4776	0.326040
4777	0.325929
4778	0.325916
4779	0.325889
4780	0.325860
4781	0.325548
4782	0.325545
4783	0.325536
4784	0.325444
4785	0.325388
4786	0.325379
4787	0.325338
4788	0.325258
4789	0.325226
4790	0.325149
4791	0.325089
4792	0.324939
4793	0.324915
4794	0.324781
4795	0.324487
4796	0.324403
4797	0.324283
4798	0.324141
4799	0.324110
4800	0.324058
4801	0.323914
4802	0.323834
4803	0.323807
4804	0.323695
4805	0.323681
4806	0.323575
4807	0.323371
4808	0.323365
4809	0.323348
4810	0.323146
4811	0.323092
4812	0.322979
4813	0.322958
4814	0.322952
4815	0.322852
4816	0.322795
4817	0.322767
4818	0.322472
4819	0.322446
4820	0.322335
4821	0.322264
4822	0.322203
4823	0.321806
4824	0.321630
4825	0.321579
4826	0.321564
4827	0.321468
4828	0.321429
4829	0.321363
4830	0.321035
4831	0.321000
4832	0.320994
4833	0.320774
4834	0.320712
4835	0.320610
4836	0.320497
4837	0.320425
4838	0.320400
4839	0.320348
4840	0.320344
4841	0.320212
4842	0.320022
4843	0.319860
4844	0.319799
4845	0.319737
4846	0.319716
4847	0.319524
4848	0.319492
4849	0.319470
4850	0.319397
4851	0.319395
4852	0.319296
4853	0.319280
4854	0.319222
4855	0.319220
4856	0.319145
4857	0.318509
4858	0.318455
4859	0.318432
4860	0.318404
4861	0.318325
4862	0.318311
4863	0.318234
4864	0.318160
4865	0.317935
4866	0.317922
4867	0.317815
4868	0.317741
4869	0.317667
4870	0.317663
4871	0.317370
4872	0.317350
4873	0.317315
4874	0.317134
4875	0.317036
4876	0.317013
4877	0.316984
4878	0.316974
4879	0.316759
4880	0.316524
4881	0.316424
4882	0.316351
4883	0.316349
4884	0.316336
4885	0.316198
4886	0.316157
4887	0.316137
4888	0.316123
4889	0.316058
4890	0.316053
4891	0.316043
4892	0.315982
4893	0.315866
4894	0.315796
4895	0.315735
4896	0.315403
4897	0.315342
4898	0.315302
4899	0.315169
4900	0.315024
4901	0.315008
4902	0.314964
4903	0.314802
4904	0.314724
4905	0.314723
4906	0.314669
4907	0.314642
4908	0.314639
4909	0.314619
4910	0.314607
4911	0.314436
4912	0.314397
4913	0.314326
4914	0.314295
4915	0.314217
4916	0.314108
4917	0.314012
4918	0.313849
4919	0.313794
4920	0.313566
4921	0.313368
4922	0.313321
4923	0.313209
4924	0.313178
4925	0.313049
4926	0.312974
4927	0.312950
4928	0.312902
4929	0.312844
4930	0.312829
4931	0.312640
4932	0.312404
4933	0.312379
4934	0.312318
4935	0.312285
4936	0.312273
4937	0.312220
4938	0.312202
4939	0.312174
4940	0.312087
4941	0.312032
4942	0.311748
4943	0.311581
4944	0.311578
4945	0.311526
4946	0.311444
4947	0.311385
4948	0.311371
4949	0.311368
4950	0.311358
4951	0.311343
4952	0.311234
4953	0.311211
4954	0.311104
4955	0.311087
4956	0.311061
4957	0.311029
4958	0.311013
4959	0.310779
4960	0.310741
4961	0.310478
4962	0.310469
4963	0.310392
4964	0.310333
4965	0.310320
4966	0.310190
4967	0.310160
4968	0.309878
4969	0.309779
4970	0.309776
4971	0.309578
4972	0.309410
4973	0.309347
4974	0.309329
4975	0.309183
4976	0.309174
4977	0.309033
4978	0.308950
4979	0.308887
4980	0.308314
4981	0.308228
4982	0.308061
4983	0.308058
4984	0.308028
4985	0.308018
4986	0.308005
4987	0.307930
4988	0.307926
4989	0.307840
4990	0.307790
4991	0.307683
4992	0.307660
4993	0.307565
4994	0.307523
4995	0.307446
4996	0.307419
4997	0.307407
4998	0.307379
4999	0.307350
5000	0.307346
5001	0.307270
5002	0.307038
5003	0.307000
5004	0.306967
5005	0.306946
5006	0.306837
5007	0.306607
5008	0.306537
5009	0.306301
5010	0.306293
5011	0.306139
5012	0.306044
5013	0.306025
5014	0.305902
5015	0.305883
5016	0.305846
5017	0.305828
5018	0.305704
5019	0.305639
5020	0.305596
5021	0.305543
5022	0.305487
5023	0.305485
5024	0.305404
5025	0.305293
5026	0.305145
5027	0.304904
5028	0.304691
5029	0.304679
5030	0.304593
5031	0.304476
5032	0.304439
5033	0.304172
5034	0.304119
5035	0.303995
5036	0.303887
5037	0.303739
5038	0.303700
5039	0.303660
5040	0.303281
5041	0.303047
5042	0.302804
5043	0.302772
5044	0.302769
5045	0.302644
5046	0.302509
5047	0.302502
5048	0.302499
5049	0.302499
5050	0.302492
5051	0.302390
5052	0.302279
5053	0.302119
5054	0.302029
5055	0.301957
5056	0.301883
5057	0.301848
5058	0.301779
5059	0.301752
5060	0.301493
5061	0.301431
5062	0.301420
5063	0.301382
5064	0.301298
5065	0.301235
5066	0.301124
5067	0.301046
5068	0.300923
5069	0.300870
5070	0.300827
5071	0.300773
5072	0.300770
5073	0.300713
5074	0.300560
5075	0.300371
5076	0.300193
5077	0.300176
5078	0.300114
5079	0.300047
5080	0.300030
5081	0.299969
5082	0.299963
5083	0.299809
5084	0.299782
5085	0.299614
5086	0.299603
5087	0.299463
5088	0.299359
5089	0.299338
5090	0.299209
5091	0.299200
5092	0.299088
5093	0.299030
5094	0.298900
5095	0.298757
5096	0.298615
5097	0.298287
5098	0.298175
5099	0.298018
5100	0.297692
5101	0.297685
5102	0.297435
5103	0.297420
5104	0.297391
5105	0.297314
5106	0.297218
5107	0.297197
5108	0.297197
5109	0.297174
5110	0.297133
5111	0.297086
5112	0.297071
5113	0.297069
5114	0.297039
5115	0.296994
5116	0.296860
5117	0.296828
5118	0.296772
5119	0.296704
5120	0.296661
5121	0.296592
5122	0.296482
5123	0.296435
5124	0.296116
5125	0.296099
5126	0.296048
5127	0.296042
5128	0.296036
5129	0.295999
5130	0.295967
5131	0.295938
5132	0.295844
5133	0.295787
5134	0.295610
5135	0.295603
5136	0.295509
5137	0.295488
5138	0.295468
5139	0.295211
5140	0.295110
5141	0.295080
5142	0.294775
5143	0.294756
5144	0.294690
5145	0.294605
5146	0.294410
5147	0.294251
5148	0.294184
5149	0.293988
5150	0.293739
5151	0.293617
5152	0.293534
5153	0.293521
5154	0.293455
5155	0.293287
5156	0.293261
5157	0.293135
5158	0.292990
5159	0.292896
5160	0.292816
5161	0.292803
5162	0.292767
5163	0.292659
5164	0.292603
5165	0.292570
5166	0.292544
5167	0.292465
5168	0.292369
5169	0.292355
5170	0.292067
5171	0.291786
5172	0.291592
5173	0.291354
5174	0.291305
5175	0.291284
5176	0.291161
5177	0.291121
5178	0.290865
5179	0.290864
5180	0.290779
5181	0.290720
5182	0.290669
5183	0.290633
5184	0.290608
5185	0.290403
5186	0.290368
5187	0.290313
5188	0.290231
5189	0.290137
5190	0.290037
5191	0.290008
5192	0.289952
5193	0.289788
5194	0.289655
5195	0.289579
5196	0.289458
5197	0.289405
5198	0.289335
5199	0.288771
5200	0.288760
5201	0.288661
5202	0.288657
5203	0.288450
5204	0.288359
5205	0.288162
5206	0.288158
5207	0.287986
5208	0.287966
5209	0.287921
5210	0.287863
5211	0.287672
5212	0.287626
5213	0.287566
5214	0.287476
5215	0.287473
5216	0.287453
5217	0.287446
5218	0.287348
5219	0.287346
5220	0.287313
5221	0.287271
5222	0.287252
5223	0.287170
5224	0.287101
5225	0.287051
5226	0.287043
5227	0.286909
5228	0.286865
5229	0.286767
5230	0.286750
5231	0.286657
5232	0.286362
5233	0.286271
5234	0.286264
5235	0.286105
5236	0.286104
5237	0.286049
5238	0.286046
5239	0.286021
5240	0.286014
5241	0.286010
5242	0.285920
5243	0.285902
5244	0.285836
5245	0.285762
5246	0.285698
5247	0.285648
5248	0.285561
5249	0.285445
5250	0.285434
5251	0.285432
5252	0.285429
5253	0.285321
5254	0.285227
5255	0.285151
5256	0.285103
5257	0.285078
5258	0.285017
5259	0.285004
5260	0.284919
5261	0.284889
5262	0.284845
5263	0.284521
5264	0.284518
5265	0.284455
5266	0.284438
5267	0.284072
5268	0.283995
5269	0.283887
5270	0.283857
5271	0.283831
5272	0.283583
5273	0.283565
5274	0.283461
5275	0.283144
5276	0.283122
5277	0.283100
5278	0.283090
5279	0.283055
5280	0.283042
5281	0.283021
5282	0.283006
5283	0.282895
5284	0.282890
5285	0.282886
5286	0.282792
5287	0.282607
5288	0.282576
5289	0.282488
5290	0.282460
5291	0.282295
5292	0.282256
5293	0.282208
5294	0.282196
5295	0.282153
5296	0.282137
5297	0.282106
5298	0.282052
5299	0.282048
5300	0.281943
5301	0.281938
5302	0.281918
5303	0.281879
5304	0.281829
5305	0.281479
5306	0.281391
5307	0.281382
5308	0.281297
5309	0.281225
5310	0.281177
5311	0.281167
5312	0.281131
5313	0.280984
5314	0.280957
5315	0.280914
5316	0.280851
5317	0.280660
5318	0.280614
5319	0.280610
5320	0.280488
5321	0.280423
5322	0.280377
5323	0.280251
5324	0.280157
5325	0.280149
5326	0.280117
5327	0.279954
5328	0.279903
5329	0.279743
5330	0.279420
5331	0.279383
5332	0.279379
5333	0.279313
5334	0.279287
5335	0.279214
5336	0.279208
5337	0.279182
5338	0.279163
5339	0.279060
5340	0.278802
5341	0.278592
5342	0.278356
5343	0.278308
5344	0.278270
5345	0.278261
5346	0.278260
5347	0.278032
5348	0.277895
5349	0.277623
5350	0.277600
5351	0.277576
5352	0.277526
5353	0.277443
5354	0.277216
5355	0.277152
5356	0.277067
5357	0.277039
5358	0.276878
5359	0.276866
5360	0.276800
5361	0.276681
5362	0.276544
5363	0.276452
5364	0.276312
5365	0.276219
5366	0.276158
5367	0.276066
5368	0.275969
5369	0.275904
5370	0.275867
5371	0.275795
5372	0.275667
5373	0.275655
5374	0.275601
5375	0.275465
5376	0.275453
5377	0.275446
5378	0.275268
5379	0.275261
5380	0.275106
5381	0.275106
5382	0.275094
5383	0.275050
5384	0.274892
5385	0.274800
5386	0.274628
5387	0.274584
5388	0.274538
5389	0.274357
5390	0.274301
5391	0.274215
5392	0.274155
5393	0.274129
5394	0.274100
5395	0.273874
5396	0.273778
5397	0.273766
5398	0.273739
5399	0.273655
5400	0.273541
5401	0.273419
5402	0.273389
5403	0.273346
5404	0.273343
5405	0.273261
5406	0.273248
5407	0.273179
5408	0.273155
5409	0.273138
5410	0.273065
5411	0.273008
5412	0.273006
5413	0.273004
5414	0.272827
5415	0.272770
5416	0.272725
5417	0.272694
5418	0.272548
5419	0.272369
5420	0.272344
5421	0.272173
5422	0.272130
5423	0.272125
5424	0.272074
5425	0.271976
5426	0.271761
5427	0.271735
5428	0.271690
5429	0.271585
5430	0.271530
5431	0.271521
5432	0.271478
5433	0.271367
5434	0.271219
5435	0.271199
5436	0.271131
5437	0.270962
5438	0.270947
5439	0.270947
5440	0.270920
5441	0.270814
5442	0.270788
5443	0.270735
5444	0.270649
5445	0.270524
5446	0.270463
5447	0.270430
5448	0.270424
5449	0.270392
5450	0.270038
5451	0.270028
5452	0.269975
5453	0.269885
5454	0.269775
5455	0.269601
5456	0.269578
5457	0.269558
5458	0.269394
5459	0.269169
5460	0.269101
5461	0.269097
5462	0.269021
5463	0.268962
5464	0.268878
5465	0.268695
5466	0.268658
5467	0.268550
5468	0.268505
5469	0.268448
5470	0.268173
5471	0.267321
5472	0.267176
5473	0.267145
5474	0.267081
5475	0.267058
5476	0.266998
5477	0.266962
5478	0.266876
5479	0.266832
5480	0.266602
5481	0.266364
5482	0.266362
5483	0.266296
5484	0.266279
5485	0.266176
5486	0.266156
5487	0.266074
5488	0.265912
5489	0.265895
5490	0.265879
5491	0.265644
5492	0.265549
5493	0.265416
5494	0.265298
5495	0.265290
5496	0.265210
5497	0.265204
5498	0.265086
5499	0.264982
5500	0.264850
5501	0.264832
5502	0.264757
5503	0.264686
5504	0.264637
5505	0.264556
5506	0.264340
5507	0.264311
5508	0.264309
5509	0.264230
5510	0.264218
5511	0.264188
5512	0.264101
5513	0.263873
5514	0.263616
5515	0.263508
5516	0.263475
5517	0.263245
5518	0.263191
5519	0.263151
5520	0.262693
5521	0.262568
5522	0.262472
5523	0.262417
5524	0.262399
5525	0.262380
5526	0.262373
5527	0.262340
5528	0.262275
5529	0.262254
5530	0.261892
5531	0.261704
5532	0.261678
5533	0.261673
5534	0.261605
5535	0.261594
5536	0.261351
5537	0.261279
5538	0.261211
5539	0.261102
5540	0.261037
5541	0.260983
5542	0.260973
5543	0.260965
5544	0.260875
5545	0.260782
5546	0.260665
5547	0.260607
5548	0.260523
5549	0.260228
5550	0.260197
5551	0.260095
5552	0.260021
5553	0.259963
5554	0.259940
5555	0.259901
5556	0.259871
5557	0.259845
5558	0.259831
5559	0.259595
5560	0.259549
5561	0.259534
5562	0.259436
5563	0.259389
5564	0.259350
5565	0.259233
5566	0.259189
5567	0.259005
5568	0.258949
5569	0.258865
5570	0.258830
5571	0.258818
5572	0.258637
5573	0.258571
5574	0.258381
5575	0.258083
5576	0.257524
5577	0.257232
5578	0.257221
5579	0.256988
5580	0.256952
5581	0.256897
5582	0.256794
5583	0.256591
5584	0.256586
5585	0.256582
5586	0.256331
5587	0.256228
5588	0.256157
5589	0.256019
5590	0.255900
5591	0.255885
5592	0.255727
5593	0.255388
5594	0.255286
5595	0.255166
5596	0.254837
5597	0.254745
5598	0.254732
5599	0.254666
5600	0.254557
5601	0.254548
5602	0.254459
5603	0.254450
5604	0.254418
5605	0.254334
5606	0.254193
5607	0.254165
5608	0.254157
5609	0.254114
5610	0.254009
5611	0.253987
5612	0.253610
5613	0.253205
5614	0.253182
5615	0.253114
5616	0.253065
5617	0.252804
5618	0.252777
5619	0.252441
5620	0.252012
5621	0.251657
5622	0.251563
5623	0.251525
5624	0.251496
5625	0.251267
5626	0.251230
5627	0.251059
5628	0.251047
5629	0.250864
5630	0.250814
5631	0.250780
5632	0.250737
5633	0.250722
5634	0.250676
5635	0.250608
5636	0.250523
5637	0.250450
5638	0.250389
5639	0.250247
5640	0.250135
5641	0.249827
5642	0.249735
5643	0.249683
5644	0.249621
5645	0.249590
5646	0.249511
5647	0.249100
5648	0.248859
5649	0.248787
5650	0.248671
5651	0.248655
5652	0.248505
5653	0.248015
5654	0.247812
5655	0.247781
5656	0.247772
5657	0.247552
5658	0.247376
5659	0.247216
5660	0.247146
5661	0.247059
5662	0.246990
5663	0.246937
5664	0.246840
5665	0.246808
5666	0.246606
5667	0.246579
5668	0.246562
5669	0.246553
5670	0.246491
5671	0.246281
5672	0.246277
5673	0.245957
5674	0.245616
5675	0.245565
5676	0.245384
5677	0.245324
5678	0.245268
5679	0.244836
5680	0.244780
5681	0.244771
5682	0.244631
5683	0.244448
5684	0.244422
5685	0.244161
5686	0.244150
5687	0.244090
5688	0.244029
5689	0.243994
5690	0.243777
5691	0.243718
5692	0.243557
5693	0.243518
5694	0.243501
5695	0.243476
5696	0.243309
5697	0.243285
5698	0.243046
5699	0.243007
5700	0.242996
5701	0.242548
5702	0.242361
5703	0.242247
5704	0.242194
5705	0.242064
5706	0.241883
5707	0.241376
5708	0.241263
5709	0.240936
5710	0.240862
5711	0.240833
5712	0.240605
5713	0.240347
5714	0.240253
5715	0.240227
5716	0.240165
5717	0.239695
5718	0.239648
5719	0.239617
5720	0.239285
5721	0.239016
5722	0.238578
5723	0.238560
5724	0.238281
5725	0.237600
5726	0.237489
5727	0.237443
5728	0.237250
5729	0.237224
5730	0.237170
5731	0.236747
5732	0.236428
5733	0.235754
5734	0.235623
5735	0.235509
5736	0.235362
5737	0.234940
5738	0.234612
5739	0.234602
5740	0.234167
5741	0.234133
5742	0.234115
5743	0.233912
5744	0.233784
5745	0.233399
5746	0.233335
5747	0.233237
5748	0.232856
5749	0.232814
5750	0.232808
5751	0.232787
5752	0.232784
5753	0.232633
5754	0.232350
5755	0.232086
5756	0.232061
5757	0.231931
5758	0.231627
5759	0.231548
5760	0.231044
5761	0.230962
5762	0.230906
5763	0.230310
5764	0.230175
5765	0.230089
5766	0.229996
5767	0.229949
5768	0.229582
5769	0.229577
5770	0.229353
5771	0.229250
5772	0.229098
5773	0.229082
5774	0.229042
5775	0.228895
5776	0.228817
5777	0.228698
5778	0.228063
5779	0.227919
5780	0.227848
5781	0.227799
5782	0.227769
5783	0.227530
5784	0.227011
5785	0.226957
5786	0.226947
5787	0.226879
5788	0.226781
5789	0.226541
5790	0.226381
5791	0.226249
5792	0.226083
5793	0.226052
5794	0.225997
5795	0.225923
5796	0.225884
5797	0.225546
5798	0.225537
5799	0.225305
5800	0.225252
5801	0.225181
5802	0.225017
5803	0.224987
5804	0.224919
5805	0.224685
5806	0.224503
5807	0.224239
5808	0.224161
5809	0.224109
5810	0.223962
5811	0.223889
5812	0.223864
5813	0.223780
5814	0.223665
5815	0.223558
5816	0.223556
5817	0.223363
5818	0.223260
5819	0.223252
5820	0.223250
5821	0.223188
5822	0.223080
5823	0.222633
5824	0.222572
5825	0.222438
5826	0.222414
5827	0.222214
5828	0.221545
5829	0.220953
5830	0.220907
5831	0.220894
5832	0.220446
5833	0.220249
5834	0.220236
5835	0.220069
5836	0.219766
5837	0.219750
5838	0.219711
5839	0.219631
5840	0.219499
5841	0.219196
5842	0.219105
5843	0.218761
5844	0.218332
5845	0.218208
5846	0.218105
5847	0.217955
5848	0.217759
5849	0.217757
5850	0.217713
5851	0.217693
5852	0.217676
5853	0.217636
5854	0.217521
5855	0.217310
5856	0.217091
5857	0.217085
5858	0.216942
5859	0.216624
5860	0.216544
5861	0.216486
5862	0.216308
5863	0.216192
5864	0.216060
5865	0.215898
5866	0.215688
5867	0.215525
5868	0.215244
5869	0.215088
5870	0.215024
5871	0.213841
5872	0.213726
5873	0.213723
5874	0.213720
5875	0.213263
5876	0.212778
5877	0.212606
5878	0.212589
5879	0.212575
5880	0.212386
5881	0.212342
5882	0.212341
5883	0.212290
5884	0.211829
5885	0.211045
5886	0.210909
5887	0.210852
5888	0.210721
5889	0.210294
5890	0.210240
5891	0.210237
5892	0.210078
5893	0.209966
5894	0.209931
5895	0.209810
5896	0.209449
5897	0.209328
5898	0.209142
5899	0.208968
5900	0.208852
5901	0.208656
5902	0.208555
5903	0.208380
5904	0.208228
5905	0.208033
5906	0.207932
5907	0.207722
5908	0.207545
5909	0.207323
5910	0.207243
5911	0.206654
5912	0.206430
5913	0.206195
5914	0.205801
5915	0.205772
5916	0.204235
5917	0.204172
5918	0.204013
5919	0.203435
5920	0.203394
5921	0.203125
5922	0.203104
5923	0.202996
5924	0.202877
5925	0.202870
5926	0.202728
5927	0.202676
5928	0.202592
5929	0.202131
5930	0.202094
5931	0.202069
5932	0.201555
5933	0.201487
5934	0.201408
5935	0.201249
5936	0.201246
5937	0.201046
5938	0.200870
5939	0.200853
5940	0.200764
5941	0.200568
5942	0.200265
5943	0.200203
5944	0.200138
5945	0.199930
5946	0.199648
5947	0.199444
5948	0.199385
5949	0.199203
5950	0.199161
5951	0.199075
5952	0.198957
5953	0.198889
5954	0.198823
5955	0.198666
5956	0.198651
5957	0.198197
5958	0.198188
5959	0.198050
5960	0.198048
5961	0.197977
5962	0.197692
5963	0.197268
5964	0.197087
5965	0.197059
5966	0.196883
5967	0.196770
5968	0.196702
5969	0.196390
5970	0.196377
5971	0.196324
5972	0.196178
5973	0.195852
5974	0.195201
5975	0.195067
5976	0.194978
5977	0.194874
5978	0.194839
5979	0.193893
5980	0.193597
5981	0.193049
5982	0.192898
5983	0.192806
5984	0.192688
5985	0.192458
5986	0.192236
5987	0.192035
5988	0.191999
5989	0.191880
5990	0.191486
5991	0.191377
5992	0.191348
5993	0.191091
5994	0.190994
5995	0.190936
5996	0.190594
5997	0.190334
5998	0.190134
5999	0.190130
6000	0.189910
6001	0.189353
6002	0.189312
6003	0.189248
6004	0.188920
6005	0.188828
6006	0.188643
6007	0.188134
6008	0.188104
6009	0.188018
6010	0.187728
6011	0.187611
6012	0.187605
6013	0.187372
6014	0.187173
6015	0.187055
6016	0.185736
6017	0.185121
6018	0.184731
6019	0.184229
6020	0.184008
6021	0.183740
6022	0.182504
6023	0.182394
6024	0.182059
6025	0.181038
6026	0.180329
6027	0.179779
6028	0.179657
6029	0.179449
6030	0.179340
6031	0.179236
6032	0.179100
6033	0.179026
6034	0.178234
6035	0.172262
6036	0.171069
6037	0.170092
6038	0.169750
6039	0.157731
