1	0.100000
2	0.040000
3	0.080000
4	0.050000
5	0.070000
6	0.040000
7	0.080000
8	0.040000
9	0.090000
10	0.530000
11	0.080000
12	0.060000
13	0.090000
14	0.030000
15	0.150000
16	0.090000
17	0.190000
18	0.020000
19	0.170000
20	0.030000
21	0.050000
22	0.210000
23	0.200000
24	0.150000
25	0.070000
26	0.300000
27	0.110000
28	0.090000
29	0.180000
30	0.060000
31	0.100000
32	0.060000
33	0.330000
34	0.020000
35	0.100000
36	0.250000
37	0.050000
38	0.110000
39	0.150000
40	0.060000
41	0.020000
42	0.150000
43	0.060000
44	0.170000
45	0.180000
46	0.030000
47	0.030000
48	0.260000
49	0.110000
50	0.030000
51	0.070000
52	0.090000
53	0.040000
54	0.080000
55	0.070000
56	0.100000
57	0.030000
58	0.300000
59	0.240000
60	0.020000
61	0.030000
62	0.160000
63	0.110000
64	0.040000
65	0.110000
66	0.040000
67	0.070000
68	0.150000
69	0.110000
70	0.150000
71	0.090000
72	0.080000
73	0.170000
74	0.040000
75	0.150000
76	0.060000
77	0.100000
78	0.180000
79	0.010000
80	0.030000
81	0.180000
82	0.150000
83	0.020000
84	0.070000
85	0.070000
86	0.050000
87	0.110000
88	0.100000
89	0.000000
90	0.060000
91	0.090000
92	0.190000
93	0.250000
94	0.040000
95	0.120000
96	0.140000
97	0.230000
98	0.040000
99	0.120000
100	0.100000
101	0.110000
102	0.030000
103	0.170000
104	0.070000
105	0.080000
106	0.080000
107	0.120000
108	0.010000
109	0.120000
110	0.070000
111	0.100000
112	0.000000
113	0.040000
114	0.150000
115	0.010000
116	0.030000
117	0.370000
118	0.090000
119	0.090000
120	0.150000
121	0.140000
122	0.100000
123	0.340000
124	0.030000
125	0.140000
126	0.020000
127	0.150000
128	0.040000
129	0.110000
130	0.260000
131	0.170000
132	0.160000
133	0.060000
134	0.170000
135	0.150000
136	0.310000
137	0.140000
138	0.060000
139	0.150000
140	0.050000
141	0.000000
142	0.090000
143	0.070000
144	0.010000
145	0.080000
146	0.290000
147	0.180000
148	0.320000
149	0.330000
150	0.210000
151	0.170000
152	0.060000
153	0.040000
154	0.060000
155	0.000000
156	0.100000
157	0.220000
158	0.060000
159	0.090000
160	0.010000
161	0.150000
162	0.110000
163	0.210000
164	0.010000
165	0.070000
166	0.100000
167	0.000000
168	0.020000
169	0.270000
170	0.100000
171	0.010000
172	0.050000
173	0.380000
174	0.170000
175	0.280000
176	0.090000
177	0.080000
178	0.050000
179	0.110000
180	0.030000
181	0.150000
182	0.190000
183	0.040000
184	0.080000
185	0.090000
186	0.040000
187	0.350000
188	0.130000
189	0.030000
190	0.080000
191	0.010000
192	0.330000
193	0.200000
194	0.060000
195	0.440000
196	0.050000
197	0.040000
198	0.180000
199	0.180000
200	0.060000
201	0.060000
202	0.140000
203	0.010000
204	0.210000
205	0.200000
206	0.080000
207	0.020000
208	0.180000
209	0.040000
210	0.140000
211	0.020000
212	0.080000
213	0.040000
214	0.020000
215	0.060000
216	0.220000
217	0.000000
218	0.160000
219	0.100000
220	0.090000
221	0.010000
222	0.100000
223	0.170000
224	0.190000
225	0.220000
226	0.040000
227	0.060000
228	0.060000
229	0.120000
230	0.050000
231	0.110000
232	0.120000
233	0.080000
234	0.020000
235	0.190000
236	0.120000
237	0.100000
238	0.110000
239	0.060000
240	0.090000
241	0.010000
242	0.090000
243	0.090000
244	0.060000
245	0.440000
246	0.060000
247	0.040000
248	0.030000
249	0.100000
250	0.000000
251	0.030000
252	0.060000
253	0.050000
254	0.030000
255	0.300000
256	0.110000
257	0.060000
258	0.180000
259	0.130000
260	0.090000
261	0.000000
262	0.090000
263	0.180000
264	0.420000
265	0.170000
266	0.100000
267	0.050000
268	0.010000
269	0.020000
270	0.160000
271	0.180000
272	0.360000
273	0.150000
274	0.100000
275	0.170000
276	0.000000
277	0.060000
278	0.240000
279	0.000000
280	0.090000
281	0.120000
282	0.010000
283	0.050000
284	0.370000
285	0.120000
286	0.070000
287	0.120000
288	0.110000
289	0.120000
290	0.010000
291	0.070000
292	0.060000
293	0.110000
294	0.080000
295	0.190000
296	0.080000
297	0.070000
298	0.020000
299	0.160000
300	0.150000
301	0.150000
302	0.320000
303	0.100000
304	0.010000
305	0.070000
306	0.130000
307	0.220000
308	0.090000
309	0.120000
310	0.120000
311	0.050000
312	0.040000
313	0.020000
314	0.310000
315	0.010000
316	0.170000
317	0.030000
318	0.030000
319	0.260000
320	0.030000
321	0.240000
322	0.040000
323	0.120000
324	0.020000
325	0.020000
326	0.470000
327	0.150000
328	0.070000
329	0.240000
330	0.060000
331	0.190000
332	0.070000
333	0.140000
334	0.050000
335	0.050000
336	0.200000
337	0.180000
338	0.200000
339	0.120000
340	0.070000
341	0.030000
342	0.210000
343	0.120000
344	0.100000
345	0.030000
346	0.040000
347	0.100000
348	0.070000
349	0.270000
350	0.120000
351	0.030000
352	0.100000
353	0.040000
354	0.120000
355	0.290000
356	0.000000
357	0.020000
358	0.080000
359	0.090000
360	0.060000
361	0.010000
362	0.090000
363	0.010000
364	0.050000
365	0.030000
366	0.200000
367	0.030000
368	0.350000
369	0.090000
370	0.150000
371	0.120000
372	0.060000
373	0.080000
374	0.070000
375	0.060000
376	0.140000
377	0.190000
378	0.070000
379	0.070000
380	0.120000
381	0.080000
382	0.020000
383	0.050000
384	0.030000
385	0.150000
386	0.180000
387	0.050000
388	0.120000
389	0.040000
390	0.150000
391	0.040000
392	0.240000
393	0.080000
394	0.080000
395	0.060000
396	0.040000
397	0.050000
398	0.170000
399	0.060000
400	0.100000
401	0.040000
402	0.120000
403	0.170000
404	0.030000
405	0.000000
406	0.270000
407	0.020000
408	0.090000
409	0.170000
410	0.150000
411	0.350000
412	0.220000
413	0.030000
414	0.060000
415	0.170000
416	0.100000
417	0.040000
418	0.060000
419	0.180000
420	0.110000
421	0.010000
422	0.050000
423	0.160000
424	0.530000
425	0.090000
426	0.150000
427	0.010000
428	0.060000
429	0.170000
430	0.070000
431	0.200000
432	0.050000
433	0.000000
434	0.070000
435	0.210000
436	0.130000
437	0.070000
438	0.250000
439	0.060000
440	0.030000
441	0.070000
442	0.250000
443	0.030000
444	0.130000
445	0.200000
446	0.050000
447	0.010000
448	0.070000
449	0.100000
450	0.070000
451	0.210000
452	0.070000
453	0.260000
454	0.270000
455	0.040000
456	0.150000
457	0.170000
458	0.000000
459	0.090000
460	0.080000
461	0.230000
462	0.110000
463	0.040000
464	0.080000
465	0.050000
466	0.120000
467	0.080000
468	0.030000
469	0.080000
470	0.110000
471	0.080000
472	0.060000
473	0.070000
474	0.090000
475	0.060000
476	0.080000
477	0.170000
478	0.080000
479	0.150000
480	0.070000
481	0.130000
482	0.510000
483	0.050000
484	0.070000
485	0.030000
486	0.070000
487	0.050000
488	0.050000
489	0.060000
490	0.120000
491	0.040000
492	0.100000
493	0.110000
494	0.000000
495	0.060000
496	0.090000
497	0.010000
498	0.050000
499	0.180000
500	0.070000
501	0.010000
502	0.050000
503	0.020000
504	0.030000
505	0.030000
506	0.240000
507	0.060000
508	0.200000
509	0.290000
510	0.040000
511	0.030000
512	0.000000
513	0.060000
514	0.080000
515	0.160000
516	0.170000
517	0.070000
518	0.110000
519	0.060000
520	0.040000
521	0.060000
522	0.140000
523	0.090000
524	0.160000
525	0.050000
526	0.110000
527	0.040000
528	0.170000
529	0.190000
530	0.070000
531	0.430000
532	0.060000
533	0.470000
534	0.090000
535	0.040000
536	0.110000
537	0.110000
538	0.040000
539	0.060000
540	0.090000
541	0.160000
542	0.040000
543	0.310000
544	0.100000
545	0.050000
546	0.100000
547	0.190000
548	0.080000
549	0.310000
550	0.230000
551	0.100000
552	0.020000
553	0.040000
554	0.120000
555	0.060000
556	0.120000
557	0.080000
558	0.370000
559	0.040000
560	0.180000
561	0.030000
562	0.080000
563	0.530000
564	0.100000
565	0.050000
566	0.240000
567	0.040000
568	0.050000
569	0.010000
570	0.110000
571	0.030000
572	0.010000
573	0.060000
574	0.060000
575	0.210000
576	0.060000
577	0.220000
578	0.070000
579	0.090000
580	0.040000
581	0.040000
582	0.140000
583	0.060000
584	0.070000
585	0.160000
586	0.030000
587	0.130000
588	0.460000
589	0.010000
590	0.210000
591	0.190000
592	0.040000
593	0.050000
594	0.200000
595	0.120000
596	0.010000
597	0.170000
598	0.070000
599	0.060000
600	0.040000
601	0.110000
602	0.330000
603	0.100000
604	0.100000
605	0.070000
606	0.070000
607	0.050000
608	0.060000
609	0.120000
610	0.190000
611	0.110000
612	0.020000
613	0.030000
614	0.090000
615	0.100000
616	0.050000
617	0.010000
618	0.000000
619	0.030000
620	0.110000
621	0.130000
622	0.080000
623	0.150000
624	0.230000
625	0.030000
626	0.060000
627	0.050000
628	0.100000
629	0.230000
630	0.160000
631	0.150000
632	0.070000
633	0.050000
634	0.120000
635	0.100000
636	0.160000
637	0.390000
638	0.130000
639	0.340000
640	0.060000
641	0.160000
642	0.050000
643	0.190000
644	0.110000
645	0.090000
646	0.300000
647	0.120000
648	0.170000
649	0.050000
650	0.020000
651	0.300000
652	0.110000
653	0.040000
654	0.030000
655	0.240000
656	0.170000
657	0.120000
658	0.080000
659	0.100000
660	0.210000
661	0.140000
662	0.060000
663	0.050000
664	0.150000
665	0.050000
666	0.110000
667	0.100000
668	0.040000
669	0.240000
670	0.120000
671	0.150000
672	0.120000
673	0.020000
674	0.150000
675	0.110000
676	0.330000
677	0.030000
678	0.430000
679	0.130000
680	0.100000
681	0.040000
682	0.120000
683	0.070000
684	0.030000
685	0.170000
686	0.020000
687	0.090000
688	0.050000
689	0.100000
690	0.110000
691	0.050000
692	0.410000
693	0.000000
694	0.060000
695	0.070000
696	0.280000
697	0.000000
698	0.250000
699	0.180000
700	0.010000
701	0.060000
702	0.130000
703	0.020000
704	0.150000
705	0.120000
706	0.140000
707	0.040000
708	0.020000
709	0.020000
710	0.490000
711	0.170000
712	0.230000
713	0.110000
714	0.190000
715	0.090000
716	0.340000
717	0.040000
718	0.180000
719	0.040000
720	0.220000
721	0.280000
722	0.120000
723	0.060000
724	0.050000
725	0.090000
726	0.130000
727	0.220000
728	0.060000
729	0.270000
730	0.050000
731	0.190000
732	0.020000
733	0.050000
734	0.120000
735	0.170000
736	0.120000
737	0.340000
738	0.040000
739	0.160000
740	0.030000
741	0.140000
742	0.110000
743	0.130000
744	0.020000
745	0.010000
746	0.290000
747	0.070000
748	0.070000
749	0.170000
750	0.070000
751	0.010000
752	0.650000
753	0.130000
754	0.130000
755	0.250000
756	0.090000
757	0.260000
758	0.040000
759	0.070000
760	0.030000
761	0.050000
762	0.080000
763	0.040000
764	0.100000
765	0.370000
766	0.120000
767	0.070000
768	0.050000
769	0.080000
770	0.550000
771	0.010000
772	0.110000
773	0.060000
774	0.370000
775	0.040000
776	0.100000
777	0.270000
778	0.110000
779	0.140000
780	0.210000
781	0.090000
782	0.040000
783	0.090000
784	0.020000
785	0.120000
786	0.170000
787	0.080000
788	0.170000
789	0.150000
790	0.060000
791	0.240000
792	0.110000
793	0.180000
794	0.040000
795	0.140000
796	0.140000
797	0.050000
798	0.140000
799	0.030000
800	0.100000
801	0.180000
802	0.240000
803	0.080000
804	0.110000
805	0.090000
806	0.070000
807	0.020000
808	0.130000
809	0.090000
810	0.080000
811	0.130000
812	0.220000
813	0.100000
814	0.070000
815	0.080000
816	0.250000
817	0.150000
818	0.080000
819	0.110000
820	0.160000
821	0.000000
822	0.240000
823	0.170000
824	0.300000
825	0.090000
826	0.010000
827	0.030000
828	0.050000
829	0.220000
830	0.200000
831	0.030000
832	0.160000
833	0.040000
834	0.070000
835	0.030000
836	0.090000
837	0.040000
838	0.040000
839	0.360000
840	0.160000
841	0.030000
842	0.080000
843	0.050000
844	0.030000
845	0.110000
846	0.160000
847	0.100000
848	0.060000
849	0.090000
850	0.010000
851	0.140000
852	0.070000
853	0.120000
854	0.270000
855	0.150000
856	0.010000
857	0.160000
858	0.220000
859	0.130000
860	0.080000
861	0.090000
862	0.100000
863	0.160000
864	0.070000
865	0.040000
866	0.020000
867	0.050000
868	0.130000
869	0.320000
870	0.040000
871	0.100000
872	0.100000
873	0.130000
874	0.020000
875	0.090000
876	0.100000
877	0.190000
878	0.080000
879	0.040000
880	0.040000
881	0.130000
882	0.150000
883	0.040000
884	0.110000
885	0.100000
886	0.030000
887	0.030000
888	0.060000
889	0.200000
890	0.210000
891	0.070000
892	0.070000
893	0.060000
894	0.060000
895	0.040000
896	0.050000
897	0.180000
898	0.040000
899	0.240000
900	0.050000
901	0.040000
902	0.040000
903	0.200000
904	0.180000
905	0.020000
906	0.020000
907	0.060000
908	0.050000
909	0.040000
910	0.110000
911	0.310000
912	0.050000
913	0.020000
914	0.100000
915	0.090000
916	0.110000
917	0.030000
918	0.070000
919	0.180000
920	0.000000
921	0.120000
922	0.340000
923	0.040000
924	0.150000
925	0.070000
926	0.170000
927	0.150000
928	0.090000
929	0.210000
930	0.120000
931	0.190000
932	0.050000
933	0.060000
934	0.050000
935	0.200000
936	0.120000
937	0.130000
938	0.000000
939	0.100000
940	0.250000
941	0.060000
942	0.050000
943	0.060000
944	0.070000
945	0.170000
946	0.070000
947	0.020000
948	0.300000
949	0.400000
950	0.070000
951	0.050000
952	0.100000
953	0.140000
954	0.090000
955	0.160000
956	0.080000
957	0.240000
958	0.180000
959	0.120000
960	0.030000
961	0.120000
962	0.070000
963	0.210000
964	0.080000
965	0.070000
966	0.170000
967	0.040000
968	0.080000
969	0.030000
970	0.200000
971	0.160000
972	0.020000
973	0.170000
974	0.060000
975	0.160000
976	0.160000
977	0.190000
978	0.070000
979	0.080000
980	0.130000
981	0.160000
982	0.070000
983	0.080000
984	0.380000
985	0.090000
986	0.000000
987	0.150000
988	0.100000
989	0.080000
990	0.040000
991	0.080000
992	0.030000
993	0.080000
994	0.080000
995	0.060000
996	0.250000
997	0.040000
998	0.110000
999	0.120000
1000	0.040000
1001	0.230000
1002	0.020000
1003	0.040000
1004	0.300000
1005	0.040000
1006	0.050000
1007	0.010000
1008	0.090000
1009	0.020000
1010	0.390000
1011	0.030000
1012	0.060000
1013	0.020000
1014	0.060000
1015	0.360000
1016	0.030000
1017	0.140000
1018	0.080000
1019	0.390000
1020	0.020000
1021	0.230000
1022	0.060000
1023	0.020000
1024	0.050000
1025	0.080000
1026	0.010000
1027	0.090000
1028	0.080000
1029	0.110000
1030	0.170000
1031	0.220000
1032	0.050000
1033	0.050000
1034	0.180000
1035	0.020000
1036	0.080000
1037	0.030000
1038	0.060000
1039	0.070000
1040	0.100000
1041	0.050000
1042	0.030000
1043	0.010000
1044	0.170000
1045	0.070000
1046	0.000000
1047	0.110000
1048	0.080000
1049	0.000000
1050	0.420000
1051	0.310000
1052	0.100000
1053	0.130000
1054	0.040000
1055	0.010000
1056	0.060000
1057	0.050000
1058	0.210000
1059	0.210000
1060	0.070000
1061	0.050000
1062	0.060000
1063	0.100000
1064	0.130000
1065	0.090000
1066	0.080000
1067	0.100000
1068	0.330000
1069	0.070000
1070	0.000000
1071	0.010000
1072	0.110000
1073	0.110000
1074	0.160000
1075	0.050000
1076	0.050000
1077	0.390000
1078	0.090000
1079	0.120000
1080	0.000000
1081	0.060000
1082	0.080000
1083	0.020000
1084	0.230000
1085	0.020000
1086	0.200000
1087	0.260000
1088	0.660000
1089	0.060000
1090	0.050000
1091	0.070000
1092	0.100000
1093	0.150000
1094	0.110000
1095	0.050000
1096	0.100000
1097	0.170000
1098	0.040000
1099	0.040000
1100	0.340000
1101	0.300000
1102	0.020000
1103	0.030000
1104	0.090000
1105	0.150000
1106	0.090000
1107	0.130000
1108	0.040000
1109	0.040000
1110	0.110000
1111	0.030000
1112	0.620000
1113	0.200000
1114	0.150000
1115	0.020000
1116	0.200000
1117	0.470000
1118	0.000000
1119	0.050000
1120	0.380000
1121	0.170000
1122	0.240000
1123	0.000000
1124	0.420000
1125	0.400000
1126	0.020000
1127	0.080000
1128	0.130000
1129	0.050000
1130	0.180000
1131	0.050000
1132	0.210000
1133	0.080000
1134	0.130000
1135	0.400000
1136	0.070000
1137	0.210000
1138	0.110000
1139	0.100000
1140	0.080000
1141	0.360000
1142	0.230000
1143	0.030000
1144	0.030000
1145	0.070000
1146	0.090000
1147	0.310000
1148	0.130000
1149	0.030000
1150	0.390000
1151	0.120000
1152	0.070000
1153	0.150000
1154	0.020000
1155	0.160000
1156	0.030000
1157	0.050000
1158	0.090000
1159	0.230000
1160	0.250000
1161	0.110000
1162	0.080000
1163	0.020000
1164	0.360000
1165	0.100000
1166	0.040000
1167	0.080000
1168	0.140000
1169	0.030000
1170	0.200000
1171	0.030000
1172	0.250000
1173	0.090000
1174	0.020000
1175	0.060000
1176	0.090000
1177	0.090000
1178	0.020000
1179	0.090000
1180	0.060000
1181	0.400000
1182	0.170000
1183	0.100000
1184	0.160000
1185	0.050000
1186	0.070000
1187	0.030000
1188	0.090000
1189	0.040000
1190	0.020000
1191	0.060000
1192	0.050000
1193	0.170000
1194	0.330000
1195	0.110000
1196	0.120000
1197	0.050000
1198	0.100000
1199	0.030000
1200	0.080000
1201	0.080000
1202	0.380000
1203	0.260000
1204	0.070000
1205	0.090000
1206	0.320000
1207	0.290000
1208	0.010000
1209	0.320000
1210	0.050000
1211	0.170000
1212	0.060000
1213	0.040000
1214	0.040000
1215	0.280000
1216	0.220000
1217	0.080000
1218	0.150000
1219	0.210000
1220	0.010000
1221	0.040000
1222	0.080000
1223	0.070000
1224	0.200000
1225	0.020000
1226	0.010000
1227	0.160000
1228	0.070000
1229	0.040000
1230	0.160000
1231	0.050000
1232	0.160000
1233	0.100000
1234	0.050000
1235	0.010000
1236	0.040000
1237	0.000000
1238	0.100000
1239	0.130000
1240	0.050000
1241	0.120000
1242	0.290000
1243	0.190000
1244	0.250000
1245	0.100000
1246	0.380000
1247	0.030000
1248	0.020000
1249	0.080000
1250	0.010000
1251	0.130000
1252	0.030000
1253	0.040000
1254	0.070000
1255	0.070000
1256	0.050000
1257	0.030000
1258	0.020000
1259	0.080000
1260	0.410000
1261	0.260000
1262	0.060000
1263	0.080000
1264	0.290000
1265	0.110000
1266	0.100000
1267	0.070000
1268	0.190000
1269	0.090000
1270	0.060000
1271	0.090000
1272	0.090000
1273	0.060000
1274	0.370000
1275	0.040000
1276	0.100000
1277	0.080000
1278	0.080000
1279	0.180000
1280	0.100000
1281	0.070000
1282	0.050000
1283	0.100000
1284	0.250000
1285	0.330000
1286	0.000000
1287	0.050000
1288	0.060000
1289	0.070000
1290	0.020000
1291	0.120000
1292	0.070000
1293	0.080000
1294	0.220000
1295	0.020000
1296	0.060000
1297	0.170000
1298	0.460000
1299	0.140000
1300	0.250000
1301	0.160000
1302	0.080000
1303	0.350000
1304	0.100000
1305	0.010000
1306	0.120000
1307	0.050000
1308	0.090000
1309	0.010000
1310	0.040000
1311	0.100000
1312	0.160000
1313	0.040000
1314	0.160000
1315	0.130000
1316	0.030000
1317	0.410000
1318	0.040000
1319	0.030000
1320	0.190000
1321	0.150000
1322	0.200000
1323	0.090000
1324	0.070000
1325	0.370000
1326	0.050000
1327	0.000000
1328	0.200000
1329	0.280000
1330	0.030000
1331	0.100000
1332	0.100000
1333	0.390000
1334	0.120000
1335	0.180000
1336	0.060000
1337	0.100000
1338	0.120000
1339	0.100000
1340	0.300000
1341	0.000000
1342	0.010000
1343	0.300000
1344	0.120000
1345	0.160000
1346	0.030000
1347	0.110000
1348	0.130000
1349	0.120000
1350	0.090000
1351	0.030000
1352	0.100000
1353	0.120000
1354	0.310000
1355	0.100000
1356	0.170000
1357	0.320000
1358	0.220000
1359	0.100000
1360	0.010000
1361	0.060000
1362	0.170000
1363	0.010000
1364	0.020000
1365	0.030000
1366	0.070000
1367	0.190000
1368	0.070000
1369	0.260000
1370	0.040000
1371	0.010000
1372	0.040000
1373	0.100000
1374	0.050000
1375	0.020000
1376	0.030000
1377	0.390000
1378	0.060000
1379	0.030000
1380	0.230000
1381	0.060000
1382	0.070000
1383	0.500000
1384	0.060000
1385	0.020000
1386	0.120000
1387	0.200000
1388	0.060000
1389	0.250000
1390	0.240000
1391	0.120000
1392	0.150000
1393	0.110000
1394	0.010000
1395	0.330000
1396	0.140000
1397	0.030000
1398	0.040000
1399	0.220000
1400	0.120000
1401	0.100000
1402	0.070000
1403	0.160000
1404	0.110000
1405	0.040000
1406	0.040000
1407	0.190000
1408	0.210000
1409	0.120000
1410	0.030000
1411	0.140000
1412	0.020000
1413	0.140000
1414	0.130000
1415	0.130000
1416	0.070000
1417	0.020000
1418	0.130000
1419	0.000000
1420	0.190000
1421	0.200000
1422	0.410000
1423	0.030000
1424	0.110000
1425	0.250000
1426	0.290000
1427	0.070000
1428	0.010000
1429	0.030000
1430	0.120000
1431	0.000000
1432	0.070000
1433	0.070000
1434	0.120000
1435	0.030000
1436	0.110000
1437	0.250000
1438	0.100000
1439	0.060000
1440	0.140000
1441	0.040000
1442	0.010000
1443	0.040000
1444	0.040000
1445	0.020000
1446	0.160000
1447	0.540000
1448	0.320000
1449	0.430000
1450	0.070000
1451	0.330000
1452	0.000000
1453	0.060000
1454	0.030000
1455	0.110000
1456	0.010000
1457	0.140000
1458	0.120000
1459	0.030000
1460	0.020000
1461	0.020000
1462	0.030000
1463	0.040000
1464	0.140000
1465	0.090000
1466	0.210000
1467	0.240000
1468	0.130000
1469	0.100000
1470	0.140000
1471	0.020000
1472	0.190000
1473	0.210000
1474	0.120000
1475	0.050000
1476	0.120000
1477	0.080000
1478	0.030000
1479	0.050000
1480	0.030000
1481	0.130000
1482	0.110000
1483	0.340000
1484	0.150000
1485	0.030000
1486	0.120000
1487	0.010000
1488	0.040000
1489	0.160000
1490	0.320000
1491	0.240000
1492	0.050000
1493	0.050000
1494	0.130000
1495	0.190000
1496	0.310000
1497	0.270000
1498	0.150000
1499	0.160000
1500	0.120000
1501	0.270000
1502	0.130000
1503	0.160000
1504	0.040000
1505	0.280000
1506	0.050000
1507	0.170000
1508	0.000000
1509	0.190000
1510	0.000000
1511	0.110000
1512	0.040000
1513	0.170000
1514	0.110000
1515	0.050000
1516	0.220000
1517	0.080000
1518	0.080000
1519	0.090000
1520	0.020000
1521	0.040000
1522	0.200000
1523	0.130000
1524	0.180000
1525	0.050000
1526	0.030000
1527	0.150000
1528	0.040000
1529	0.060000
1530	0.260000
1531	0.000000
1532	0.090000
1533	0.160000
1534	0.040000
1535	0.060000
1536	0.040000
1537	0.040000
1538	0.080000
1539	0.060000
1540	0.070000
1541	0.020000
1542	0.170000
1543	0.040000
1544	0.300000
1545	0.120000
1546	0.260000
1547	0.120000
1548	0.110000
1549	0.020000
1550	0.070000
1551	0.120000
1552	0.020000
1553	0.080000
1554	0.030000
1555	0.080000
1556	0.270000
1557	0.050000
1558	0.060000
1559	0.000000
1560	0.080000
1561	0.130000
1562	0.060000
1563	0.070000
1564	0.140000
1565	0.080000
1566	0.020000
1567	0.030000
1568	0.060000
1569	0.120000
1570	0.080000
1571	0.090000
1572	0.120000
1573	0.000000
1574	0.120000
1575	0.110000
1576	0.040000
1577	0.080000
1578	0.070000
1579	0.330000
1580	0.010000
1581	0.040000
1582	0.060000
1583	0.080000
1584	0.240000
1585	0.020000
1586	0.370000
1587	0.100000
1588	0.070000
1589	0.050000
1590	0.080000
1591	0.170000
1592	0.280000
1593	0.300000
1594	0.140000
1595	0.110000
1596	0.060000
1597	0.160000
1598	0.410000
1599	0.240000
1600	0.270000
1601	0.250000
1602	0.140000
1603	0.010000
1604	0.040000
1605	0.280000
1606	0.070000
1607	0.080000
1608	0.380000
1609	0.180000
1610	0.040000
1611	0.320000
1612	0.010000
1613	0.030000
1614	0.070000
1615	0.010000
1616	0.250000
1617	0.090000
1618	0.100000
1619	0.060000
1620	0.030000
1621	0.020000
1622	0.000000
1623	0.170000
1624	0.370000
1625	0.070000
1626	0.110000
1627	0.050000
1628	0.360000
1629	0.140000
1630	0.150000
1631	0.040000
1632	0.230000
1633	0.020000
1634	0.050000
1635	0.330000
1636	0.200000
1637	0.150000
1638	0.080000
1639	0.260000
1640	0.160000
1641	0.140000
1642	0.000000
1643	0.070000
1644	0.080000
1645	0.290000
1646	0.010000
1647	0.370000
1648	0.000000
1649	0.050000
1650	0.180000
1651	0.040000
1652	0.000000
1653	0.070000
1654	0.040000
1655	0.200000
1656	0.060000
1657	0.080000
1658	0.350000
1659	0.050000
1660	0.020000
1661	0.060000
1662	0.050000
1663	0.090000
1664	0.050000
1665	0.170000
1666	0.350000
1667	0.550000
1668	0.030000
1669	0.080000
1670	0.000000
1671	0.190000
1672	0.050000
1673	0.040000
1674	0.030000
1675	0.340000
1676	0.400000
1677	0.070000
1678	0.130000
1679	0.170000
1680	0.580000
1681	0.210000
1682	0.040000
1683	0.080000
1684	0.040000
1685	0.130000
1686	0.020000
1687	0.310000
1688	0.090000
1689	0.110000
1690	0.230000
1691	0.050000
1692	0.230000
1693	0.190000
1694	0.240000
1695	0.120000
1696	0.090000
1697	0.360000
1698	0.250000
1699	0.180000
1700	0.070000
1701	0.180000
1702	0.060000
1703	0.050000
1704	0.040000
1705	0.060000
1706	0.120000
1707	0.120000
1708	0.040000
1709	0.020000
1710	0.030000
1711	0.000000
1712	0.460000
1713	0.000000
1714	0.110000
1715	0.060000
1716	0.130000
1717	0.070000
1718	0.060000
1719	0.080000
1720	0.040000
1721	0.140000
1722	0.040000
1723	0.190000
1724	0.050000
1725	0.030000
1726	0.470000
1727	0.160000
1728	0.080000
1729	0.030000
1730	0.000000
1731	0.030000
1732	0.040000
1733	0.600000
1734	0.060000
1735	0.100000
1736	0.070000
1737	0.450000
1738	0.120000
1739	0.050000
1740	0.040000
1741	0.100000
1742	0.100000
1743	0.070000
1744	0.100000
1745	0.160000
1746	0.200000
1747	0.050000
1748	0.370000
1749	0.360000
1750	0.050000
1751	0.030000
1752	0.190000
1753	0.070000
1754	0.030000
1755	0.360000
1756	0.120000
1757	0.050000
1758	0.160000
1759	0.060000
1760	0.060000
1761	0.260000
1762	0.110000
1763	0.050000
1764	0.050000
1765	0.070000
1766	0.020000
1767	0.250000
1768	0.070000
1769	0.220000
1770	0.120000
1771	0.070000
1772	0.080000
1773	0.110000
1774	0.030000
1775	0.220000
1776	0.220000
1777	0.060000
1778	0.320000
1779	0.090000
1780	0.350000
1781	0.040000
1782	0.070000
1783	0.020000
1784	0.060000
1785	0.050000
1786	0.060000
1787	0.020000
1788	0.010000
1789	0.080000
1790	0.200000
1791	0.120000
1792	0.020000
1793	0.090000
1794	0.270000
1795	0.050000
1796	0.080000
1797	0.210000
1798	0.020000
1799	0.110000
1800	0.210000
1801	0.000000
1802	0.210000
1803	0.150000
1804	0.090000
1805	0.150000
1806	0.120000
1807	0.120000
1808	0.030000
1809	0.170000
1810	0.000000
1811	0.080000
1812	0.550000
1813	0.000000
1814	0.070000
1815	0.050000
1816	0.080000
1817	0.160000
1818	0.020000
1819	0.150000
1820	0.110000
1821	0.030000
1822	0.010000
1823	0.070000
1824	0.080000
1825	0.180000
1826	0.070000
1827	0.070000
1828	0.160000
1829	0.080000
1830	0.060000
1831	0.180000
1832	0.070000
1833	0.120000
1834	0.030000
1835	0.220000
1836	0.250000
1837	0.480000
1838	0.020000
1839	0.050000
1840	0.030000
1841	0.030000
1842	0.180000
1843	0.090000
1844	0.010000
1845	0.160000
1846	0.070000
1847	0.100000
1848	0.010000
1849	0.070000
1850	0.130000
1851	0.280000
1852	0.140000
1853	0.250000
1854	0.130000
1855	0.090000
1856	0.190000
1857	0.040000
1858	0.190000
1859	0.060000
1860	0.200000
1861	0.280000
1862	0.060000
1863	0.200000
1864	0.010000
1865	0.170000
1866	0.070000
1867	0.060000
1868	0.080000
1869	0.070000
1870	0.030000
1871	0.080000
1872	0.020000
1873	0.200000
1874	0.120000
1875	0.170000
1876	0.080000
1877	0.030000
1878	0.070000
1879	0.230000
1880	0.140000
1881	0.040000
1882	0.160000
1883	0.170000
1884	0.560000
1885	0.060000
1886	0.010000
1887	0.080000
1888	0.060000
1889	0.150000
1890	0.220000
1891	0.130000
1892	0.030000
1893	0.030000
1894	0.110000
1895	0.120000
1896	0.250000
1897	0.280000
1898	0.040000
1899	0.470000
1900	0.080000
1901	0.090000
1902	0.210000
1903	0.250000
1904	0.130000
1905	0.110000
1906	0.040000
1907	0.040000
1908	0.180000
1909	0.110000
1910	0.020000
1911	0.050000
1912	0.660000
1913	0.100000
1914	0.060000
1915	0.010000
1916	0.150000
1917	0.100000
1918	0.030000
1919	0.080000
1920	0.350000
1921	0.050000
1922	0.150000
1923	0.040000
1924	0.120000
1925	0.160000
1926	0.090000
1927	0.010000
1928	0.210000
1929	0.050000
1930	0.160000
1931	0.090000
1932	0.040000
1933	0.000000
1934	0.170000
1935	0.020000
1936	0.010000
1937	0.260000
1938	0.080000
1939	0.230000
1940	0.080000
1941	0.590000
1942	0.010000
1943	0.290000
1944	0.040000
1945	0.050000
1946	0.030000
1947	0.150000
1948	0.190000
1949	0.120000
1950	0.010000
1951	0.010000
1952	0.070000
1953	0.020000
1954	0.080000
1955	0.100000
1956	0.070000
1957	0.070000
1958	0.570000
1959	0.020000
1960	0.100000
1961	0.140000
1962	0.340000
1963	0.130000
1964	0.010000
1965	0.040000
1966	0.030000
1967	0.040000
1968	0.180000
1969	0.220000
1970	0.110000
1971	0.040000
1972	0.160000
1973	0.060000
1974	0.100000
1975	0.000000
1976	0.110000
1977	0.100000
1978	0.090000
1979	0.070000
1980	0.690000
1981	0.030000
1982	0.090000
1983	0.350000
1984	0.070000
1985	0.140000
1986	0.020000
1987	0.040000
1988	0.410000
1989	0.010000
1990	0.040000
1991	0.040000
1992	0.090000
1993	0.030000
1994	0.040000
1995	0.090000
1996	0.260000
1997	0.070000
1998	0.440000
1999	0.090000
2000	0.140000
2001	0.110000
2002	0.040000
2003	0.090000
2004	0.150000
2005	0.230000
2006	0.050000
2007	0.020000
2008	0.230000
2009	0.100000
2010	0.320000
2011	0.260000
2012	0.520000
2013	0.210000
2014	0.080000
2015	0.490000
2016	0.210000
2017	0.060000
2018	0.090000
2019	0.070000
2020	0.390000
2021	0.180000
2022	0.180000
2023	0.180000
2024	0.200000
2025	0.150000
2026	0.060000
2027	0.110000
2028	0.010000
2029	0.310000
2030	0.350000
2031	0.160000
2032	0.060000
2033	0.050000
2034	0.050000
2035	0.150000
2036	0.030000
2037	0.010000
2038	0.250000
2039	0.070000
2040	0.030000
2041	0.410000
2042	0.180000
2043	0.250000
2044	0.060000
2045	0.020000
2046	0.140000
2047	0.240000
2048	0.020000
2049	0.070000
2050	0.170000
2051	0.160000
2052	0.080000
2053	0.010000
2054	0.300000
2055	0.030000
2056	0.150000
2057	0.140000
2058	0.060000
2059	0.010000
2060	0.120000
2061	0.020000
2062	0.070000
2063	0.540000
2064	0.010000
2065	0.050000
2066	0.050000
2067	0.000000
2068	0.180000
2069	0.060000
2070	0.160000
2071	0.200000
2072	0.000000
2073	0.490000
2074	0.070000
2075	0.110000
2076	0.070000
2077	0.180000
2078	0.060000
2079	0.060000
2080	0.070000
2081	0.050000
2082	0.070000
2083	0.040000
2084	0.160000
2085	0.070000
2086	0.060000
2087	0.030000
2088	0.200000
2089	0.020000
2090	0.000000
2091	0.000000
2092	0.370000
2093	0.050000
2094	0.020000
2095	0.160000
2096	0.160000
2097	0.100000
2098	0.160000
2099	0.030000
2100	0.150000
2101	0.080000
2102	0.290000
2103	0.100000
2104	0.040000
2105	0.310000
2106	0.490000
2107	0.050000
2108	0.050000
2109	0.150000
2110	0.120000
2111	0.010000
2112	0.090000
2113	0.000000
2114	0.070000
2115	0.080000
2116	0.550000
2117	0.020000
2118	0.110000
2119	0.170000
2120	0.100000
2121	0.300000
2122	0.110000
2123	0.010000
2124	0.060000
2125	0.080000
2126	0.200000
2127	0.080000
2128	0.020000
2129	0.090000
2130	0.010000
2131	0.290000
2132	0.190000
2133	0.010000
2134	0.090000
2135	0.040000
2136	0.170000
2137	0.060000
2138	0.110000
2139	0.020000
2140	0.220000
2141	0.030000
2142	0.040000
2143	0.020000
2144	0.090000
2145	0.080000
2146	0.190000
2147	0.010000
2148	0.130000
2149	0.020000
2150	0.030000
2151	0.010000
2152	0.030000
2153	0.280000
2154	0.100000
2155	0.080000
2156	0.020000
2157	0.170000
2158	0.190000
2159	0.050000
2160	0.030000
2161	0.090000
2162	0.110000
2163	0.030000
2164	0.060000
2165	0.100000
2166	0.120000
2167	0.330000
2168	0.250000
2169	0.010000
2170	0.240000
2171	0.140000
2172	0.240000
2173	0.050000
2174	0.120000
2175	0.170000
2176	0.140000
2177	0.130000
2178	0.030000
2179	0.030000
2180	0.100000
2181	0.100000
2182	0.040000
2183	0.060000
2184	0.080000
2185	0.270000
2186	0.370000
2187	0.090000
2188	0.200000
2189	0.100000
2190	0.090000
2191	0.030000
2192	0.100000
2193	0.060000
2194	0.140000
2195	0.190000
2196	0.100000
2197	0.020000
2198	0.090000
2199	0.300000
2200	0.150000
2201	0.100000
2202	0.060000
2203	0.100000
2204	0.020000
2205	0.110000
2206	0.080000
2207	0.020000
2208	0.260000
2209	0.020000
2210	0.020000
2211	0.130000
2212	0.080000
2213	0.020000
2214	0.040000
2215	0.260000
2216	0.060000
2217	0.000000
2218	0.000000
2219	0.180000
2220	0.030000
2221	0.140000
2222	0.110000
2223	0.090000
2224	0.030000
2225	0.190000
2226	0.070000
2227	0.100000
2228	0.110000
2229	0.040000
2230	0.050000
2231	0.240000
2232	0.160000
2233	0.040000
2234	0.000000
2235	0.050000
2236	0.090000
2237	0.030000
2238	0.100000
2239	0.090000
2240	0.100000
2241	0.140000
2242	0.240000
2243	0.080000
2244	0.280000
2245	0.090000
2246	0.150000
2247	0.230000
2248	0.010000
2249	0.030000
2250	0.100000
2251	0.000000
2252	0.000000
2253	0.050000
2254	0.200000
2255	0.160000
2256	0.040000
2257	0.040000
2258	0.140000
2259	0.150000
2260	0.060000
2261	0.110000
2262	0.170000
2263	0.080000
2264	0.130000
2265	0.110000
2266	0.120000
2267	0.090000
2268	0.020000
2269	0.070000
2270	0.120000
2271	0.230000
2272	0.100000
2273	0.040000
2274	0.060000
2275	0.060000
2276	0.090000
2277	0.040000
2278	0.140000
2279	0.190000
2280	0.080000
2281	0.090000
2282	0.130000
2283	0.110000
2284	0.140000
2285	0.060000
2286	0.040000
2287	0.040000
2288	0.500000
2289	0.040000
2290	0.130000
2291	0.020000
2292	0.020000
2293	0.190000
2294	0.080000
2295	0.020000
2296	0.020000
2297	0.020000
2298	0.070000
2299	0.090000
2300	0.040000
2301	0.000000
2302	0.110000
2303	0.280000
2304	0.110000
2305	0.120000
2306	0.070000
2307	0.180000
2308	0.030000
2309	0.170000
2310	0.030000
2311	0.010000
2312	0.030000
2313	0.070000
2314	0.100000
2315	0.010000
2316	0.070000
2317	0.130000
2318	0.030000
2319	0.030000
2320	0.050000
2321	0.110000
2322	0.040000
2323	0.170000
2324	0.100000
2325	0.050000
2326	0.010000
2327	0.060000
2328	0.000000
2329	0.030000
2330	0.120000
2331	0.070000
2332	0.100000
2333	0.000000
2334	0.320000
2335	0.140000
2336	0.000000
2337	0.110000
2338	0.170000
2339	0.020000
2340	0.170000
2341	0.060000
2342	0.150000
2343	0.070000
2344	0.060000
2345	0.050000
2346	0.030000
2347	0.050000
2348	0.240000
2349	0.070000
2350	0.110000
2351	0.050000
2352	0.210000
2353	0.080000
2354	0.180000
2355	0.070000
2356	0.030000
2357	0.040000
2358	0.040000
2359	0.160000
2360	0.050000
2361	0.040000
2362	0.030000
2363	0.040000
2364	0.070000
2365	0.100000
2366	0.100000
2367	0.050000
2368	0.090000
2369	0.050000
2370	0.120000
2371	0.050000
2372	0.050000
2373	0.050000
2374	0.210000
2375	0.010000
2376	0.270000
2377	0.090000
2378	0.150000
2379	0.070000
2380	0.370000
2381	0.050000
2382	0.130000
2383	0.280000
2384	0.050000
2385	0.040000
2386	0.120000
2387	0.070000
2388	0.070000
2389	0.060000
2390	0.090000
2391	0.160000
2392	0.100000
2393	0.160000
2394	0.030000
2395	0.160000
2396	0.050000
2397	0.050000
2398	0.000000
2399	0.010000
2400	0.070000
2401	0.050000
2402	0.150000
2403	0.140000
2404	0.090000
2405	0.090000
2406	0.090000
2407	0.110000
2408	0.060000
2409	0.030000
2410	0.120000
2411	0.070000
2412	0.000000
2413	0.020000
2414	0.230000
2415	0.030000
2416	0.030000
2417	0.060000
2418	0.080000
2419	0.440000
2420	0.100000
2421	0.050000
2422	0.050000
2423	0.060000
2424	0.100000
2425	0.080000
2426	0.060000
2427	0.070000
2428	0.210000
2429	0.120000
2430	0.040000
2431	0.050000
2432	0.070000
2433	0.040000
2434	0.040000
2435	0.160000
2436	0.290000
2437	0.070000
2438	0.100000
2439	0.020000
2440	0.060000
2441	0.000000
2442	0.020000
2443	0.040000
2444	0.120000
2445	0.230000
2446	0.300000
2447	0.080000
2448	0.060000
2449	0.010000
2450	0.030000
2451	0.080000
2452	0.060000
2453	0.240000
2454	0.110000
2455	0.170000
2456	0.170000
2457	0.300000
2458	0.070000
2459	0.050000
2460	0.060000
2461	0.130000
2462	0.300000
2463	0.090000
2464	0.020000
2465	0.300000
2466	0.340000
2467	0.040000
2468	0.040000
2469	0.030000
2470	0.040000
2471	0.010000
2472	0.130000
2473	0.000000
2474	0.060000
2475	0.070000
2476	0.090000
2477	0.120000
2478	0.270000
2479	0.000000
2480	0.030000
2481	0.130000
2482	0.050000
2483	0.000000
2484	0.200000
2485	0.220000
2486	0.050000
2487	0.010000
2488	0.010000
2489	0.120000
2490	0.020000
2491	0.110000
2492	0.100000
2493	0.070000
2494	0.010000
2495	0.020000
2496	0.390000
2497	0.080000
2498	0.040000
2499	0.090000
2500	0.070000
2501	0.120000
2502	0.020000
2503	0.140000
2504	0.130000
2505	0.050000
2506	0.040000
2507	0.360000
2508	0.120000
2509	0.100000
2510	0.020000
2511	0.050000
2512	0.050000
2513	0.090000
2514	0.070000
2515	0.090000
2516	0.020000
2517	0.050000
2518	0.040000
2519	0.020000
2520	0.080000
2521	0.050000
2522	0.020000
2523	0.080000
2524	0.020000
2525	0.070000
2526	0.080000
2527	0.060000
2528	0.000000
2529	0.510000
2530	0.050000
2531	0.050000
2532	0.020000
2533	0.100000
2534	0.070000
2535	0.030000
2536	0.060000
2537	0.230000
2538	0.040000
2539	0.110000
2540	0.060000
2541	0.050000
2542	0.010000
2543	0.060000
2544	0.470000
2545	0.040000
2546	0.070000
2547	0.170000
2548	0.100000
2549	0.050000
2550	0.110000
2551	0.070000
2552	0.050000
2553	0.030000
2554	0.030000
2555	0.100000
2556	0.050000
2557	0.100000
2558	0.070000
2559	0.100000
2560	0.070000
2561	0.080000
2562	0.070000
2563	0.040000
2564	0.110000
2565	0.200000
2566	0.180000
2567	0.250000
2568	0.040000
2569	0.000000
2570	0.080000
2571	0.060000
2572	0.160000
2573	0.120000
2574	0.060000
2575	0.120000
2576	0.070000
2577	0.120000
2578	0.060000
2579	0.140000
2580	0.060000
2581	0.160000
2582	0.040000
2583	0.240000
2584	0.000000
2585	0.100000
2586	0.040000
2587	0.050000
2588	0.040000
2589	0.130000
2590	0.170000
2591	0.080000
2592	0.260000
2593	0.170000
2594	0.130000
2595	0.090000
2596	0.060000
2597	0.090000
2598	0.060000
2599	0.190000
2600	0.080000
2601	0.010000
2602	0.070000
2603	0.040000
2604	0.030000
2605	0.170000
2606	0.110000
2607	0.080000
2608	0.250000
2609	0.140000
2610	0.010000
2611	0.290000
2612	0.050000
2613	0.050000
2614	0.000000
2615	0.050000
2616	0.060000
2617	0.080000
2618	0.020000
2619	0.180000
2620	0.130000
2621	0.140000
2622	0.030000
2623	0.020000
2624	0.290000
2625	0.120000
2626	0.040000
2627	0.300000
2628	0.100000
2629	0.100000
2630	0.130000
2631	0.080000
2632	0.010000
2633	0.060000
2634	0.150000
2635	0.010000
2636	0.100000
2637	0.100000
2638	0.430000
2639	0.010000
2640	0.040000
2641	0.240000
2642	0.060000
2643	0.350000
2644	0.040000
2645	0.190000
2646	0.050000
2647	0.000000
2648	0.140000
2649	0.040000
2650	0.040000
2651	0.170000
2652	0.110000
2653	0.060000
2654	0.120000
2655	0.190000
2656	0.100000
2657	0.030000
2658	0.050000
2659	0.160000
2660	0.080000
2661	0.020000
2662	0.020000
2663	0.120000
2664	0.110000
2665	0.500000
2666	0.030000
2667	0.050000
2668	0.060000
2669	0.140000
2670	0.280000
2671	0.010000
2672	0.050000
2673	0.000000
2674	0.120000
2675	0.100000
2676	0.120000
2677	0.010000
2678	0.060000
2679	0.230000
2680	0.110000
2681	0.070000
2682	0.030000
2683	0.140000
2684	0.160000
2685	0.220000
2686	0.060000
2687	0.050000
2688	0.150000
2689	0.140000
2690	0.040000
2691	0.240000
2692	0.050000
2693	0.150000
2694	0.050000
2695	0.120000
2696	0.010000
2697	0.080000
2698	0.050000
2699	0.140000
2700	0.170000
2701	0.140000
2702	0.050000
2703	0.070000
2704	0.070000
2705	0.030000
2706	0.050000
2707	0.000000
2708	0.090000
2709	0.010000
2710	0.030000
2711	0.050000
2712	0.080000
2713	0.050000
2714	0.010000
2715	0.070000
2716	0.060000
2717	0.050000
2718	0.070000
2719	0.180000
2720	0.040000
2721	0.030000
2722	0.040000
2723	0.060000
2724	0.050000
2725	0.010000
2726	0.110000
2727	0.130000
2728	0.130000
2729	0.070000
2730	0.170000
2731	0.320000
2732	0.030000
2733	0.100000
2734	0.090000
2735	0.060000
2736	0.100000
2737	0.200000
2738	0.150000
2739	0.100000
2740	0.060000
2741	0.050000
2742	0.110000
2743	0.120000
2744	0.020000
2745	0.130000
2746	0.090000
2747	0.080000
2748	0.240000
2749	0.100000
2750	0.090000
2751	0.210000
2752	0.120000
2753	0.480000
2754	0.120000
2755	0.020000
2756	0.130000
2757	0.100000
2758	0.080000
2759	0.010000
2760	0.080000
2761	0.100000
2762	0.030000
2763	0.020000
2764	0.210000
2765	0.140000
2766	0.150000
2767	0.030000
2768	0.090000
2769	0.120000
2770	0.040000
2771	0.300000
2772	0.150000
2773	0.120000
2774	0.100000
2775	0.000000
2776	0.130000
2777	0.700000
2778	0.070000
2779	0.140000
2780	0.110000
2781	0.210000
2782	0.060000
2783	0.150000
2784	0.040000
2785	0.040000
2786	0.220000
2787	0.120000
2788	0.150000
2789	0.110000
2790	0.090000
2791	0.100000
2792	0.080000
2793	0.420000
2794	0.130000
2795	0.020000
2796	0.270000
2797	0.040000
2798	0.110000
2799	0.050000
2800	0.060000
2801	0.250000
2802	0.050000
2803	0.080000
2804	0.030000
2805	0.080000
2806	0.070000
2807	0.250000
2808	0.170000
2809	0.150000
2810	0.360000
2811	0.100000
2812	0.030000
2813	0.020000
2814	0.170000
2815	0.000000
2816	0.060000
2817	0.130000
2818	0.300000
2819	0.000000
2820	0.400000
2821	0.020000
2822	0.020000
2823	0.090000
2824	0.240000
2825	0.090000
2826	0.170000
2827	0.040000
2828	0.060000
2829	0.050000
2830	0.080000
2831	0.090000
2832	0.100000
2833	0.090000
2834	0.020000
2835	0.030000
2836	0.060000
2837	0.210000
2838	0.090000
2839	0.100000
2840	0.440000
2841	0.300000
2842	0.040000
2843	0.000000
2844	0.140000
2845	0.090000
2846	0.090000
2847	0.170000
2848	0.060000
2849	0.170000
2850	0.030000
2851	0.090000
2852	0.060000
2853	0.100000
2854	0.110000
2855	0.100000
2856	0.070000
2857	0.180000
2858	0.060000
2859	0.130000
2860	0.210000
2861	0.130000
2862	0.180000
2863	0.120000
2864	0.130000
2865	0.070000
2866	0.170000
2867	0.040000
2868	0.130000
2869	0.010000
2870	0.150000
2871	0.050000
2872	0.370000
2873	0.270000
2874	0.130000
2875	0.060000
2876	0.260000
2877	0.030000
2878	0.300000
2879	0.030000
2880	0.210000
2881	0.030000
2882	0.040000
2883	0.020000
2884	0.010000
2885	0.110000
2886	0.110000
2887	0.420000
2888	0.220000
2889	0.140000
2890	0.180000
2891	0.150000
2892	0.080000
2893	0.040000
2894	0.100000
2895	0.220000
2896	0.240000
2897	0.070000
2898	0.120000
2899	0.190000
2900	0.140000
2901	0.110000
2902	0.060000
2903	0.150000
2904	0.020000
2905	0.140000
2906	0.090000
2907	0.430000
2908	0.060000
2909	0.720000
2910	0.100000
2911	0.100000
2912	0.080000
2913	0.110000
2914	0.180000
2915	0.100000
2916	0.230000
2917	0.080000
2918	0.170000
2919	0.120000
2920	0.010000
2921	0.250000
2922	0.030000
2923	0.060000
2924	0.090000
2925	0.030000
2926	0.120000
2927	0.070000
2928	0.380000
2929	0.220000
2930	0.010000
2931	0.210000
2932	0.010000
2933	0.170000
2934	0.320000
2935	0.230000
2936	0.070000
2937	0.140000
2938	0.140000
2939	0.080000
2940	0.010000
2941	0.330000
2942	0.190000
2943	0.160000
2944	0.140000
2945	0.100000
2946	0.570000
2947	0.170000
2948	0.030000
2949	0.080000
2950	0.050000
2951	0.090000
2952	0.170000
2953	0.190000
2954	0.100000
2955	0.150000
2956	0.070000
2957	0.120000
2958	0.110000
2959	0.000000
2960	0.060000
2961	0.040000
2962	0.120000
2963	0.040000
2964	0.080000
2965	0.020000
2966	0.190000
2967	0.260000
2968	0.100000
2969	0.120000
2970	0.100000
2971	0.020000
2972	0.040000
2973	0.180000
2974	0.090000
2975	0.080000
2976	0.140000
2977	0.030000
2978	0.040000
2979	0.060000
2980	0.060000
2981	0.050000
2982	0.010000
2983	0.120000
2984	0.020000
2985	0.210000
2986	0.460000
2987	0.070000
2988	0.140000
2989	0.210000
2990	0.060000
2991	0.070000
2992	0.060000
2993	0.050000
2994	0.190000
2995	0.100000
2996	0.160000
2997	0.100000
2998	0.010000
2999	0.140000
3000	0.070000
3001	0.240000
3002	0.170000
3003	0.100000
3004	0.090000
3005	0.210000
3006	0.070000
3007	0.070000
3008	0.070000
3009	0.010000
3010	0.260000
3011	0.120000
3012	0.450000
3013	0.280000
3014	0.120000
3015	0.010000
3016	0.050000
3017	0.110000
3018	0.460000
3019	0.030000
3020	0.200000
3021	0.010000
3022	0.180000
3023	0.160000
3024	0.100000
3025	0.130000
3026	0.150000
3027	0.030000
3028	0.050000
3029	0.560000
3030	0.050000
3031	0.230000
3032	0.270000
3033	0.130000
3034	0.020000
3035	0.090000
3036	0.070000
3037	0.060000
3038	0.110000
3039	0.010000
3040	0.060000
3041	0.090000
3042	0.040000
3043	0.010000
3044	0.050000
3045	0.110000
3046	0.080000
3047	0.080000
3048	0.110000
3049	0.050000
3050	0.130000
3051	0.280000
3052	0.100000
3053	0.170000
3054	0.250000
3055	0.190000
3056	0.130000
3057	0.170000
3058	0.190000
3059	0.060000
3060	0.020000
3061	0.080000
3062	0.050000
3063	0.080000
3064	0.060000
3065	0.160000
3066	0.100000
3067	0.260000
3068	0.040000
3069	0.210000
3070	0.080000
3071	0.070000
3072	0.170000
3073	0.070000
3074	0.130000
3075	0.200000
3076	0.040000
3077	0.090000
3078	0.080000
3079	0.090000
3080	0.370000
3081	0.390000
3082	0.140000
3083	0.050000
3084	0.040000
3085	0.140000
3086	0.070000
3087	0.100000
3088	0.050000
3089	0.020000
3090	0.100000
3091	0.040000
3092	0.140000
3093	0.020000
3094	0.060000
3095	0.080000
3096	0.010000
3097	0.050000
3098	0.090000
3099	0.180000
3100	0.120000
3101	0.240000
3102	0.080000
3103	0.040000
3104	0.020000
3105	0.030000
3106	0.030000
3107	0.050000
3108	0.380000
3109	0.020000
3110	0.370000
3111	0.050000
3112	0.140000
3113	0.060000
3114	0.120000
3115	0.020000
3116	0.030000
3117	0.080000
3118	0.400000
3119	0.160000
3120	0.080000
3121	0.110000
3122	0.020000
3123	0.190000
3124	0.010000
3125	0.360000
3126	0.090000
3127	0.020000
3128	0.240000
3129	0.330000
3130	0.100000
3131	0.040000
3132	0.040000
3133	0.030000
3134	0.070000
3135	0.060000
3136	0.050000
3137	0.110000
3138	0.150000
3139	0.050000
3140	0.160000
3141	0.050000
3142	0.090000
3143	0.210000
3144	0.010000
3145	0.130000
3146	0.070000
3147	0.130000
3148	0.170000
3149	0.020000
3150	0.060000
3151	0.160000
3152	0.020000
3153	0.040000
3154	0.130000
3155	0.080000
3156	0.080000
3157	0.130000
3158	0.200000
3159	0.180000
3160	0.060000
3161	0.110000
3162	0.140000
3163	0.450000
3164	0.080000
3165	0.080000
3166	0.090000
3167	0.200000
3168	0.080000
3169	0.200000
3170	0.130000
3171	0.120000
3172	0.120000
3173	0.080000
3174	0.060000
3175	0.070000
3176	0.010000
3177	0.050000
3178	0.310000
3179	0.050000
3180	0.110000
3181	0.030000
3182	0.180000
3183	0.200000
3184	0.030000
3185	0.120000
3186	0.040000
3187	0.050000
3188	0.020000
3189	0.190000
3190	0.060000
3191	0.080000
3192	0.210000
3193	0.060000
3194	0.090000
3195	0.200000
3196	0.220000
3197	0.010000
3198	0.140000
3199	0.110000
3200	0.080000
3201	0.230000
3202	0.170000
3203	0.130000
3204	0.100000
3205	0.230000
3206	0.090000
3207	0.070000
3208	0.100000
3209	0.220000
3210	0.070000
3211	0.110000
3212	0.040000
3213	0.130000
3214	0.010000
3215	0.010000
3216	0.040000
3217	0.230000
3218	0.110000
3219	0.090000
3220	0.090000
3221	0.070000
3222	0.030000
3223	0.130000
3224	0.370000
3225	0.040000
3226	0.070000
3227	0.170000
3228	0.040000
3229	0.140000
3230	0.120000
3231	0.150000
3232	0.110000
3233	0.090000
3234	0.030000
3235	0.100000
3236	0.030000
3237	0.110000
3238	0.060000
3239	0.020000
3240	0.080000
3241	0.000000
3242	0.280000
3243	0.090000
3244	0.040000
3245	0.080000
3246	0.050000
3247	0.060000
3248	0.080000
3249	0.010000
3250	0.120000
3251	0.050000
3252	0.080000
3253	0.140000
3254	0.050000
3255	0.050000
3256	0.120000
3257	0.070000
3258	0.060000
3259	0.280000
3260	0.200000
3261	0.150000
3262	0.130000
3263	0.240000
3264	0.000000
3265	0.460000
3266	0.070000
3267	0.030000
3268	0.170000
3269	0.140000
3270	0.180000
3271	0.140000
3272	0.430000
3273	0.030000
3274	0.260000
3275	0.010000
3276	0.040000
3277	0.230000
3278	0.070000
3279	0.080000
3280	0.410000
3281	0.060000
3282	0.050000
3283	0.160000
3284	0.030000
3285	0.260000
3286	0.030000
3287	0.040000
3288	0.060000
3289	0.050000
3290	0.000000
3291	0.020000
3292	0.490000
3293	0.030000
3294	0.050000
3295	0.100000
3296	0.190000
3297	0.050000
3298	0.080000
3299	0.160000
3300	0.270000
3301	0.250000
3302	0.060000
3303	0.070000
3304	0.150000
3305	0.150000
3306	0.090000
3307	0.010000
3308	0.210000
3309	0.260000
3310	0.040000
3311	0.400000
3312	0.300000
3313	0.290000
3314	0.190000
3315	0.150000
3316	0.070000
3317	0.170000
3318	0.130000
3319	0.050000
3320	0.200000
3321	0.140000
3322	0.050000
3323	0.100000
3324	0.030000
3325	0.060000
3326	0.020000
3327	0.280000
3328	0.150000
3329	0.100000
3330	0.060000
3331	0.090000
3332	0.210000
3333	0.160000
3334	0.120000
3335	0.040000
3336	0.030000
3337	0.070000
3338	0.050000
3339	0.120000
3340	0.100000
3341	0.190000
3342	0.150000
3343	0.030000
3344	0.070000
3345	0.140000
3346	0.180000
3347	0.060000
3348	0.060000
3349	0.100000
3350	0.090000
3351	0.080000
3352	0.220000
3353	0.060000
3354	0.090000
3355	0.040000
3356	0.240000
3357	0.100000
3358	0.110000
3359	0.040000
3360	0.080000
3361	0.110000
3362	0.090000
3363	0.170000
3364	0.080000
3365	0.140000
3366	0.060000
3367	0.070000
3368	0.060000
3369	0.040000
3370	0.130000
3371	0.360000
3372	0.030000
3373	0.080000
3374	0.040000
3375	0.010000
3376	0.060000
3377	0.040000
3378	0.070000
3379	0.110000
3380	0.200000
3381	0.030000
3382	0.110000
3383	0.050000
3384	0.060000
3385	0.010000
3386	0.090000
3387	0.130000
3388	0.050000
3389	0.450000
3390	0.160000
3391	0.750000
3392	0.060000
3393	0.260000
3394	0.290000
3395	0.100000
3396	0.030000
3397	0.040000
3398	0.060000
3399	0.070000
3400	0.140000
3401	0.300000
3402	0.310000
3403	0.030000
3404	0.030000
3405	0.060000
3406	0.040000
3407	0.030000
3408	0.090000
3409	0.040000
3410	0.420000
3411	0.410000
3412	0.240000
3413	0.090000
3414	0.100000
3415	0.120000
3416	0.350000
3417	0.110000
3418	0.040000
3419	0.150000
3420	0.110000
3421	0.040000
3422	0.210000
3423	0.240000
3424	0.060000
3425	0.360000
3426	0.110000
3427	0.050000
3428	0.080000
3429	0.040000
3430	0.300000
3431	0.030000
3432	0.130000
3433	0.150000
3434	0.040000
3435	0.110000
3436	0.090000
3437	0.040000
3438	0.070000
3439	0.140000
3440	0.040000
3441	0.260000
3442	0.100000
3443	0.040000
3444	0.040000
3445	0.080000
3446	0.070000
3447	0.110000
3448	0.060000
3449	0.080000
3450	0.210000
3451	0.040000
3452	0.140000
3453	0.150000
3454	0.250000
3455	0.030000
3456	0.160000
3457	0.170000
3458	0.050000
3459	0.030000
3460	0.130000
3461	0.090000
3462	0.460000
3463	0.090000
3464	0.190000
3465	0.080000
3466	0.020000
3467	0.100000
3468	0.110000
3469	0.190000
3470	0.020000
3471	0.530000
3472	0.040000
3473	0.100000
3474	0.190000
3475	0.580000
3476	0.090000
3477	0.090000
3478	0.130000
3479	0.050000
3480	0.010000
3481	0.200000
3482	0.080000
3483	0.190000
3484	0.120000
3485	0.110000
3486	0.170000
3487	0.250000
3488	0.050000
3489	0.120000
3490	0.270000
3491	0.210000
3492	0.020000
3493	0.160000
3494	0.110000
3495	0.040000
3496	0.050000
3497	0.010000
3498	0.070000
3499	0.040000
3500	0.110000
3501	0.190000
3502	0.080000
3503	0.220000
3504	0.190000
3505	0.060000
3506	0.060000
3507	0.470000
3508	0.080000
3509	0.360000
3510	0.010000
3511	0.100000
3512	0.190000
3513	0.180000
3514	0.110000
3515	0.100000
3516	0.140000
3517	0.120000
3518	0.220000
3519	0.280000
3520	0.130000
3521	0.060000
3522	0.050000
3523	0.090000
3524	0.110000
3525	0.070000
3526	0.190000
3527	0.010000
3528	0.030000
3529	0.100000
3530	0.010000
3531	0.040000
3532	0.030000
3533	0.140000
3534	0.100000
3535	0.090000
3536	0.100000
3537	0.020000
3538	0.180000
3539	0.000000
3540	0.190000
3541	0.040000
3542	0.010000
3543	0.120000
3544	0.040000
3545	0.030000
3546	0.150000
3547	0.160000
3548	0.010000
3549	0.030000
3550	0.180000
3551	0.120000
3552	0.030000
3553	0.090000
3554	0.020000
3555	0.040000
3556	0.120000
3557	0.280000
3558	0.120000
3559	0.040000
3560	0.150000
3561	0.160000
3562	0.520000
3563	0.170000
3564	0.130000
3565	0.140000
3566	0.060000
3567	0.110000
3568	0.170000
3569	0.230000
3570	0.030000
3571	0.110000
3572	0.010000
3573	0.070000
3574	0.030000
3575	0.070000
3576	0.300000
3577	0.140000
3578	0.200000
3579	0.250000
3580	0.140000
3581	0.100000
3582	0.030000
3583	0.030000
3584	0.010000
3585	0.260000
3586	0.080000
3587	0.020000
3588	0.220000
3589	0.460000
3590	0.370000
3591	0.110000
3592	0.270000
3593	0.150000
3594	0.130000
3595	0.010000
3596	0.110000
3597	0.090000
3598	0.030000
3599	0.350000
3600	0.140000
3601	0.100000
3602	0.080000
3603	0.100000
3604	0.050000
3605	0.080000
3606	0.050000
3607	0.190000
3608	0.080000
3609	0.080000
3610	0.060000
3611	0.090000
3612	0.140000
3613	0.090000
3614	0.090000
3615	0.190000
3616	0.060000
3617	0.080000
3618	0.450000
3619	0.000000
3620	0.110000
3621	0.100000
3622	0.040000
3623	0.040000
3624	0.210000
3625	0.100000
3626	0.250000
3627	0.000000
3628	0.070000
3629	0.120000
3630	0.120000
3631	0.090000
3632	0.050000
3633	0.020000
3634	0.050000
3635	0.080000
3636	0.070000
3637	0.190000
3638	0.040000
3639	0.090000
3640	0.010000
3641	0.220000
3642	0.030000
3643	0.220000
3644	0.060000
3645	0.110000
3646	0.090000
3647	0.010000
3648	0.350000
3649	0.070000
3650	0.280000
3651	0.200000
3652	0.230000
3653	0.040000
3654	0.310000
3655	0.020000
3656	0.000000
3657	0.070000
3658	0.100000
3659	0.150000
3660	0.140000
3661	0.080000
3662	0.000000
3663	0.150000
3664	0.090000
3665	0.280000
3666	0.090000
3667	0.090000
3668	0.030000
3669	0.460000
3670	0.010000
3671	0.140000
3672	0.120000
3673	0.170000
3674	0.120000
3675	0.570000
3676	0.060000
3677	0.010000
3678	0.330000
3679	0.250000
3680	0.050000
3681	0.260000
3682	0.030000
3683	0.100000
3684	0.260000
3685	0.300000
3686	0.110000
3687	0.070000
3688	0.200000
3689	0.080000
3690	0.380000
3691	0.190000
3692	0.050000
3693	0.280000
3694	0.140000
3695	0.160000
3696	0.070000
3697	0.100000
3698	0.200000
3699	0.080000
3700	0.020000
3701	0.080000
3702	0.050000
3703	0.010000
3704	0.150000
3705	0.650000
3706	0.140000
3707	0.000000
3708	0.000000
3709	0.130000
3710	0.030000
3711	0.080000
3712	0.190000
3713	0.230000
3714	0.010000
3715	0.260000
3716	0.160000
3717	0.200000
3718	0.200000
3719	0.100000
3720	0.100000
3721	0.070000
3722	0.070000
3723	0.010000
3724	0.340000
3725	0.050000
3726	0.250000
3727	0.210000
3728	0.050000
3729	0.210000
3730	0.050000
3731	0.210000
3732	0.270000
3733	0.200000
3734	0.000000
3735	0.030000
3736	0.000000
3737	0.050000
3738	0.080000
3739	0.040000
3740	0.020000
3741	0.130000
3742	0.060000
3743	0.070000
3744	0.010000
3745	0.130000
3746	0.340000
3747	0.090000
3748	0.070000
3749	0.070000
3750	0.020000
3751	0.070000
3752	0.160000
3753	0.060000
3754	0.310000
3755	0.100000
3756	0.430000
3757	0.150000
3758	0.090000
3759	0.070000
3760	0.210000
3761	0.230000
3762	0.080000
3763	0.010000
3764	0.040000
3765	0.020000
3766	0.040000
3767	0.030000
3768	0.420000
3769	0.280000
3770	0.100000
3771	0.280000
3772	0.010000
3773	0.290000
3774	0.110000
3775	0.110000
3776	0.130000
3777	0.050000
3778	0.350000
3779	0.060000
3780	0.210000
3781	0.060000
3782	0.090000
3783	0.040000
3784	0.080000
3785	0.030000
3786	0.100000
3787	0.000000
3788	0.030000
3789	0.130000
3790	0.070000
3791	0.080000
3792	0.370000
3793	0.000000
3794	0.110000
3795	0.020000
3796	0.160000
3797	0.060000
3798	0.030000
3799	0.040000
3800	0.030000
3801	0.210000
3802	0.020000
3803	0.000000
3804	0.230000
3805	0.030000
3806	0.210000
3807	0.100000
3808	0.250000
3809	0.080000
3810	0.080000
3811	0.120000
3812	0.150000
3813	0.060000
3814	0.010000
3815	0.110000
3816	0.100000
3817	0.040000
3818	0.040000
3819	0.130000
3820	0.130000
3821	0.260000
3822	0.180000
3823	0.450000
3824	0.430000
3825	0.060000
3826	0.030000
3827	0.180000
3828	0.130000
3829	0.170000
3830	0.080000
3831	0.030000
3832	0.150000
3833	0.220000
3834	0.130000
3835	0.130000
3836	0.260000
3837	0.100000
3838	0.020000
3839	0.030000
3840	0.100000
3841	0.540000
3842	0.380000
3843	0.030000
3844	0.220000
3845	0.030000
3846	0.190000
3847	0.110000
3848	0.050000
3849	0.180000
3850	0.230000
3851	0.220000
3852	0.040000
3853	0.110000
3854	0.100000
3855	0.090000
3856	0.000000
3857	0.110000
3858	0.100000
3859	0.360000
3860	0.020000
3861	0.080000
3862	0.060000
3863	0.070000
3864	0.070000
3865	0.010000
3866	0.070000
3867	0.050000
3868	0.170000
3869	0.000000
3870	0.030000
3871	0.120000
3872	0.110000
3873	0.020000
3874	0.170000
3875	0.110000
3876	0.080000
3877	0.020000
3878	0.320000
3879	0.020000
3880	0.120000
3881	0.140000
3882	0.070000
3883	0.030000
3884	0.340000
3885	0.230000
3886	0.180000
3887	0.170000
3888	0.140000
3889	0.210000
3890	0.120000
3891	0.030000
3892	0.240000
3893	0.010000
3894	0.120000
3895	0.100000
3896	0.040000
3897	0.010000
3898	0.080000
3899	0.120000
3900	0.190000
3901	0.010000
3902	0.130000
3903	0.040000
3904	0.060000
3905	0.130000
3906	0.140000
3907	0.070000
3908	0.050000
3909	0.050000
3910	0.110000
3911	0.000000
3912	0.140000
3913	0.080000
3914	0.180000
3915	0.050000
3916	0.390000
3917	0.100000
3918	0.080000
3919	0.060000
3920	0.030000
3921	0.100000
3922	0.030000
3923	0.100000
3924	0.070000
3925	0.160000
3926	0.000000
3927	0.160000
3928	0.040000
3929	0.410000
3930	0.160000
3931	0.100000
3932	0.000000
3933	0.060000
3934	0.240000
3935	0.030000
3936	0.050000
3937	0.080000
3938	0.060000
3939	0.040000
3940	0.180000
3941	0.040000
3942	0.400000
3943	0.030000
3944	0.070000
3945	0.450000
3946	0.280000
3947	0.090000
3948	0.130000
3949	0.030000
3950	0.150000
3951	0.260000
3952	0.040000
3953	0.110000
3954	0.110000
3955	0.180000
3956	0.000000
3957	0.090000
3958	0.140000
3959	0.020000
3960	0.050000
3961	0.090000
3962	0.010000
3963	0.330000
3964	0.060000
3965	0.210000
3966	0.060000
3967	0.140000
3968	0.120000
3969	0.030000
3970	0.120000
3971	0.310000
3972	0.080000
3973	0.020000
3974	0.070000
3975	0.070000
3976	0.230000
3977	0.040000
3978	0.130000
3979	0.080000
3980	0.070000
3981	0.190000
3982	0.090000
3983	0.030000
3984	0.110000
3985	0.080000
3986	0.080000
3987	0.110000
3988	0.030000
3989	0.150000
3990	0.040000
3991	0.120000
3992	0.250000
3993	0.210000
3994	0.130000
3995	0.220000
3996	0.040000
3997	0.210000
3998	0.090000
3999	0.130000
4000	0.000000
4001	0.030000
4002	0.090000
4003	0.060000
4004	0.170000
4005	0.130000
4006	0.150000
4007	0.220000
4008	0.020000
4009	0.290000
4010	0.060000
4011	0.040000
4012	0.030000
4013	0.150000
4014	0.090000
4015	0.080000
4016	0.270000
4017	0.020000
4018	0.240000
4019	0.050000
4020	0.170000
4021	0.160000
4022	0.170000
4023	0.050000
4024	0.050000
4025	0.020000
4026	0.050000
4027	0.030000
4028	0.170000
4029	0.100000
4030	0.060000
4031	0.130000
4032	0.090000
4033	0.370000
4034	0.120000
4035	0.050000
4036	0.050000
4037	0.070000
4038	0.030000
4039	0.080000
4040	0.020000
4041	0.160000
4042	0.320000
4043	0.060000
4044	0.110000
4045	0.000000
4046	0.090000
4047	0.080000
4048	0.310000
4049	0.440000
4050	0.220000
4051	0.060000
4052	0.030000
4053	0.090000
4054	0.020000
4055	0.150000
4056	0.020000
4057	0.010000
4058	0.390000
4059	0.070000
4060	0.140000
4061	0.000000
4062	0.280000
4063	0.060000
4064	0.080000
4065	0.050000
4066	0.110000
4067	0.200000
4068	0.050000
4069	0.000000
4070	0.140000
4071	0.030000
4072	0.050000
4073	0.020000
4074	0.020000
4075	0.080000
4076	0.020000
4077	0.100000
4078	0.030000
4079	0.110000
4080	0.080000
4081	0.080000
4082	0.090000
4083	0.210000
4084	0.010000
4085	0.410000
4086	0.290000
4087	0.150000
4088	0.050000
4089	0.300000
4090	0.130000
4091	0.050000
4092	0.150000
4093	0.110000
4094	0.140000
4095	0.070000
4096	0.130000
4097	0.060000
4098	0.200000
4099	0.200000
4100	0.040000
4101	0.040000
4102	0.130000
4103	0.010000
4104	0.140000
4105	0.010000
4106	0.020000
4107	0.190000
4108	0.040000
4109	0.060000
4110	0.050000
4111	0.050000
4112	0.090000
4113	0.000000
4114	0.240000
4115	0.150000
4116	0.210000
4117	0.220000
4118	0.220000
4119	0.000000
4120	0.060000
4121	0.070000
4122	0.220000
4123	0.100000
4124	0.030000
4125	0.030000
4126	0.310000
4127	0.120000
4128	0.060000
4129	0.050000
4130	0.350000
4131	0.050000
4132	0.100000
4133	0.020000
4134	0.150000
4135	0.100000
4136	0.060000
4137	0.120000
4138	0.040000
4139	0.130000
4140	0.270000
4141	0.270000
4142	0.020000
4143	0.050000
4144	0.090000
4145	0.070000
4146	0.040000
4147	0.110000
4148	0.130000
4149	0.080000
4150	0.080000
4151	0.030000
4152	0.140000
4153	0.090000
4154	0.030000
4155	0.080000
4156	0.160000
4157	0.020000
4158	0.010000
4159	0.030000
4160	0.310000
4161	0.150000
4162	0.080000
4163	0.040000
4164	0.030000
4165	0.080000
4166	0.050000
4167	0.210000
4168	0.080000
4169	0.720000
4170	0.120000
4171	0.070000
4172	0.100000
4173	0.040000
4174	0.060000
4175	0.090000
4176	0.070000
4177	0.180000
4178	0.030000
4179	0.030000
4180	0.030000
4181	0.060000
4182	0.110000
4183	0.200000
4184	0.030000
4185	0.140000
4186	0.240000
4187	0.130000
4188	0.020000
4189	0.070000
4190	0.010000
4191	0.060000
4192	0.000000
4193	0.170000
4194	0.150000
4195	0.030000
4196	0.010000
4197	0.010000
4198	0.090000
4199	0.030000
4200	0.120000
4201	0.010000
4202	0.040000
4203	0.060000
4204	0.190000
4205	0.030000
4206	0.000000
4207	0.080000
4208	0.080000
4209	0.060000
4210	0.290000
4211	0.000000
4212	0.100000
4213	0.300000
4214	0.040000
4215	0.270000
4216	0.010000
4217	0.280000
4218	0.050000
4219	0.160000
4220	0.190000
4221	0.120000
4222	0.100000
4223	0.020000
4224	0.150000
4225	0.120000
4226	0.030000
4227	0.410000
4228	0.050000
4229	0.020000
4230	0.000000
4231	0.060000
4232	0.100000
4233	0.070000
4234	0.120000
4235	0.090000
4236	0.100000
4237	0.170000
4238	0.190000
4239	0.160000
4240	0.090000
4241	0.060000
4242	0.040000
4243	0.010000
4244	0.050000
4245	0.220000
4246	0.000000
4247	0.120000
4248	0.070000
4249	0.020000
4250	0.040000
4251	0.050000
4252	0.050000
4253	0.360000
4254	0.060000
4255	0.030000
4256	0.050000
4257	0.030000
4258	0.170000
4259	0.060000
4260	0.180000
4261	0.360000
4262	0.040000
4263	0.100000
4264	0.020000
4265	0.180000
4266	0.190000
4267	0.090000
4268	0.010000
4269	0.020000
4270	0.020000
4271	0.160000
4272	0.260000
4273	0.030000
4274	0.060000
4275	0.040000
4276	0.070000
4277	0.560000
4278	0.070000
4279	0.370000
4280	0.130000
4281	0.100000
4282	0.000000
4283	0.080000
4284	0.160000
4285	0.320000
4286	0.030000
4287	0.300000
4288	0.010000
4289	0.150000
4290	0.070000
4291	0.190000
4292	0.080000
4293	0.050000
4294	0.090000
4295	0.000000
4296	0.060000
4297	0.070000
4298	0.130000
4299	0.090000
4300	0.060000
4301	0.050000
4302	0.080000
4303	0.130000
4304	0.070000
4305	0.260000
4306	0.020000
4307	0.030000
4308	0.150000
4309	0.080000
4310	0.240000
4311	0.090000
4312	0.410000
4313	0.140000
4314	0.020000
4315	0.110000
4316	0.060000
4317	0.080000
4318	0.110000
4319	0.020000
4320	0.100000
4321	0.040000
4322	0.280000
4323	0.030000
4324	0.080000
4325	0.070000
4326	0.160000
4327	0.110000
4328	0.200000
4329	0.090000
4330	0.050000
4331	0.010000
4332	0.020000
4333	0.330000
4334	0.220000
4335	0.300000
4336	0.020000
4337	0.190000
4338	0.020000
4339	0.100000
4340	0.040000
4341	0.050000
4342	0.160000
4343	0.060000
4344	0.800000
4345	0.280000
4346	0.090000
4347	0.050000
4348	0.000000
4349	0.010000
4350	0.030000
4351	0.210000
4352	0.260000
4353	0.060000
4354	0.210000
4355	0.120000
4356	0.260000
4357	0.080000
4358	0.070000
4359	0.040000
4360	0.080000
4361	0.140000
4362	0.080000
4363	0.130000
4364	0.070000
4365	0.000000
4366	0.010000
4367	0.060000
4368	0.140000
4369	0.030000
4370	0.060000
4371	0.200000
4372	0.040000
4373	0.200000
4374	0.170000
4375	0.100000
4376	0.030000
4377	0.260000
4378	0.090000
4379	0.110000
4380	0.190000
4381	0.090000
4382	0.010000
4383	0.000000
4384	0.070000
4385	0.020000
4386	0.700000
4387	0.400000
4388	0.190000
4389	0.030000
4390	0.120000
4391	0.060000
4392	0.040000
4393	0.030000
4394	0.090000
4395	0.050000
4396	0.000000
4397	0.130000
4398	0.050000
4399	0.080000
4400	0.030000
4401	0.100000
4402	0.060000
4403	0.160000
4404	0.070000
4405	0.070000
4406	0.190000
4407	0.040000
4408	0.170000
4409	0.130000
4410	0.040000
4411	0.140000
4412	0.090000
4413	0.060000
4414	0.120000
4415	0.110000
4416	0.100000
4417	0.170000
4418	0.220000
4419	0.060000
4420	0.060000
4421	0.020000
4422	0.210000
4423	0.090000
4424	0.070000
4425	0.620000
4426	0.040000
4427	0.050000
4428	0.030000
4429	0.020000
4430	0.150000
4431	0.050000
4432	0.040000
4433	0.130000
4434	0.000000
4435	0.090000
4436	0.150000
4437	0.130000
4438	0.090000
4439	0.100000
4440	0.040000
4441	0.050000
4442	0.040000
4443	0.090000
4444	0.180000
4445	0.030000
4446	0.220000
4447	0.320000
4448	0.460000
4449	0.130000
4450	0.170000
4451	0.120000
4452	0.140000
4453	0.100000
4454	0.080000
4455	0.080000
4456	0.110000
4457	0.150000
4458	0.120000
4459	0.150000
4460	0.070000
4461	0.130000
4462	0.020000
4463	0.020000
4464	0.030000
4465	0.010000
4466	0.140000
4467	0.100000
4468	0.060000
4469	0.020000
4470	0.090000
4471	0.070000
4472	0.330000
4473	0.060000
4474	0.030000
4475	0.040000
4476	0.100000
4477	0.080000
4478	0.230000
4479	0.130000
4480	0.180000
4481	0.030000
4482	0.400000
4483	0.090000
4484	0.040000
4485	0.060000
4486	0.010000
4487	0.160000
4488	0.020000
4489	0.230000
4490	0.140000
4491	0.150000
4492	0.030000
4493	0.010000
4494	0.070000
4495	0.010000
4496	0.160000
4497	0.130000
4498	0.130000
4499	0.100000
4500	0.050000
4501	0.090000
4502	0.260000
4503	0.010000
4504	0.030000
4505	0.040000
4506	0.230000
4507	0.170000
4508	0.430000
4509	0.220000
4510	0.470000
4511	0.230000
4512	0.180000
4513	0.070000
4514	0.020000
4515	0.070000
4516	0.030000
4517	0.130000
4518	0.020000
4519	0.030000
4520	0.160000
4521	0.090000
4522	0.120000
4523	0.430000
4524	0.080000
4525	0.020000
4526	0.050000
4527	0.010000
4528	0.090000
4529	0.050000
4530	0.050000
4531	0.160000
4532	0.090000
4533	0.060000
4534	0.140000
4535	0.050000
4536	0.070000
4537	0.040000
4538	0.050000
4539	0.040000
4540	0.120000
4541	0.180000
4542	0.020000
4543	0.460000
4544	0.060000
4545	0.010000
4546	0.090000
4547	0.040000
4548	0.050000
4549	0.040000
4550	0.070000
4551	0.040000
4552	0.220000
4553	0.040000
4554	0.050000
4555	0.070000
4556	0.110000
4557	0.080000
4558	0.000000
4559	0.070000
4560	0.290000
4561	0.080000
4562	0.300000
4563	0.080000
4564	0.070000
4565	0.050000
4566	0.060000
4567	0.040000
4568	0.040000
4569	0.140000
4570	0.020000
4571	0.070000
4572	0.150000
4573	0.100000
4574	0.040000
4575	0.140000
4576	0.020000
4577	0.130000
4578	0.430000
4579	0.300000
4580	0.060000
4581	0.060000
4582	0.040000
4583	0.030000
4584	0.090000
4585	0.140000
4586	0.050000
4587	0.060000
4588	0.050000
4589	0.190000
4590	0.070000
4591	0.230000
4592	0.210000
4593	0.210000
4594	0.030000
4595	0.100000
4596	0.040000
4597	0.040000
4598	0.090000
4599	0.090000
4600	0.220000
4601	0.070000
4602	0.090000
4603	0.030000
4604	0.090000
4605	0.190000
4606	0.110000
4607	0.300000
4608	0.010000
4609	0.210000
4610	0.060000
4611	0.230000
4612	0.040000
4613	0.050000
4614	0.030000
4615	0.140000
4616	0.020000
4617	0.010000
4618	0.190000
4619	0.070000
4620	0.030000
4621	0.170000
4622	0.020000
4623	0.090000
4624	0.060000
4625	0.060000
4626	0.140000
4627	0.090000
4628	0.040000
4629	0.070000
4630	0.080000
4631	0.070000
4632	0.090000
4633	0.070000
4634	0.110000
4635	0.040000
4636	0.030000
4637	0.040000
4638	0.050000
4639	0.030000
4640	0.190000
4641	0.050000
4642	0.060000
4643	0.110000
4644	0.060000
4645	0.030000
4646	0.070000
4647	0.390000
4648	0.060000
4649	0.030000
4650	0.150000
4651	0.000000
4652	0.010000
4653	0.130000
4654	0.060000
4655	0.200000
4656	0.100000
4657	0.040000
4658	0.150000
4659	0.190000
4660	0.060000
4661	0.300000
4662	0.050000
4663	0.070000
4664	0.000000
4665	0.050000
4666	0.070000
4667	0.080000
4668	0.100000
4669	0.040000
4670	0.230000
4671	0.130000
4672	0.050000
4673	0.320000
4674	0.070000
4675	0.150000
4676	0.070000
4677	0.010000
4678	0.170000
4679	0.100000
4680	0.150000
4681	0.220000
4682	0.150000
4683	0.000000
4684	0.090000
4685	0.090000
4686	0.200000
4687	0.130000
4688	0.080000
4689	0.050000
4690	0.050000
4691	0.040000
4692	0.000000
4693	0.080000
4694	0.070000
4695	0.010000
4696	0.020000
4697	0.170000
4698	0.030000
4699	0.140000
4700	0.240000
4701	0.080000
4702	0.100000
4703	0.050000
4704	0.190000
4705	0.140000
4706	0.150000
4707	0.040000
4708	0.240000
4709	0.120000
4710	0.020000
4711	0.060000
4712	0.040000
4713	0.000000
4714	0.100000
4715	0.180000
4716	0.050000
4717	0.140000
4718	0.170000
4719	0.050000
4720	0.090000
4721	0.150000
4722	0.050000
4723	0.030000
4724	0.050000
4725	0.250000
4726	0.180000
4727	0.080000
4728	0.330000
4729	0.130000
4730	0.000000
4731	0.080000
4732	0.440000
4733	0.070000
4734	0.060000
4735	0.060000
4736	0.160000
4737	0.170000
4738	0.170000
4739	0.080000
4740	0.030000
4741	0.070000
4742	0.090000
4743	0.070000
4744	0.090000
4745	0.150000
4746	0.060000
4747	0.200000
4748	0.310000
4749	0.020000
4750	0.210000
4751	0.020000
4752	0.010000
4753	0.060000
4754	0.220000
4755	0.050000
4756	0.010000
4757	0.130000
4758	0.050000
4759	0.050000
4760	0.050000
4761	0.020000
4762	0.060000
4763	0.030000
4764	0.050000
4765	0.350000
4766	0.030000
4767	0.010000
4768	0.010000
4769	0.060000
4770	0.020000
4771	0.230000
4772	0.110000
4773	0.070000
4774	0.110000
4775	0.010000
4776	0.060000
4777	0.070000
4778	0.020000
4779	0.300000
4780	0.140000
4781	0.040000
4782	0.170000
4783	0.050000
4784	0.230000
4785	0.210000
4786	0.280000
4787	0.040000
4788	0.110000
4789	0.130000
4790	0.160000
4791	0.130000
4792	0.030000
4793	0.030000
4794	0.140000
4795	0.130000
4796	0.270000
4797	0.040000
4798	0.040000
4799	0.100000
4800	0.020000
4801	0.120000
4802	0.360000
4803	0.080000
4804	0.010000
4805	0.020000
4806	0.300000
4807	0.130000
4808	0.340000
4809	0.050000
4810	0.180000
4811	0.080000
4812	0.070000
4813	0.100000
4814	0.110000
4815	0.090000
4816	0.220000
4817	0.090000
4818	0.080000
4819	0.080000
4820	0.010000
4821	0.160000
4822	0.070000
4823	0.370000
4824	0.120000
4825	0.060000
4826	0.260000
4827	0.000000
4828	0.070000
4829	0.250000
4830	0.100000
4831	0.250000
4832	0.100000
4833	0.040000
4834	0.200000
4835	0.110000
4836	0.020000
4837	0.140000
4838	0.020000
4839	0.000000
4840	0.010000
4841	0.090000
4842	0.090000
4843	0.100000
4844	0.080000
4845	0.100000
4846	0.020000
4847	0.160000
4848	0.050000
4849	0.060000
4850	0.020000
4851	0.070000
4852	0.260000
4853	0.090000
4854	0.090000
4855	0.260000
4856	0.150000
4857	0.140000
4858	0.110000
4859	0.020000
4860	0.030000
4861	0.190000
4862	0.140000
4863	0.040000
4864	0.070000
4865	0.130000
4866	0.040000
4867	0.450000
4868	0.150000
4869	0.100000
4870	0.080000
4871	0.020000
4872	0.000000
4873	0.040000
4874	0.050000
4875	0.130000
4876	0.040000
4877	0.020000
4878	0.040000
4879	0.270000
4880	0.010000
4881	0.040000
4882	0.310000
4883	0.060000
4884	0.180000
4885	0.030000
4886	0.220000
4887	0.010000
4888	0.340000
4889	0.200000
4890	0.130000
4891	0.080000
4892	0.140000
4893	0.090000
4894	0.090000
4895	0.060000
4896	0.020000
4897	0.300000
4898	0.180000
4899	0.170000
4900	0.010000
4901	0.160000
4902	0.190000
4903	0.070000
4904	0.200000
4905	0.190000
4906	0.210000
4907	0.120000
4908	0.110000
4909	0.150000
4910	0.070000
4911	0.040000
4912	0.010000
4913	0.050000
4914	0.060000
4915	0.130000
4916	0.160000
4917	0.070000
4918	0.220000
4919	0.090000
4920	0.120000
4921	0.080000
4922	0.090000
4923	0.060000
4924	0.050000
4925	0.070000
4926	0.010000
4927	0.010000
4928	0.150000
4929	0.050000
4930	0.160000
4931	0.080000
4932	0.110000
4933	0.120000
4934	0.180000
4935	0.030000
4936	0.040000
4937	0.100000
4938	0.080000
4939	0.130000
4940	0.190000
4941	0.040000
4942	0.160000
4943	0.050000
4944	0.070000
4945	0.260000
4946	0.190000
4947	0.100000
4948	0.510000
4949	0.060000
4950	0.270000
4951	0.220000
4952	0.110000
4953	0.230000
4954	0.180000
4955	0.060000
4956	0.210000
4957	0.300000
4958	0.230000
4959	0.120000
4960	0.030000
4961	0.120000
4962	0.240000
4963	0.050000
4964	0.150000
4965	0.110000
4966	0.110000
4967	0.050000
4968	0.020000
4969	0.030000
4970	0.000000
4971	0.050000
4972	0.270000
4973	0.060000
4974	0.030000
4975	0.120000
4976	0.000000
4977	0.150000
4978	0.150000
4979	0.300000
4980	0.150000
4981	0.090000
4982	0.080000
4983	0.030000
4984	0.030000
4985	0.150000
4986	0.060000
4987	0.110000
4988	0.060000
4989	0.110000
4990	0.070000
4991	0.010000
4992	0.000000
4993	0.080000
4994	0.090000
4995	0.240000
4996	0.010000
4997	0.010000
4998	0.050000
4999	0.070000
5000	0.200000
5001	0.180000
5002	0.350000
5003	0.060000
5004	0.040000
5005	0.090000
5006	0.000000
5007	0.040000
5008	0.180000
5009	0.110000
5010	0.050000
5011	0.260000
5012	0.010000
5013	0.070000
5014	0.130000
5015	0.360000
5016	0.080000
5017	0.070000
5018	0.120000
5019	0.200000
5020	0.020000
5021	0.120000
5022	0.040000
5023	0.120000
5024	0.070000
5025	0.090000
5026	0.480000
5027	0.060000
5028	0.040000
5029	0.080000
5030	0.060000
5031	0.040000
5032	0.160000
5033	0.050000
5034	0.170000
5035	0.120000
5036	0.110000
5037	0.180000
5038	0.220000
5039	0.130000
5040	0.100000
5041	0.220000
5042	0.110000
5043	0.020000
5044	0.040000
5045	0.070000
5046	0.370000
5047	0.050000
5048	0.070000
5049	0.210000
5050	0.070000
5051	0.020000
5052	0.030000
5053	0.330000
5054	0.390000
5055	0.010000
5056	0.140000
5057	0.080000
5058	0.030000
5059	0.090000
5060	0.100000
5061	0.130000
5062	0.030000
5063	0.140000
5064	0.140000
5065	0.190000
5066	0.010000
5067	0.080000
5068	0.050000
5069	0.030000
5070	0.250000
5071	0.140000
5072	0.040000
5073	0.030000
5074	0.320000
5075	0.140000
5076	0.070000
5077	0.280000
5078	0.000000
5079	0.080000
5080	0.000000
5081	0.090000
5082	0.050000
5083	0.180000
5084	0.260000
5085	0.180000
5086	0.170000
5087	0.100000
5088	0.090000
5089	0.050000
5090	0.160000
5091	0.060000
5092	0.070000
5093	0.060000
5094	0.120000
5095	0.070000
5096	0.140000
5097	0.080000
5098	0.190000
5099	0.050000
5100	0.360000
5101	0.000000
5102	0.120000
5103	0.380000
5104	0.090000
5105	0.050000
5106	0.080000
5107	0.020000
5108	0.080000
5109	0.120000
5110	0.020000
5111	0.330000
5112	0.230000
5113	0.270000
5114	0.080000
5115	0.080000
5116	0.030000
5117	0.060000
5118	0.180000
5119	0.040000
5120	0.200000
5121	0.110000
5122	0.030000
5123	0.050000
5124	0.060000
5125	0.070000
5126	0.110000
5127	0.100000
5128	0.110000
5129	0.100000
5130	0.030000
5131	0.000000
5132	0.090000
5133	0.070000
5134	0.050000
5135	0.080000
5136	0.040000
5137	0.100000
5138	0.080000
5139	0.050000
5140	0.200000
5141	0.050000
5142	0.180000
5143	0.140000
5144	0.030000
5145	0.020000
5146	0.020000
5147	0.080000
5148	0.100000
5149	0.070000
5150	0.010000
5151	0.080000
5152	0.010000
5153	0.250000
5154	0.030000
5155	0.060000
5156	0.410000
5157	0.130000
5158	0.060000
5159	0.040000
5160	0.000000
5161	0.190000
5162	0.030000
5163	0.180000
5164	0.040000
5165	0.140000
5166	0.180000
5167	0.200000
5168	0.030000
5169	0.110000
5170	0.060000
5171	0.010000
5172	0.260000
5173	0.140000
5174	0.000000
5175	0.060000
5176	0.050000
5177	0.060000
5178	0.240000
5179	0.070000
5180	0.130000
5181	0.130000
5182	0.200000
5183	0.100000
5184	0.150000
5185	0.100000
5186	0.160000
5187	0.220000
5188	0.120000
5189	0.100000
5190	0.050000
5191	0.060000
5192	0.040000
5193	0.160000
5194	0.050000
5195	0.110000
5196	0.020000
5197	0.040000
5198	0.200000
5199	0.060000
5200	0.120000
5201	0.110000
5202	0.010000
5203	0.040000
5204	0.030000
5205	0.170000
5206	0.050000
5207	0.040000
5208	0.120000
5209	0.170000
5210	0.090000
5211	0.100000
5212	0.080000
5213	0.040000
5214	0.070000
5215	0.040000
5216	0.050000
5217	0.190000
5218	0.040000
5219	0.130000
5220	0.490000
5221	0.010000
5222	0.280000
5223	0.150000
5224	0.060000
5225	0.180000
5226	0.160000
5227	0.150000
5228	0.070000
5229	0.040000
5230	0.130000
5231	0.030000
5232	0.050000
5233	0.100000
5234	0.100000
5235	0.060000
5236	0.140000
5237	0.120000
5238	0.020000
5239	0.030000
5240	0.050000
5241	0.090000
5242	0.190000
5243	0.070000
5244	0.010000
5245	0.000000
5246	0.020000
5247	0.060000
5248	0.090000
5249	0.150000
5250	0.150000
5251	0.100000
5252	0.130000
5253	0.280000
5254	0.050000
5255	0.170000
5256	0.280000
5257	0.050000
5258	0.020000
5259	0.050000
5260	0.160000
5261	0.090000
5262	0.030000
5263	0.260000
5264	0.180000
5265	0.210000
5266	0.030000
5267	0.070000
5268	0.130000
5269	0.200000
5270	0.130000
5271	0.290000
5272	0.080000
5273	0.230000
5274	0.050000
5275	0.060000
5276	0.110000
5277	0.270000
5278	0.070000
5279	0.080000
5280	0.040000
5281	0.180000
5282	0.220000
5283	0.260000
5284	0.040000
5285	0.040000
5286	0.210000
5287	0.130000
5288	0.020000
5289	0.350000
5290	0.030000
5291	0.070000
5292	0.040000
5293	0.090000
5294	0.060000
5295	0.000000
5296	0.050000
5297	0.040000
5298	0.150000
5299	0.010000
5300	0.240000
5301	0.090000
5302	0.200000
5303	0.120000
5304	0.060000
5305	0.050000
5306	0.230000
5307	0.070000
5308	0.000000
5309	0.050000
5310	0.150000
5311	0.050000
5312	0.290000
5313	0.000000
5314	0.000000
5315	0.040000
5316	0.020000
5317	0.230000
5318	0.180000
5319	0.100000
5320	0.030000
5321	0.120000
5322	0.040000
5323	0.150000
5324	0.130000
5325	0.030000
5326	0.080000
5327	0.010000
5328	0.060000
5329	0.350000
5330	0.060000
5331	0.110000
5332	0.150000
5333	0.370000
5334	0.010000
5335	0.210000
5336	0.090000
5337	0.060000
5338	0.250000
5339	0.160000
5340	0.120000
5341	0.030000
5342	0.090000
5343	0.030000
5344	0.110000
5345	0.130000
5346	0.010000
5347	0.150000
5348	0.090000
5349	0.140000
5350	0.070000
5351	0.040000
5352	0.120000
5353	0.150000
5354	0.100000
5355	0.170000
5356	0.090000
5357	0.080000
5358	0.070000
5359	0.400000
5360	0.050000
5361	0.190000
5362	0.050000
5363	0.070000
5364	0.090000
5365	0.070000
5366	0.120000
5367	0.610000
5368	0.010000
5369	0.180000
5370	0.070000
5371	0.430000
5372	0.060000
5373	0.090000
5374	0.140000
5375	0.040000
5376	0.170000
5377	0.070000
5378	0.030000
5379	0.020000
5380	0.030000
5381	0.060000
5382	0.030000
5383	0.010000
5384	0.090000
5385	0.040000
5386	0.170000
5387	0.410000
5388	0.060000
5389	0.130000
5390	0.090000
5391	0.000000
5392	0.040000
5393	0.000000
5394	0.240000
5395	0.090000
5396	0.140000
5397	0.280000
5398	0.020000
5399	0.090000
5400	0.040000
5401	0.050000
5402	0.100000
5403	0.100000
5404	0.260000
5405	0.010000
5406	0.110000
5407	0.030000
5408	0.050000
5409	0.000000
5410	0.020000
5411	0.000000
5412	0.170000
5413	0.170000
5414	0.040000
5415	0.070000
5416	0.050000
5417	0.020000
5418	0.180000
5419	0.100000
5420	0.110000
5421	0.100000
5422	0.020000
5423	0.140000
5424	0.120000
5425	0.000000
5426	0.070000
5427	0.140000
5428	0.340000
5429	0.070000
5430	0.060000
5431	0.070000
5432	0.090000
5433	0.210000
5434	0.110000
5435	0.090000
5436	0.070000
5437	0.130000
5438	0.030000
5439	0.010000
5440	0.060000
5441	0.160000
5442	0.090000
5443	0.170000
5444	0.110000
5445	0.220000
5446	0.170000
5447	0.090000
5448	0.200000
5449	0.190000
5450	0.220000
5451	0.090000
5452	0.180000
5453	0.240000
5454	0.090000
5455	0.030000
5456	0.080000
5457	0.150000
5458	0.240000
5459	0.120000
5460	0.110000
5461	0.040000
5462	0.090000
5463	0.220000
5464	0.090000
5465	0.060000
5466	0.140000
5467	0.010000
5468	0.050000
5469	0.120000
5470	0.110000
5471	0.020000
5472	0.230000
5473	0.120000
5474	0.060000
5475	0.280000
5476	0.050000
5477	0.050000
5478	0.050000
5479	0.080000
5480	0.190000
5481	0.040000
5482	0.420000
5483	0.040000
5484	0.170000
5485	0.160000
5486	0.040000
5487	0.080000
5488	0.250000
5489	0.040000
5490	0.090000
5491	0.150000
5492	0.210000
5493	0.140000
5494	0.060000
5495	0.080000
5496	0.040000
5497	0.150000
5498	0.050000
5499	0.080000
5500	0.040000
5501	0.080000
5502	0.070000
5503	0.020000
5504	0.150000
5505	0.050000
5506	0.040000
5507	0.120000
5508	0.070000
5509	0.020000
5510	0.110000
5511	0.300000
5512	0.150000
5513	0.040000
5514	0.030000
5515	0.060000
5516	0.060000
5517	0.400000
5518	0.130000
5519	0.140000
5520	0.160000
5521	0.040000
5522	0.180000
5523	0.170000
5524	0.040000
5525	0.020000
5526	0.230000
5527	0.020000
5528	0.090000
5529	0.010000
5530	0.070000
5531	0.250000
5532	0.030000
5533	0.050000
5534	0.020000
5535	0.180000
5536	0.230000
5537	0.090000
5538	0.000000
5539	0.370000
5540	0.090000
5541	0.070000
5542	0.130000
5543	0.290000
5544	0.080000
5545	0.080000
5546	0.050000
5547	0.160000
5548	0.070000
5549	0.000000
5550	0.410000
5551	0.040000
5552	0.000000
5553	0.110000
5554	0.060000
5555	0.300000
5556	0.080000
5557	0.180000
5558	0.140000
5559	0.090000
5560	0.040000
5561	0.180000
5562	0.080000
5563	0.080000
5564	0.000000
5565	0.070000
5566	0.100000
5567	0.090000
5568	0.130000
5569	0.160000
5570	0.170000
5571	0.120000
5572	0.130000
5573	0.190000
5574	0.170000
5575	0.050000
5576	0.240000
5577	0.010000
5578	0.120000
5579	0.000000
5580	0.180000
5581	0.100000
5582	0.170000
5583	0.060000
5584	0.070000
5585	0.180000
5586	0.050000
5587	0.000000
5588	0.040000
5589	0.010000
5590	0.040000
5591	0.030000
5592	0.070000
5593	0.130000
5594	0.120000
5595	0.310000
5596	0.200000
5597	0.150000
5598	0.120000
5599	0.060000
5600	0.130000
5601	0.080000
5602	0.100000
5603	0.070000
5604	0.140000
5605	0.480000
5606	0.040000
5607	0.130000
5608	0.060000
5609	0.040000
5610	0.060000
5611	0.080000
5612	0.030000
5613	0.110000
5614	0.300000
5615	0.090000
5616	0.200000
5617	0.170000
5618	0.050000
5619	0.040000
5620	0.210000
5621	0.340000
5622	0.120000
5623	0.010000
5624	0.080000
5625	0.190000
5626	0.080000
5627	0.140000
5628	0.050000
5629	0.130000
5630	0.120000
5631	0.070000
5632	0.080000
5633	0.030000
5634	0.130000
5635	0.020000
5636	0.420000
5637	0.030000
5638	0.010000
5639	0.040000
5640	0.040000
5641	0.090000
5642	0.100000
5643	0.490000
5644	0.060000
5645	0.270000
5646	0.100000
5647	0.100000
5648	0.090000
5649	0.030000
5650	0.210000
5651	0.000000
5652	0.000000
5653	0.040000
5654	0.250000
5655	0.110000
5656	0.000000
5657	0.290000
5658	0.070000
5659	0.140000
5660	0.090000
5661	0.130000
5662	0.010000
5663	0.180000
5664	0.150000
5665	0.040000
5666	0.070000
5667	0.300000
5668	0.050000
5669	0.040000
5670	0.080000
5671	0.120000
5672	0.030000
5673	0.060000
5674	0.070000
5675	0.370000
5676	0.060000
5677	0.230000
5678	0.100000
5679	0.340000
5680	0.070000
5681	0.020000
5682	0.350000
5683	0.150000
5684	0.130000
5685	0.090000
5686	0.220000
5687	0.100000
5688	0.100000
5689	0.410000
5690	0.050000
5691	0.130000
5692	0.070000
5693	0.020000
5694	0.070000
5695	0.050000
5696	0.050000
5697	0.010000
5698	0.220000
5699	0.180000
5700	0.050000
5701	0.120000
5702	0.050000
5703	0.030000
5704	0.080000
5705	0.240000
5706	0.170000
5707	0.080000
5708	0.260000
5709	0.180000
5710	0.080000
5711	0.030000
5712	0.130000
5713	0.040000
5714	0.070000
5715	0.060000
5716	0.160000
5717	0.290000
5718	0.240000
5719	0.000000
5720	0.080000
5721	0.090000
5722	0.350000
5723	0.230000
5724	0.100000
5725	0.050000
5726	0.110000
5727	0.130000
5728	0.100000
5729	0.090000
5730	0.090000
5731	0.150000
5732	0.030000
5733	0.200000
5734	0.210000
5735	0.030000
5736	0.080000
5737	0.070000
5738	0.150000
5739	0.000000
5740	0.120000
5741	0.090000
5742	0.090000
5743	0.040000
5744	0.300000
5745	0.100000
5746	0.100000
5747	0.140000
5748	0.090000
5749	0.130000
5750	0.160000
5751	0.010000
5752	0.040000
5753	0.030000
5754	0.100000
5755	0.000000
5756	0.050000
5757	0.160000
5758	0.050000
5759	0.110000
5760	0.050000
5761	0.050000
5762	0.190000
5763	0.270000
5764	0.050000
5765	0.050000
5766	0.030000
5767	0.060000
5768	0.080000
5769	0.050000
5770	0.130000
5771	0.070000
5772	0.000000
5773	0.060000
5774	0.070000
5775	0.050000
5776	0.170000
5777	0.150000
5778	0.190000
5779	0.110000
5780	0.300000
5781	0.000000
5782	0.060000
5783	0.040000
5784	0.080000
5785	0.190000
5786	0.100000
5787	0.160000
5788	0.170000
5789	0.000000
5790	0.080000
5791	0.110000
5792	0.170000
5793	0.020000
5794	0.050000
5795	0.630000
5796	0.000000
5797	0.090000
5798	0.130000
5799	0.080000
5800	0.030000
5801	0.110000
5802	0.060000
5803	0.090000
5804	0.050000
5805	0.130000
5806	0.130000
5807	0.070000
5808	0.120000
5809	0.200000
5810	0.030000
5811	0.130000
5812	0.420000
5813	0.080000
5814	0.070000
5815	0.100000
5816	0.000000
5817	0.060000
5818	0.050000
5819	0.090000
5820	0.080000
5821	0.070000
5822	0.070000
5823	0.150000
5824	0.150000
5825	0.140000
5826	0.160000
5827	0.080000
5828	0.020000
5829	0.060000
5830	0.100000
5831	0.650000
5832	0.050000
5833	0.030000
5834	0.020000
5835	0.050000
5836	0.070000
5837	0.160000
5838	0.220000
5839	0.030000
5840	0.260000
5841	0.180000
5842	0.130000
5843	0.170000
5844	0.050000
5845	0.270000
5846	0.120000
5847	0.220000
5848	0.270000
5849	0.040000
5850	0.030000
5851	0.140000
5852	0.220000
5853	0.120000
5854	0.210000
5855	0.040000
5856	0.090000
5857	0.100000
5858	0.040000
5859	0.040000
5860	0.150000
5861	0.070000
5862	0.070000
5863	0.020000
5864	0.050000
5865	0.080000
5866	0.040000
5867	0.090000
5868	0.050000
5869	0.080000
5870	0.050000
5871	0.060000
5872	0.190000
5873	0.090000
5874	0.230000
5875	0.150000
5876	0.070000
5877	0.070000
5878	0.120000
5879	0.110000
5880	0.350000
5881	0.160000
5882	0.110000
5883	0.070000
5884	0.100000
5885	0.110000
5886	0.250000
5887	0.170000
5888	0.440000
5889	0.180000
5890	0.130000
5891	0.200000
5892	0.070000
5893	0.160000
5894	0.040000
5895	0.030000
5896	0.110000
5897	0.020000
5898	0.060000
5899	0.010000
5900	0.070000
5901	0.030000
5902	0.090000
5903	0.090000
5904	0.010000
5905	0.060000
5906	0.100000
5907	0.070000
5908	0.210000
5909	0.080000
5910	0.070000
5911	0.040000
5912	0.060000
5913	0.060000
5914	0.050000
5915	0.160000
5916	0.100000
5917	0.060000
5918	0.050000
5919	0.090000
5920	0.180000
5921	0.100000
5922	0.200000
5923	0.030000
5924	0.110000
5925	0.150000
5926	0.140000
5927	0.130000
5928	0.010000
5929	0.180000
5930	0.010000
5931	0.160000
5932	0.060000
5933	0.100000
5934	0.060000
5935	0.050000
5936	0.080000
5937	0.060000
5938	0.100000
5939	0.110000
5940	0.130000
5941	0.030000
5942	0.160000
5943	0.110000
5944	0.010000
5945	0.030000
5946	0.090000
5947	0.010000
5948	0.280000
5949	0.240000
5950	0.450000
5951	0.110000
5952	0.090000
5953	0.180000
5954	0.320000
5955	0.070000
5956	0.240000
5957	0.060000
5958	0.160000
5959	0.100000
5960	0.080000
5961	0.140000
5962	0.060000
5963	0.170000
5964	0.260000
5965	0.100000
5966	0.160000
5967	0.030000
5968	0.100000
5969	0.120000
5970	0.080000
5971	0.180000
5972	0.210000
5973	0.100000
5974	0.060000
5975	0.110000
5976	0.080000
5977	0.020000
5978	0.310000
5979	0.000000
5980	0.150000
5981	0.030000
5982	0.100000
5983	0.080000
5984	0.080000
5985	0.060000
5986	0.150000
5987	0.070000
5988	0.050000
5989	0.040000
5990	0.230000
5991	0.060000
5992	0.040000
5993	0.070000
5994	0.160000
5995	0.140000
5996	0.320000
5997	0.170000
5998	0.260000
5999	0.020000
6000	0.040000
6001	0.110000
6002	0.190000
6003	0.040000
6004	0.080000
6005	0.220000
6006	0.190000
6007	0.180000
6008	0.070000
6009	0.050000
6010	0.110000
6011	0.110000
6012	0.030000
6013	0.070000
6014	0.060000
6015	0.070000
6016	0.410000
6017	0.030000
6018	0.130000
6019	0.050000
6020	0.060000
6021	0.160000
6022	0.120000
6023	0.050000
6024	0.150000
6025	0.060000
6026	0.080000
6027	0.020000
6028	0.120000
6029	0.000000
6030	0.200000
6031	0.060000
6032	0.100000
6033	0.100000
6034	0.050000
6035	0.050000
6036	0.090000
6037	0.140000
6038	0.010000
6039	0.170000
6040	0.370000
