1	0.200000
2	0.050000
3	0.050000
4	0.100000
5	0.000000
6	0.150000
7	0.000000
8	0.000000
9	0.100000
10	0.750000
11	0.050000
12	0.050000
13	0.150000
14	0.050000
15	0.150000
16	0.050000
17	0.500000
18	0.000000
19	0.400000
20	0.000000
21	0.100000
22	0.200000
23	0.050000
24	0.250000
25	0.100000
26	0.500000
27	0.150000
28	0.300000
29	0.200000
30	0.250000
31	0.050000
32	0.150000
33	0.400000
34	0.000000
35	0.100000
36	0.300000
37	0.000000
38	0.100000
39	0.250000
40	0.050000
41	0.050000
42	0.200000
43	0.150000
44	0.200000
45	0.050000
46	0.050000
47	0.100000
48	0.450000
49	0.200000
50	0.050000
51	0.150000
52	0.050000
53	0.000000
54	0.200000
55	0.250000
56	0.050000
57	0.000000
58	0.300000
59	0.500000
60	0.050000
61	0.000000
62	0.100000
63	0.300000
64	0.050000
65	0.200000
66	0.100000
67	0.000000
68	0.300000
69	0.100000
70	0.250000
71	0.100000
72	0.200000
73	0.100000
74	0.200000
75	0.250000
76	0.000000
77	0.100000
78	0.250000
79	0.000000
80	0.050000
81	0.150000
82	0.350000
83	0.000000
84	0.200000
85	0.150000
86	0.100000
87	0.250000
88	0.050000
89	0.000000
90	0.050000
91	0.250000
92	0.300000
93	0.250000
94	0.150000
95	0.150000
96	0.250000
97	0.250000
98	0.000000
99	0.100000
100	0.000000
101	0.050000
102	0.000000
103	0.100000
104	0.100000
105	0.100000
106	0.200000
107	0.050000
108	0.000000
109	0.300000
110	0.050000
111	0.000000
112	0.000000
113	0.050000
114	0.350000
115	0.000000
116	0.000000
117	0.700000
118	0.300000
119	0.100000
120	0.250000
121	0.300000
122	0.250000
123	0.450000
124	0.050000
125	0.050000
126	0.000000
127	0.300000
128	0.000000
129	0.050000
130	0.250000
131	0.350000
132	0.000000
133	0.000000
134	0.200000
135	0.150000
136	0.400000
137	0.200000
138	0.100000
139	0.150000
140	0.100000
141	0.000000
142	0.200000
143	0.150000
144	0.000000
145	0.050000
146	0.300000
147	0.350000
148	0.500000
149	0.350000
150	0.300000
151	0.100000
152	0.200000
153	0.100000
154	0.200000
155	0.000000
156	0.150000
157	0.400000
158	0.150000
159	0.250000
160	0.000000
161	0.150000
162	0.050000
163	0.050000
164	0.050000
165	0.100000
166	0.000000
167	0.000000
168	0.000000
169	0.350000
170	0.150000
171	0.050000
172	0.000000
173	0.550000
174	0.200000
175	0.550000
176	0.000000
177	0.300000
178	0.000000
179	0.100000
180	0.000000
181	0.100000
182	0.350000
183	0.050000
184	0.000000
185	0.100000
186	0.050000
187	0.350000
188	0.000000
189	0.050000
190	0.100000
191	0.050000
192	0.550000
193	0.150000
194	0.050000
195	0.550000
196	0.100000
197	0.050000
198	0.200000
199	0.300000
200	0.200000
201	0.100000
202	0.050000
203	0.000000
204	0.300000
205	0.250000
206	0.200000
207	0.050000
208	0.100000
209	0.000000
210	0.000000
211	0.000000
212	0.050000
213	0.050000
214	0.000000
215	0.050000
216	0.150000
217	0.000000
218	0.100000
219	0.150000
220	0.200000
221	0.000000
222	0.200000
223	0.200000
224	0.300000
225	0.200000
226	0.150000
227	0.100000
228	0.100000
229	0.250000
230	0.100000
231	0.200000
232	0.250000
233	0.150000
234	0.000000
235	0.100000
236	0.300000
237	0.100000
238	0.050000
239	0.100000
240	0.050000
241	0.050000
242	0.050000
243	0.200000
244	0.050000
245	0.450000
246	0.100000
247	0.000000
248	0.000000
249	0.150000
250	0.000000
251	0.000000
252	0.100000
253	0.150000
254	0.050000
255	0.600000
256	0.000000
257	0.200000
258	0.250000
259	0.100000
260	0.050000
261	0.000000
262	0.100000
263	0.400000
264	0.750000
265	0.250000
266	0.100000
267	0.050000
268	0.000000
269	0.100000
270	0.200000
271	0.150000
272	0.500000
273	0.200000
274	0.100000
275	0.300000
276	0.000000
277	0.150000
278	0.300000
279	0.000000
280	0.050000
281	0.050000
282	0.000000
283	0.100000
284	0.650000
285	0.250000
286	0.250000
287	0.050000
288	0.200000
289	0.200000
290	0.000000
291	0.100000
292	0.150000
293	0.150000
294	0.000000
295	0.150000
296	0.050000
297	0.200000
298	0.000000
299	0.100000
300	0.050000
301	0.150000
302	0.500000
303	0.050000
304	0.000000
305	0.000000
306	0.100000
307	0.050000
308	0.000000
309	0.300000
310	0.050000
311	0.250000
312	0.050000
313	0.050000
314	0.350000
315	0.000000
316	0.150000
317	0.000000
318	0.050000
319	0.400000
320	0.000000
321	0.500000
322	0.100000
323	0.200000
324	0.100000
325	0.000000
326	0.650000
327	0.150000
328	0.050000
329	0.350000
330	0.000000
331	0.150000
332	0.250000
333	0.100000
334	0.000000
335	0.100000
336	0.500000
337	0.250000
338	0.200000
339	0.050000
340	0.050000
341	0.000000
342	0.300000
343	0.350000
344	0.000000
345	0.050000
346	0.050000
347	0.050000
348	0.100000
349	0.300000
350	0.200000
351	0.000000
352	0.050000
353	0.100000
354	0.100000
355	0.400000
356	0.000000
357	0.050000
358	0.100000
359	0.100000
360	0.100000
361	0.000000
362	0.050000
363	0.000000
364	0.100000
365	0.000000
366	0.250000
367	0.100000
368	0.550000
369	0.000000
370	0.150000
371	0.250000
372	0.000000
373	0.350000
374	0.050000
375	0.100000
376	0.100000
377	0.200000
378	0.100000
379	0.000000
380	0.050000
381	0.000000
382	0.050000
383	0.100000
384	0.050000
385	0.350000
386	0.150000
387	0.100000
388	0.150000
389	0.000000
390	0.150000
391	0.100000
392	0.350000
393	0.100000
394	0.100000
395	0.100000
396	0.000000
397	0.050000
398	0.400000
399	0.050000
400	0.100000
401	0.100000
402	0.050000
403	0.250000
404	0.050000
405	0.000000
406	0.500000
407	0.000000
408	0.050000
409	0.100000
410	0.000000
411	0.450000
412	0.200000
413	0.000000
414	0.100000
415	0.300000
416	0.100000
417	0.050000
418	0.050000
419	0.550000
420	0.100000
421	0.000000
422	0.150000
423	0.200000
424	0.700000
425	0.050000
426	0.400000
427	0.000000
428	0.250000
429	0.200000
430	0.150000
431	0.350000
432	0.000000
433	0.000000
434	0.050000
435	0.300000
436	0.150000
437	0.050000
438	0.300000
439	0.050000
440	0.000000
441	0.050000
442	0.100000
443	0.050000
444	0.150000
445	0.150000
446	0.000000
447	0.000000
448	0.000000
449	0.100000
450	0.050000
451	0.150000
452	0.050000
453	0.350000
454	0.500000
455	0.050000
456	0.200000
457	0.100000
458	0.000000
459	0.100000
460	0.050000
461	0.350000
462	0.200000
463	0.000000
464	0.150000
465	0.150000
466	0.100000
467	0.250000
468	0.050000
469	0.150000
470	0.250000
471	0.150000
472	0.050000
473	0.300000
474	0.150000
475	0.050000
476	0.100000
477	0.050000
478	0.100000
479	0.150000
480	0.100000
481	0.100000
482	0.450000
483	0.000000
484	0.000000
485	0.050000
486	0.050000
487	0.050000
488	0.050000
489	0.150000
490	0.200000
491	0.100000
492	0.250000
493	0.100000
494	0.000000
495	0.050000
496	0.200000
497	0.000000
498	0.050000
499	0.300000
500	0.150000
501	0.000000
502	0.050000
503	0.000000
504	0.050000
505	0.000000
506	0.350000
507	0.100000
508	0.250000
509	0.500000
510	0.000000
511	0.000000
512	0.000000
513	0.050000
514	0.050000
515	0.200000
516	0.150000
517	0.050000
518	0.150000
519	0.150000
520	0.050000
521	0.050000
522	0.300000
523	0.050000
524	0.000000
525	0.100000
526	0.150000
527	0.100000
528	0.200000
529	0.300000
530	0.050000
531	0.500000
532	0.150000
533	0.650000
534	0.100000
535	0.000000
536	0.100000
537	0.200000
538	0.100000
539	0.100000
540	0.250000
541	0.200000
542	0.000000
543	0.150000
544	0.200000
545	0.000000
546	0.050000
547	0.400000
548	0.000000
549	0.250000
550	0.200000
551	0.100000
552	0.050000
553	0.050000
554	0.100000
555	0.050000
556	0.050000
557	0.050000
558	0.350000
559	0.050000
560	0.150000
561	0.100000
562	0.150000
563	0.600000
564	0.250000
565	0.050000
566	0.000000
567	0.100000
568	0.100000
569	0.000000
570	0.050000
571	0.100000
572	0.000000
573	0.100000
574	0.100000
575	0.350000
576	0.150000
577	0.300000
578	0.150000
579	0.100000
580	0.000000
581	0.100000
582	0.150000
583	0.000000
584	0.150000
585	0.250000
586	0.150000
587	0.200000
588	0.500000
589	0.000000
590	0.150000
591	0.200000
592	0.000000
593	0.050000
594	0.250000
595	0.050000
596	0.000000
597	0.150000
598	0.050000
599	0.200000
600	0.050000
601	0.100000
602	0.450000
603	0.150000
604	0.100000
605	0.100000
606	0.100000
607	0.000000
608	0.000000
609	0.400000
610	0.250000
611	0.150000
612	0.000000
613	0.000000
614	0.200000
615	0.100000
616	0.100000
617	0.050000
618	0.000000
619	0.050000
620	0.150000
621	0.000000
622	0.200000
623	0.250000
624	0.500000
625	0.000000
626	0.250000
627	0.050000
628	0.100000
629	0.450000
630	0.400000
631	0.050000
632	0.100000
633	0.100000
634	0.300000
635	0.100000
636	0.100000
637	0.600000
638	0.150000
639	0.400000
640	0.200000
641	0.500000
642	0.000000
643	0.300000
644	0.200000
645	0.100000
646	0.350000
647	0.250000
648	0.300000
649	0.200000
650	0.000000
651	0.600000
652	0.050000
653	0.050000
654	0.000000
655	0.150000
656	0.200000
657	0.150000
658	0.150000
659	0.050000
660	0.300000
661	0.300000
662	0.000000
663	0.000000
664	0.350000
665	0.200000
666	0.050000
667	0.100000
668	0.100000
669	0.200000
670	0.250000
671	0.350000
672	0.250000
673	0.050000
674	0.400000
675	0.400000
676	0.250000
677	0.000000
678	0.550000
679	0.100000
680	0.100000
681	0.000000
682	0.150000
683	0.300000
684	0.150000
685	0.150000
686	0.050000
687	0.300000
688	0.050000
689	0.050000
690	0.050000
691	0.050000
692	0.500000
693	0.000000
694	0.050000
695	0.100000
696	0.450000
697	0.000000
698	0.550000
699	0.250000
700	0.050000
701	0.100000
702	0.050000
703	0.000000
704	0.000000
705	0.250000
706	0.100000
707	0.050000
708	0.000000
709	0.000000
710	0.700000
711	0.200000
712	0.200000
713	0.150000
714	0.200000
715	0.100000
716	0.500000
717	0.000000
718	0.150000
719	0.050000
720	0.350000
721	0.450000
722	0.400000
723	0.100000
724	0.000000
725	0.150000
726	0.300000
727	0.400000
728	0.000000
729	0.350000
730	0.000000
731	0.050000
732	0.000000
733	0.050000
734	0.300000
735	0.350000
736	0.100000
737	0.600000
738	0.050000
739	0.250000
740	0.000000
741	0.000000
742	0.100000
743	0.250000
744	0.050000
745	0.000000
746	0.550000
747	0.250000
748	0.050000
749	0.200000
750	0.150000
751	0.000000
752	0.700000
753	0.200000
754	0.200000
755	0.500000
756	0.150000
757	0.350000
758	0.000000
759	0.100000
760	0.100000
761	0.150000
762	0.000000
763	0.000000
764	0.100000
765	0.450000
766	0.450000
767	0.000000
768	0.050000
769	0.100000
770	0.550000
771	0.000000
772	0.150000
773	0.000000
774	0.600000
775	0.000000
776	0.200000
777	0.350000
778	0.150000
779	0.400000
780	0.300000
781	0.000000
782	0.000000
783	0.050000
784	0.000000
785	0.150000
786	0.300000
787	0.100000
788	0.150000
789	0.200000
790	0.200000
791	0.300000
792	0.150000
793	0.150000
794	0.000000
795	0.200000
796	0.050000
797	0.050000
798	0.100000
799	0.000000
800	0.050000
801	0.200000
802	0.400000
803	0.100000
804	0.300000
805	0.000000
806	0.150000
807	0.050000
808	0.100000
809	0.150000
810	0.050000
811	0.450000
812	0.250000
813	0.150000
814	0.100000
815	0.100000
816	0.200000
817	0.100000
818	0.100000
819	0.200000
820	0.000000
821	0.000000
822	0.200000
823	0.400000
824	0.600000
825	0.150000
826	0.000000
827	0.000000
828	0.000000
829	0.350000
830	0.400000
831	0.050000
832	0.000000
833	0.200000
834	0.000000
835	0.000000
836	0.200000
837	0.050000
838	0.000000
839	0.350000
840	0.300000
841	0.000000
842	0.150000
843	0.050000
844	0.000000
845	0.250000
846	0.300000
847	0.100000
848	0.050000
849	0.000000
850	0.000000
851	0.050000
852	0.100000
853	0.050000
854	0.200000
855	0.250000
856	0.000000
857	0.350000
858	0.200000
859	0.150000
860	0.150000
861	0.050000
862	0.300000
863	0.250000
864	0.200000
865	0.050000
866	0.050000
867	0.050000
868	0.250000
869	0.450000
870	0.100000
871	0.050000
872	0.150000
873	0.250000
874	0.000000
875	0.200000
876	0.250000
877	0.200000
878	0.050000
879	0.000000
880	0.050000
881	0.250000
882	0.100000
883	0.050000
884	0.250000
885	0.200000
886	0.050000
887	0.000000
888	0.200000
889	0.150000
890	0.100000
891	0.200000
892	0.150000
893	0.000000
894	0.100000
895	0.050000
896	0.000000
897	0.250000
898	0.200000
899	0.450000
900	0.150000
901	0.000000
902	0.000000
903	0.350000
904	0.350000
905	0.000000
906	0.000000
907	0.050000
908	0.050000
909	0.000000
910	0.100000
911	0.400000
912	0.050000
913	0.000000
914	0.250000
915	0.000000
916	0.150000
917	0.050000
918	0.000000
919	0.100000
920	0.000000
921	0.200000
922	0.550000
923	0.050000
924	0.150000
925	0.150000
926	0.300000
927	0.300000
928	0.100000
929	0.250000
930	0.250000
931	0.300000
932	0.100000
933	0.150000
934	0.050000
935	0.050000
936	0.350000
937	0.250000
938	0.000000
939	0.000000
940	0.400000
941	0.050000
942	0.100000
943	0.150000
944	0.050000
945	0.250000
946	0.150000
947	0.000000
948	0.400000
949	0.600000
950	0.000000
951	0.050000
952	0.150000
953	0.250000
954	0.050000
955	0.250000
956	0.100000
957	0.400000
958	0.250000
959	0.150000
960	0.050000
961	0.350000
962	0.100000
963	0.150000
964	0.100000
965	0.100000
966	0.100000
967	0.000000
968	0.050000
969	0.050000
970	0.150000
971	0.250000
972	0.000000
973	0.350000
974	0.050000
975	0.200000
976	0.050000
977	0.250000
978	0.200000
979	0.200000
980	0.150000
981	0.150000
982	0.100000
983	0.150000
984	0.400000
985	0.200000
986	0.000000
987	0.200000
988	0.100000
989	0.150000
990	0.050000
991	0.050000
992	0.100000
993	0.200000
994	0.200000
995	0.150000
996	0.250000
997	0.100000
998	0.200000
999	0.100000
1000	0.050000
1001	0.550000
1002	0.000000
1003	0.100000
1004	0.350000
1005	0.100000
1006	0.150000
1007	0.000000
1008	0.050000
1009	0.100000
1010	0.200000
1011	0.100000
1012	0.100000
1013	0.000000
1014	0.050000
1015	0.350000
1016	0.000000
1017	0.050000
1018	0.100000
1019	0.500000
1020	0.050000
1021	0.500000
1022	0.150000
1023	0.050000
1024	0.100000
1025	0.050000
1026	0.000000
1027	0.150000
1028	0.100000
1029	0.200000
1030	0.100000
1031	0.150000
1032	0.150000
1033	0.150000
1034	0.200000
1035	0.000000
1036	0.050000
1037	0.050000
1038	0.000000
1039	0.150000
1040	0.150000
1041	0.050000
1042	0.000000
1043	0.050000
1044	0.300000
1045	0.100000
1046	0.000000
1047	0.100000
1048	0.200000
1049	0.000000
1050	0.450000
1051	0.250000
1052	0.050000
1053	0.200000
1054	0.000000
1055	0.000000
1056	0.000000
1057	0.000000
1058	0.300000
1059	0.250000
1060	0.000000
1061	0.150000
1062	0.000000
1063	0.200000
1064	0.300000
1065	0.050000
1066	0.000000
1067	0.150000
1068	0.450000
1069	0.050000
1070	0.000000
1071	0.000000
1072	0.000000
1073	0.200000
1074	0.000000
1075	0.050000
1076	0.100000
1077	0.500000
1078	0.100000
1079	0.250000
1080	0.000000
1081	0.200000
1082	0.150000
1083	0.100000
1084	0.450000
1085	0.100000
1086	0.250000
1087	0.450000
1088	0.850000
1089	0.000000
1090	0.100000
1091	0.150000
1092	0.250000
1093	0.100000
1094	0.000000
1095	0.000000
1096	0.100000
1097	0.100000
1098	0.050000
1099	0.100000
1100	0.150000
1101	0.350000
1102	0.000000
1103	0.000000
1104	0.100000
1105	0.200000
1106	0.100000
1107	0.200000
1108	0.000000
1109	0.000000
1110	0.150000
1111	0.050000
1112	0.950000
1113	0.350000
1114	0.100000
1115	0.000000
1116	0.250000
1117	0.700000
1118	0.000000
1119	0.050000
1120	0.500000
1121	0.250000
1122	0.450000
1123	0.000000
1124	0.700000
1125	0.550000
1126	0.050000
1127	0.100000
1128	0.050000
1129	0.050000
1130	0.250000
1131	0.100000
1132	0.200000
1133	0.100000
1134	0.200000
1135	0.550000
1136	0.050000
1137	0.050000
1138	0.150000
1139	0.050000
1140	0.000000
1141	0.400000
1142	0.300000
1143	0.000000
1144	0.050000
1145	0.150000
1146	0.100000
1147	0.250000
1148	0.200000
1149	0.100000
1150	0.250000
1151	0.100000
1152	0.150000
1153	0.150000
1154	0.000000
1155	0.100000
1156	0.000000
1157	0.150000
1158	0.150000
1159	0.250000
1160	0.300000
1161	0.100000
1162	0.100000
1163	0.050000
1164	0.650000
1165	0.150000
1166	0.050000
1167	0.100000
1168	0.150000
1169	0.000000
1170	0.300000
1171	0.050000
1172	0.250000
1173	0.050000
1174	0.000000
1175	0.050000
1176	0.050000
1177	0.200000
1178	0.000000
1179	0.100000
1180	0.050000
1181	0.500000
1182	0.250000
1183	0.100000
1184	0.200000
1185	0.100000
1186	0.100000
1187	0.000000
1188	0.150000
1189	0.000000
1190	0.000000
1191	0.000000
1192	0.200000
1193	0.150000
1194	0.400000
1195	0.050000
1196	0.100000
1197	0.050000
1198	0.200000
1199	0.000000
1200	0.100000
1201	0.050000
1202	0.700000
1203	0.200000
1204	0.050000
1205	0.000000
1206	0.250000
1207	0.600000
1208	0.050000
1209	0.550000
1210	0.150000
1211	0.100000
1212	0.050000
1213	0.000000
1214	0.000000
1215	0.700000
1216	0.350000
1217	0.050000
1218	0.350000
1219	0.300000
1220	0.000000
1221	0.000000
1222	0.100000
1223	0.100000
1224	0.150000
1225	0.050000
1226	0.000000
1227	0.150000
1228	0.100000
1229	0.150000
1230	0.150000
1231	0.000000
1232	0.150000
1233	0.300000
1234	0.200000
1235	0.000000
1236	0.100000
1237	0.000000
1238	0.150000
1239	0.250000
1240	0.050000
1241	0.050000
1242	0.500000
1243	0.200000
1244	0.200000
1245	0.400000
1246	0.400000
1247	0.050000
1248	0.000000
1249	0.150000
1250	0.000000
1251	0.250000
1252	0.050000
1253	0.050000
1254	0.000000
1255	0.050000
1256	0.000000
1257	0.000000
1258	0.000000
1259	0.200000
1260	0.350000
1261	0.300000
1262	0.050000
1263	0.100000
1264	0.250000
1265	0.100000
1266	0.150000
1267	0.050000
1268	0.300000
1269	0.200000
1270	0.050000
1271	0.150000
1272	0.050000
1273	0.050000
1274	0.450000
1275	0.100000
1276	0.200000
1277	0.000000
1278	0.100000
1279	0.250000
1280	0.100000
1281	0.000000
1282	0.050000
1283	0.250000
1284	0.350000
1285	0.350000
1286	0.000000
1287	0.150000
1288	0.000000
1289	0.150000
1290	0.000000
1291	0.200000
1292	0.100000
1293	0.000000
1294	0.200000
1295	0.000000
1296	0.100000
1297	0.250000
1298	0.550000
1299	0.300000
1300	0.350000
1301	0.350000
1302	0.200000
1303	0.600000
1304	0.200000
1305	0.000000
1306	0.200000
1307	0.100000
1308	0.150000
1309	0.000000
1310	0.000000
1311	0.100000
1312	0.200000
1313	0.050000
1314	0.150000
1315	0.300000
1316	0.000000
1317	0.400000
1318	0.000000
1319	0.050000
1320	0.400000
1321	0.150000
1322	0.150000
1323	0.150000
1324	0.000000
1325	0.500000
1326	0.000000
1327	0.000000
1328	0.100000
1329	0.350000
1330	0.050000
1331	0.000000
1332	0.300000
1333	0.400000
1334	0.250000
1335	0.100000
1336	0.200000
1337	0.300000
1338	0.200000
1339	0.150000
1340	0.400000
1341	0.000000
1342	0.050000
1343	0.650000
1344	0.150000
1345	0.450000
1346	0.000000
1347	0.000000
1348	0.250000
1349	0.250000
1350	0.200000
1351	0.050000
1352	0.300000
1353	0.250000
1354	0.400000
1355	0.100000
1356	0.200000
1357	0.400000
1358	0.200000
1359	0.150000
1360	0.000000
1361	0.000000
1362	0.150000
1363	0.000000
1364	0.000000
1365	0.000000
1366	0.100000
1367	0.300000
1368	0.100000
1369	0.600000
1370	0.000000
1371	0.050000
1372	0.000000
1373	0.100000
1374	0.050000
1375	0.000000
1376	0.000000
1377	0.350000
1378	0.100000
1379	0.050000
1380	0.350000
1381	0.050000
1382	0.200000
1383	0.500000
1384	0.100000
1385	0.050000
1386	0.200000
1387	0.500000
1388	0.100000
1389	0.350000
1390	0.200000
1391	0.150000
1392	0.250000
1393	0.100000
1394	0.000000
1395	0.500000
1396	0.250000
1397	0.000000
1398	0.050000
1399	0.450000
1400	0.200000
1401	0.050000
1402	0.250000
1403	0.400000
1404	0.050000
1405	0.000000
1406	0.050000
1407	0.300000
1408	0.250000
1409	0.200000
1410	0.000000
1411	0.100000
1412	0.000000
1413	0.100000
1414	0.150000
1415	0.150000
1416	0.150000
1417	0.000000
1418	0.100000
1419	0.000000
1420	0.250000
1421	0.200000
1422	0.350000
1423	0.050000
1424	0.100000
1425	0.350000
1426	0.200000
1427	0.100000
1428	0.000000
1429	0.000000
1430	0.250000
1431	0.000000
1432	0.100000
1433	0.000000
1434	0.200000
1435	0.050000
1436	0.200000
1437	0.450000
1438	0.250000
1439	0.100000
1440	0.150000
1441	0.000000
1442	0.000000
1443	0.000000
1444	0.000000
1445	0.050000
1446	0.450000
1447	0.500000
1448	0.350000
1449	0.300000
1450	0.050000
1451	0.350000
1452	0.000000
1453	0.150000
1454	0.000000
1455	0.200000
1456	0.000000
1457	0.050000
1458	0.050000
1459	0.050000
1460	0.000000
1461	0.050000
1462	0.050000
1463	0.000000
1464	0.150000
1465	0.000000
1466	0.100000
1467	0.300000
1468	0.200000
1469	0.250000
1470	0.250000
1471	0.000000
1472	0.100000
1473	0.050000
1474	0.250000
1475	0.050000
1476	0.200000
1477	0.200000
1478	0.000000
1479	0.100000
1480	0.000000
1481	0.200000
1482	0.100000
1483	0.500000
1484	0.050000
1485	0.000000
1486	0.100000
1487	0.000000
1488	0.100000
1489	0.300000
1490	0.500000
1491	0.350000
1492	0.100000
1493	0.050000
1494	0.300000
1495	0.200000
1496	0.300000
1497	0.250000
1498	0.150000
1499	0.300000
1500	0.050000
1501	0.550000
1502	0.000000
1503	0.050000
1504	0.000000
1505	0.350000
1506	0.050000
1507	0.200000
1508	0.000000
1509	0.200000
1510	0.000000
1511	0.100000
1512	0.050000
1513	0.150000
1514	0.100000
1515	0.200000
1516	0.400000
1517	0.150000
1518	0.300000
1519	0.050000
1520	0.050000
1521	0.000000
1522	0.300000
1523	0.200000
1524	0.250000
1525	0.150000
1526	0.000000
1527	0.250000
1528	0.000000
1529	0.100000
1530	0.300000
1531	0.000000
1532	0.200000
1533	0.200000
1534	0.050000
1535	0.100000
1536	0.100000
1537	0.000000
1538	0.100000
1539	0.050000
1540	0.050000
1541	0.050000
1542	0.350000
1543	0.100000
1544	0.450000
1545	0.050000
1546	0.350000
1547	0.100000
1548	0.250000
1549	0.000000
1550	0.200000
1551	0.150000
1552	0.000000
1553	0.150000
1554	0.000000
1555	0.100000
1556	0.400000
1557	0.100000
1558	0.250000
1559	0.000000
1560	0.050000
1561	0.050000
1562	0.050000
1563	0.000000
1564	0.250000
1565	0.050000
1566	0.000000
1567	0.000000
1568	0.000000
1569	0.150000
1570	0.050000
1571	0.050000
1572	0.100000
1573	0.000000
1574	0.200000
1575	0.250000
1576	0.100000
1577	0.100000
1578	0.200000
1579	0.450000
1580	0.000000
1581	0.000000
1582	0.050000
1583	0.000000
1584	0.350000
1585	0.000000
1586	0.650000
1587	0.200000
1588	0.100000
1589	0.100000
1590	0.100000
1591	0.200000
1592	0.350000
1593	0.400000
1594	0.150000
1595	0.150000
1596	0.050000
1597	0.300000
1598	0.550000
1599	0.600000
1600	0.250000
1601	0.250000
1602	0.000000
1603	0.000000
1604	0.050000
1605	0.350000
1606	0.100000
1607	0.000000
1608	0.650000
1609	0.300000
1610	0.050000
1611	0.400000
1612	0.000000
1613	0.000000
1614	0.250000
1615	0.000000
1616	0.200000
1617	0.050000
1618	0.150000
1619	0.100000
1620	0.000000
1621	0.050000
1622	0.000000
1623	0.250000
1624	0.400000
1625	0.150000
1626	0.050000
1627	0.050000
1628	0.450000
1629	0.000000
1630	0.150000
1631	0.050000
1632	0.150000
1633	0.000000
1634	0.100000
1635	0.350000
1636	0.450000
1637	0.100000
1638	0.050000
1639	0.300000
1640	0.200000
1641	0.050000
1642	0.000000
1643	0.000000
1644	0.100000
1645	0.350000
1646	0.000000
1647	0.350000
1648	0.000000
1649	0.000000
1650	0.250000
1651	0.050000
1652	0.000000
1653	0.200000
1654	0.150000
1655	0.300000
1656	0.000000
1657	0.250000
1658	0.450000
1659	0.050000
1660	0.000000
1661	0.050000
1662	0.200000
1663	0.150000
1664	0.050000
1665	0.500000
1666	0.600000
1667	0.750000
1668	0.000000
1669	0.100000
1670	0.000000
1671	0.250000
1672	0.000000
1673	0.100000
1674	0.100000
1675	0.100000
1676	0.350000
1677	0.050000
1678	0.250000
1679	0.150000
1680	0.650000
1681	0.200000
1682	0.000000
1683	0.050000
1684	0.000000
1685	0.050000
1686	0.050000
1687	0.050000
1688	0.100000
1689	0.150000
1690	0.300000
1691	0.150000
1692	0.150000
1693	0.050000
1694	0.500000
1695	0.150000
1696	0.100000
1697	0.450000
1698	0.150000
1699	0.150000
1700	0.050000
1701	0.100000
1702	0.100000
1703	0.150000
1704	0.100000
1705	0.100000
1706	0.100000
1707	0.150000
1708	0.150000
1709	0.000000
1710	0.000000
1711	0.000000
1712	0.550000
1713	0.000000
1714	0.050000
1715	0.000000
1716	0.000000
1717	0.050000
1718	0.050000
1719	0.250000
1720	0.050000
1721	0.350000
1722	0.050000
1723	0.150000
1724	0.000000
1725	0.000000
1726	0.300000
1727	0.050000
1728	0.050000
1729	0.000000
1730	0.000000
1731	0.050000
1732	0.050000
1733	0.900000
1734	0.000000
1735	0.150000
1736	0.000000
1737	0.400000
1738	0.300000
1739	0.100000
1740	0.000000
1741	0.000000
1742	0.200000
1743	0.100000
1744	0.050000
1745	0.250000
1746	0.100000
1747	0.100000
1748	0.400000
1749	0.650000
1750	0.000000
1751	0.100000
1752	0.150000
1753	0.100000
1754	0.050000
1755	0.400000
1756	0.150000
1757	0.100000
1758	0.200000
1759	0.050000
1760	0.150000
1761	0.450000
1762	0.200000
1763	0.100000
1764	0.050000
1765	0.100000
1766	0.000000
1767	0.350000
1768	0.050000
1769	0.300000
1770	0.000000
1771	0.250000
1772	0.200000
1773	0.050000
1774	0.050000
1775	0.450000
1776	0.250000
1777	0.150000
1778	0.500000
1779	0.150000
1780	0.650000
1781	0.000000
1782	0.050000
1783	0.000000
1784	0.000000
1785	0.000000
1786	0.150000
1787	0.000000
1788	0.000000
1789	0.000000
1790	0.350000
1791	0.300000
1792	0.000000
1793	0.150000
1794	0.450000
1795	0.100000
1796	0.100000
1797	0.300000
1798	0.000000
1799	0.150000
1800	0.200000
1801	0.000000
1802	0.150000
1803	0.100000
1804	0.250000
1805	0.150000
1806	0.100000
1807	0.150000
1808	0.050000
1809	0.250000
1810	0.000000
1811	0.100000
1812	0.700000
1813	0.000000
1814	0.100000
1815	0.050000
1816	0.150000
1817	0.500000
1818	0.050000
1819	0.200000
1820	0.050000
1821	0.100000
1822	0.000000
1823	0.200000
1824	0.050000
1825	0.200000
1826	0.200000
1827	0.250000
1828	0.300000
1829	0.250000
1830	0.150000
1831	0.250000
1832	0.050000
1833	0.200000
1834	0.050000
1835	0.100000
1836	0.200000
1837	0.650000
1838	0.000000
1839	0.050000
1840	0.100000
1841	0.050000
1842	0.200000
1843	0.100000
1844	0.050000
1845	0.100000
1846	0.050000
1847	0.150000
1848	0.000000
1849	0.200000
1850	0.050000
1851	0.150000
1852	0.450000
1853	0.050000
1854	0.050000
1855	0.050000
1856	0.250000
1857	0.050000
1858	0.400000
1859	0.100000
1860	0.200000
1861	0.300000
1862	0.100000
1863	0.300000
1864	0.000000
1865	0.100000
1866	0.150000
1867	0.050000
1868	0.100000
1869	0.050000
1870	0.050000
1871	0.100000
1872	0.050000
1873	0.250000
1874	0.100000
1875	0.250000
1876	0.100000
1877	0.050000
1878	0.150000
1879	0.400000
1880	0.000000
1881	0.000000
1882	0.150000
1883	0.250000
1884	0.550000
1885	0.100000
1886	0.050000
1887	0.300000
1888	0.150000
1889	0.000000
1890	0.450000
1891	0.150000
1892	0.050000
1893	0.050000
1894	0.150000
1895	0.100000
1896	0.400000
1897	0.400000
1898	0.100000
1899	0.700000
1900	0.000000
1901	0.250000
1902	0.150000
1903	0.450000
1904	0.200000
1905	0.300000
1906	0.100000
1907	0.100000
1908	0.150000
1909	0.200000
1910	0.050000
1911	0.100000
1912	0.850000
1913	0.150000
1914	0.200000
1915	0.000000
1916	0.000000
1917	0.300000
1918	0.100000
1919	0.000000
1920	0.550000
1921	0.000000
1922	0.200000
1923	0.050000
1924	0.250000
1925	0.250000
1926	0.000000
1927	0.000000
1928	0.050000
1929	0.150000
1930	0.150000
1931	0.200000
1932	0.000000
1933	0.000000
1934	0.250000
1935	0.000000
1936	0.000000
1937	0.350000
1938	0.000000
1939	0.300000
1940	0.100000
1941	0.800000
1942	0.000000
1943	0.400000
1944	0.050000
1945	0.100000
1946	0.050000
1947	0.150000
1948	0.100000
1949	0.150000
1950	0.000000
1951	0.000000
1952	0.100000
1953	0.050000
1954	0.050000
1955	0.000000
1956	0.050000
1957	0.100000
1958	0.700000
1959	0.000000
1960	0.050000
1961	0.250000
1962	0.300000
1963	0.150000
1964	0.000000
1965	0.000000
1966	0.050000
1967	0.100000
1968	0.100000
1969	0.250000
1970	0.200000
1971	0.050000
1972	0.200000
1973	0.000000
1974	0.050000
1975	0.000000
1976	0.050000
1977	0.100000
1978	0.250000
1979	0.200000
1980	0.900000
1981	0.050000
1982	0.100000
1983	0.450000
1984	0.000000
1985	0.300000
1986	0.050000
1987	0.050000
1988	0.500000
1989	0.000000
1990	0.000000
1991	0.200000
1992	0.150000
1993	0.000000
1994	0.100000
1995	0.050000
1996	0.350000
1997	0.050000
1998	0.700000
1999	0.100000
2000	0.150000
2001	0.100000
2002	0.000000
2003	0.250000
2004	0.050000
2005	0.300000
2006	0.150000
2007	0.100000
2008	0.450000
2009	0.200000
2010	0.500000
2011	0.350000
2012	0.600000
2013	0.400000
2014	0.100000
2015	0.700000
2016	0.200000
2017	0.150000
2018	0.150000
2019	0.100000
2020	0.500000
2021	0.050000
2022	0.250000
2023	0.400000
2024	0.000000
2025	0.200000
2026	0.150000
2027	0.250000
2028	0.000000
2029	0.650000
2030	0.550000
2031	0.300000
2032	0.150000
2033	0.000000
2034	0.100000
2035	0.400000
2036	0.000000
2037	0.000000
2038	0.350000
2039	0.250000
2040	0.100000
2041	0.800000
2042	0.150000
2043	0.300000
2044	0.050000
2045	0.050000
2046	0.050000
2047	0.400000
2048	0.050000
2049	0.200000
2050	0.100000
2051	0.100000
2052	0.200000
2053	0.000000
2054	0.350000
2055	0.050000
2056	0.100000
2057	0.200000
2058	0.050000
2059	0.000000
2060	0.200000
2061	0.000000
2062	0.100000
2063	0.450000
2064	0.000000
2065	0.150000
2066	0.100000
2067	0.000000
2068	0.200000
2069	0.150000
2070	0.400000
2071	0.400000
2072	0.000000
2073	0.700000
2074	0.100000
2075	0.250000
2076	0.150000
2077	0.250000
2078	0.150000
2079	0.100000
2080	0.100000
2081	0.050000
2082	0.150000
2083	0.050000
2084	0.100000
2085	0.050000
2086	0.000000
2087	0.050000
2088	0.250000
2089	0.050000
2090	0.000000
2091	0.000000
2092	0.500000
2093	0.050000
2094	0.000000
2095	0.150000
2096	0.200000
2097	0.200000
2098	0.250000
2099	0.050000
2100	0.150000
2101	0.150000
2102	0.200000
2103	0.000000
2104	0.100000
2105	0.350000
2106	0.750000
2107	0.100000
2108	0.100000
2109	0.100000
2110	0.150000
2111	0.000000
2112	0.150000
2113	0.000000
2114	0.200000
2115	0.100000
2116	0.700000
2117	0.000000
2118	0.150000
2119	0.150000
2120	0.150000
2121	0.700000
2122	0.150000
2123	0.000000
2124	0.050000
2125	0.150000
2126	0.350000
2127	0.100000
2128	0.050000
2129	0.000000
2130	0.000000
2131	0.200000
2132	0.050000
2133	0.000000
2134	0.000000
2135	0.100000
2136	0.150000
2137	0.000000
2138	0.000000
2139	0.000000
2140	0.450000
2141	0.000000
2142	0.000000
2143	0.000000
2144	0.150000
2145	0.000000
2146	0.350000
2147	0.000000
2148	0.050000
2149	0.000000
2150	0.000000
2151	0.050000
2152	0.050000
2153	0.150000
2154	0.150000
2155	0.100000
2156	0.050000
2157	0.200000
2158	0.300000
2159	0.100000
2160	0.100000
2161	0.000000
2162	0.150000
2163	0.000000
2164	0.000000
2165	0.050000
2166	0.200000
2167	0.050000
2168	0.400000
2169	0.000000
2170	0.400000
2171	0.300000
2172	0.200000
2173	0.000000
2174	0.050000
2175	0.300000
2176	0.200000
2177	0.300000
2178	0.000000
2179	0.000000
2180	0.050000
2181	0.100000
2182	0.150000
2183	0.050000
2184	0.000000
2185	0.150000
2186	0.400000
2187	0.050000
2188	0.400000
2189	0.150000
2190	0.100000
2191	0.000000
2192	0.050000
2193	0.100000
2194	0.350000
2195	0.250000
2196	0.150000
2197	0.000000
2198	0.050000
2199	0.550000
2200	0.100000
2201	0.250000
2202	0.000000
2203	0.000000
2204	0.000000
2205	0.150000
2206	0.100000
2207	0.000000
2208	0.400000
2209	0.000000
2210	0.000000
2211	0.050000
2212	0.000000
2213	0.000000
2214	0.150000
2215	0.250000
2216	0.050000
2217	0.000000
2218	0.000000
2219	0.200000
2220	0.050000
2221	0.100000
2222	0.100000
2223	0.000000
2224	0.000000
2225	0.150000
2226	0.100000
2227	0.250000
2228	0.050000
2229	0.050000
2230	0.050000
2231	0.200000
2232	0.150000
2233	0.000000
2234	0.000000
2235	0.050000
2236	0.050000
2237	0.000000
2238	0.100000
2239	0.200000
2240	0.100000
2241	0.200000
2242	0.300000
2243	0.150000
2244	0.550000
2245	0.050000
2246	0.250000
2247	0.500000
2248	0.050000
2249	0.050000
2250	0.100000
2251	0.000000
2252	0.000000
2253	0.000000
2254	0.300000
2255	0.300000
2256	0.000000
2257	0.050000
2258	0.200000
2259	0.000000
2260	0.050000
2261	0.200000
2262	0.250000
2263	0.100000
2264	0.050000
2265	0.100000
2266	0.150000
2267	0.000000
2268	0.000000
2269	0.050000
2270	0.250000
2271	0.450000
2272	0.250000
2273	0.150000
2274	0.050000
2275	0.000000
2276	0.100000
2277	0.100000
2278	0.050000
2279	0.050000
2280	0.000000
2281	0.050000
2282	0.200000
2283	0.150000
2284	0.250000
2285	0.150000
2286	0.050000
2287	0.050000
2288	0.700000
2289	0.000000
2290	0.150000
2291	0.000000
2292	0.000000
2293	0.250000
2294	0.200000
2295	0.100000
2296	0.050000
2297	0.050000
2298	0.100000
2299	0.000000
2300	0.100000
2301	0.000000
2302	0.100000
2303	0.550000
2304	0.150000
2305	0.150000
2306	0.100000
2307	0.350000
2308	0.000000
2309	0.200000
2310	0.050000
2311	0.000000
2312	0.000000
2313	0.000000
2314	0.150000
2315	0.050000
2316	0.050000
2317	0.200000
2318	0.000000
2319	0.100000
2320	0.000000
2321	0.100000
2322	0.000000
2323	0.200000
2324	0.100000
2325	0.100000
2326	0.000000
2327	0.150000
2328	0.000000
2329	0.000000
2330	0.200000
2331	0.150000
2332	0.150000
2333	0.000000
2334	0.450000
2335	0.150000
2336	0.000000
2337	0.150000
2338	0.300000
2339	0.000000
2340	0.100000
2341	0.150000
2342	0.300000
2343	0.200000
2344	0.200000
2345	0.100000
2346	0.000000
2347	0.100000
2348	0.250000
2349	0.050000
2350	0.100000
2351	0.250000
2352	0.150000
2353	0.150000
2354	0.450000
2355	0.000000
2356	0.000000
2357	0.050000
2358	0.100000
2359	0.200000
2360	0.100000
2361	0.000000
2362	0.100000
2363	0.100000
2364	0.200000
2365	0.150000
2366	0.150000
2367	0.000000
2368	0.050000
2369	0.000000
2370	0.150000
2371	0.000000
2372	0.050000
2373	0.050000
2374	0.400000
2375	0.000000
2376	0.350000
2377	0.150000
2378	0.200000
2379	0.100000
2380	0.400000
2381	0.100000
2382	0.150000
2383	0.500000
2384	0.100000
2385	0.100000
2386	0.300000
2387	0.050000
2388	0.150000
2389	0.000000
2390	0.150000
2391	0.400000
2392	0.100000
2393	0.200000
2394	0.000000
2395	0.200000
2396	0.050000
2397	0.000000
2398	0.000000
2399	0.000000
2400	0.100000
2401	0.050000
2402	0.200000
2403	0.350000
2404	0.100000
2405	0.150000
2406	0.150000
2407	0.050000
2408	0.050000
2409	0.050000
2410	0.000000
2411	0.050000
2412	0.000000
2413	0.000000
2414	0.150000
2415	0.100000
2416	0.050000
2417	0.100000
2418	0.100000
2419	0.650000
2420	0.250000
2421	0.050000
2422	0.100000
2423	0.100000
2424	0.150000
2425	0.050000
2426	0.050000
2427	0.150000
2428	0.400000
2429	0.050000
2430	0.050000
2431	0.100000
2432	0.200000
2433	0.000000
2434	0.050000
2435	0.200000
2436	0.350000
2437	0.050000
2438	0.100000
2439	0.050000
2440	0.100000
2441	0.000000
2442	0.050000
2443	0.050000
2444	0.050000
2445	0.100000
2446	0.500000
2447	0.000000
2448	0.100000
2449	0.050000
2450	0.100000
2451	0.100000
2452	0.050000
2453	0.250000
2454	0.050000
2455	0.050000
2456	0.000000
2457	0.400000
2458	0.050000
2459	0.050000
2460	0.050000
2461	0.300000
2462	0.600000
2463	0.050000
2464	0.050000
2465	0.400000
2466	0.550000
2467	0.100000
2468	0.100000
2469	0.000000
2470	0.100000
2471	0.000000
2472	0.050000
2473	0.000000
2474	0.150000
2475	0.250000
2476	0.050000
2477	0.100000
2478	0.350000
2479	0.000000
2480	0.000000
2481	0.150000
2482	0.050000
2483	0.000000
2484	0.300000
2485	0.250000
2486	0.100000
2487	0.050000
2488	0.050000
2489	0.100000
2490	0.000000
2491	0.150000
2492	0.150000
2493	0.250000
2494	0.000000
2495	0.050000
2496	0.600000
2497	0.000000
2498	0.050000
2499	0.100000
2500	0.000000
2501	0.200000
2502	0.000000
2503	0.050000
2504	0.200000
2505	0.100000
2506	0.000000
2507	0.350000
2508	0.100000
2509	0.300000
2510	0.050000
2511	0.000000
2512	0.100000
2513	0.200000
2514	0.100000
2515	0.200000
2516	0.000000
2517	0.000000
2518	0.050000
2519	0.000000
2520	0.100000
2521	0.100000
2522	0.050000
2523	0.100000
2524	0.000000
2525	0.250000
2526	0.150000
2527	0.050000
2528	0.000000
2529	0.700000
2530	0.150000
2531	0.100000
2532	0.000000
2533	0.100000
2534	0.100000
2535	0.000000
2536	0.100000
2537	0.500000
2538	0.000000
2539	0.350000
2540	0.000000
2541	0.100000
2542	0.050000
2543	0.200000
2544	0.600000
2545	0.100000
2546	0.050000
2547	0.350000
2548	0.200000
2549	0.050000
2550	0.150000
2551	0.150000
2552	0.000000
2553	0.000000
2554	0.000000
2555	0.100000
2556	0.150000
2557	0.250000
2558	0.000000
2559	0.100000
2560	0.200000
2561	0.100000
2562	0.000000
2563	0.100000
2564	0.050000
2565	0.500000
2566	0.250000
2567	0.350000
2568	0.050000
2569	0.000000
2570	0.250000
2571	0.050000
2572	0.150000
2573	0.150000
2574	0.100000
2575	0.150000
2576	0.100000
2577	0.100000
2578	0.150000
2579	0.200000
2580	0.000000
2581	0.200000
2582	0.050000
2583	0.250000
2584	0.000000
2585	0.200000
2586	0.000000
2587	0.000000
2588	0.100000
2589	0.250000
2590	0.000000
2591	0.200000
2592	0.500000
2593	0.250000
2594	0.350000
2595	0.100000
2596	0.050000
2597	0.150000
2598	0.250000
2599	0.300000
2600	0.050000
2601	0.000000
2602	0.100000
2603	0.000000
2604	0.050000
2605	0.400000
2606	0.250000
2607	0.200000
2608	0.300000
2609	0.200000
2610	0.000000
2611	0.450000
2612	0.000000
2613	0.150000
2614	0.000000
2615	0.000000
2616	0.050000
2617	0.000000
2618	0.000000
2619	0.400000
2620	0.350000
2621	0.100000
2622	0.050000
2623	0.000000
2624	0.400000
2625	0.000000
2626	0.150000
2627	0.250000
2628	0.050000
2629	0.100000
2630	0.150000
2631	0.000000
2632	0.000000
2633	0.050000
2634	0.150000
2635	0.000000
2636	0.050000
2637	0.100000
2638	0.650000
2639	0.000000
2640	0.000000
2641	0.450000
2642	0.050000
2643	0.700000
2644	0.000000
2645	0.250000
2646	0.100000
2647	0.000000
2648	0.100000
2649	0.000000
2650	0.050000
2651	0.200000
2652	0.200000
2653	0.000000
2654	0.100000
2655	0.450000
2656	0.100000
2657	0.100000
2658	0.050000
2659	0.200000
2660	0.050000
2661	0.000000
2662	0.000000
2663	0.300000
2664	0.100000
2665	0.900000
2666	0.050000
2667	0.000000
2668	0.000000
2669	0.100000
2670	0.300000
2671	0.000000
2672	0.050000
2673	0.000000
2674	0.150000
2675	0.200000
2676	0.150000
2677	0.000000
2678	0.050000
2679	0.250000
2680	0.150000
2681	0.000000
2682	0.050000
2683	0.000000
2684	0.250000
2685	0.200000
2686	0.050000
2687	0.050000
2688	0.500000
2689	0.100000
2690	0.100000
2691	0.650000
2692	0.000000
2693	0.450000
2694	0.000000
2695	0.150000
2696	0.000000
2697	0.050000
2698	0.050000
2699	0.400000
2700	0.200000
2701	0.000000
2702	0.050000
2703	0.200000
2704	0.000000
2705	0.000000
2706	0.200000
2707	0.000000
2708	0.000000
2709	0.000000
2710	0.000000
2711	0.100000
2712	0.050000
2713	0.150000
2714	0.000000
2715	0.150000
2716	0.100000
2717	0.100000
2718	0.100000
2719	0.200000
2720	0.050000
2721	0.050000
2722	0.100000
2723	0.050000
2724	0.050000
2725	0.000000
2726	0.200000
2727	0.350000
2728	0.250000
2729	0.150000
2730	0.200000
2731	0.400000
2732	0.000000
2733	0.050000
2734	0.100000
2735	0.050000
2736	0.100000
2737	0.350000
2738	0.200000
2739	0.050000
2740	0.100000
2741	0.150000
2742	0.250000
2743	0.050000
2744	0.050000
2745	0.150000
2746	0.000000
2747	0.050000
2748	0.350000
2749	0.200000
2750	0.100000
2751	0.400000
2752	0.000000
2753	0.700000
2754	0.100000
2755	0.050000
2756	0.100000
2757	0.050000
2758	0.100000
2759	0.050000
2760	0.300000
2761	0.050000
2762	0.000000
2763	0.050000
2764	0.200000
2765	0.050000
2766	0.300000
2767	0.050000
2768	0.000000
2769	0.100000
2770	0.150000
2771	0.450000
2772	0.200000
2773	0.150000
2774	0.000000
2775	0.000000
2776	0.050000
2777	0.850000
2778	0.050000
2779	0.300000
2780	0.200000
2781	0.150000
2782	0.050000
2783	0.300000
2784	0.050000
2785	0.000000
2786	0.400000
2787	0.200000
2788	0.250000
2789	0.200000
2790	0.100000
2791	0.150000
2792	0.050000
2793	0.550000
2794	0.050000
2795	0.000000
2796	0.500000
2797	0.050000
2798	0.050000
2799	0.150000
2800	0.050000
2801	0.550000
2802	0.100000
2803	0.050000
2804	0.100000
2805	0.100000
2806	0.150000
2807	0.350000
2808	0.450000
2809	0.300000
2810	0.600000
2811	0.200000
2812	0.050000
2813	0.050000
2814	0.250000
2815	0.000000
2816	0.100000
2817	0.250000
2818	0.600000
2819	0.000000
2820	0.500000
2821	0.000000
2822	0.050000
2823	0.200000
2824	0.300000
2825	0.100000
2826	0.150000
2827	0.000000
2828	0.100000
2829	0.250000
2830	0.100000
2831	0.250000
2832	0.150000
2833	0.100000
2834	0.050000
2835	0.050000
2836	0.150000
2837	0.400000
2838	0.150000
2839	0.050000
2840	0.650000
2841	0.450000
2842	0.100000
2843	0.000000
2844	0.250000
2845	0.250000
2846	0.050000
2847	0.200000
2848	0.000000
2849	0.400000
2850	0.000000
2851	0.100000
2852	0.000000
2853	0.100000
2854	0.150000
2855	0.250000
2856	0.050000
2857	0.150000
2858	0.050000
2859	0.100000
2860	0.300000
2861	0.050000
2862	0.250000
2863	0.050000
2864	0.150000
2865	0.050000
2866	0.250000
2867	0.050000
2868	0.000000
2869	0.050000
2870	0.150000
2871	0.150000
2872	0.500000
2873	0.500000
2874	0.050000
2875	0.200000
2876	0.300000
2877	0.050000
2878	0.400000
2879	0.050000
2880	0.200000
2881	0.000000
2882	0.050000
2883	0.000000
2884	0.050000
2885	0.000000
2886	0.050000
2887	0.650000
2888	0.250000
2889	0.200000
2890	0.300000
2891	0.300000
2892	0.000000
2893	0.050000
2894	0.000000
2895	0.200000
2896	0.350000
2897	0.000000
2898	0.250000
2899	0.250000
2900	0.100000
2901	0.000000
2902	0.150000
2903	0.300000
2904	0.050000
2905	0.250000
2906	0.100000
2907	0.500000
2908	0.100000
2909	0.850000
2910	0.150000
2911	0.200000
2912	0.300000
2913	0.000000
2914	0.300000
2915	0.250000
2916	0.400000
2917	0.000000
2918	0.100000
2919	0.050000
2920	0.000000
2921	0.200000
2922	0.050000
2923	0.100000
2924	0.050000
2925	0.050000
2926	0.100000
2927	0.100000
2928	0.500000
2929	0.300000
2930	0.000000
2931	0.300000
2932	0.000000
2933	0.450000
2934	0.400000
2935	0.250000
2936	0.200000
2937	0.200000
2938	0.150000
2939	0.150000
2940	0.000000
2941	0.350000
2942	0.050000
2943	0.250000
2944	0.050000
2945	0.150000
2946	0.900000
2947	0.250000
2948	0.000000
2949	0.100000
2950	0.000000
2951	0.250000
2952	0.450000
2953	0.350000
2954	0.000000
2955	0.250000
2956	0.100000
2957	0.150000
2958	0.050000
2959	0.000000
2960	0.100000
2961	0.050000
2962	0.150000
2963	0.050000
2964	0.200000
2965	0.100000
2966	0.300000
2967	0.250000
2968	0.000000
2969	0.350000
2970	0.000000
2971	0.050000
2972	0.000000
2973	0.250000
2974	0.100000
2975	0.050000
2976	0.250000
2977	0.000000
2978	0.050000
2979	0.150000
2980	0.200000
2981	0.050000
2982	0.000000
2983	0.100000
2984	0.100000
2985	0.200000
2986	0.400000
2987	0.050000
2988	0.150000
2989	0.350000
2990	0.050000
2991	0.000000
2992	0.100000
2993	0.000000
2994	0.200000
2995	0.100000
2996	0.350000
2997	0.200000
2998	0.000000
2999	0.400000
3000	0.250000
3001	0.250000
3002	0.250000
3003	0.200000
3004	0.200000
3005	0.100000
3006	0.150000
3007	0.050000
3008	0.100000
3009	0.000000
3010	0.450000
3011	0.200000
3012	0.900000
3013	0.500000
3014	0.050000
3015	0.000000
3016	0.050000
3017	0.150000
3018	0.750000
3019	0.050000
3020	0.150000
3021	0.050000
3022	0.250000
3023	0.300000
3024	0.100000
3025	0.250000
3026	0.200000
3027	0.050000
3028	0.000000
3029	0.700000
3030	0.050000
3031	0.350000
3032	0.250000
3033	0.400000
3034	0.050000
3035	0.200000
3036	0.000000
3037	0.050000
3038	0.200000
3039	0.050000
3040	0.050000
3041	0.150000
3042	0.000000
3043	0.000000
3044	0.000000
3045	0.000000
3046	0.000000
3047	0.100000
3048	0.250000
3049	0.050000
3050	0.100000
3051	0.250000
3052	0.150000
3053	0.300000
3054	0.300000
3055	0.150000
3056	0.100000
3057	0.300000
3058	0.450000
3059	0.100000
3060	0.000000
3061	0.100000
3062	0.050000
3063	0.250000
3064	0.150000
3065	0.100000
3066	0.050000
3067	0.250000
3068	0.150000
3069	0.100000
3070	0.150000
3071	0.150000
3072	0.250000
3073	0.050000
3074	0.250000
3075	0.400000
3076	0.000000
3077	0.200000
3078	0.100000
3079	0.250000
3080	0.450000
3081	0.700000
3082	0.150000
3083	0.100000
3084	0.050000
3085	0.050000
3086	0.100000
3087	0.100000
3088	0.000000
3089	0.000000
3090	0.200000
3091	0.100000
3092	0.350000
3093	0.100000
3094	0.100000
3095	0.100000
3096	0.050000
3097	0.100000
3098	0.300000
3099	0.600000
3100	0.150000
3101	0.250000
3102	0.200000
3103	0.100000
3104	0.050000
3105	0.100000
3106	0.100000
3107	0.100000
3108	0.700000
3109	0.000000
3110	0.300000
3111	0.050000
3112	0.150000
3113	0.050000
3114	0.400000
3115	0.000000
3116	0.100000
3117	0.100000
3118	0.700000
3119	0.250000
3120	0.150000
3121	0.050000
3122	0.050000
3123	0.100000
3124	0.000000
3125	0.550000
3126	0.150000
3127	0.100000
3128	0.200000
3129	0.400000
3130	0.250000
3131	0.000000
3132	0.000000
3133	0.100000
3134	0.100000
3135	0.100000
3136	0.050000
3137	0.150000
3138	0.050000
3139	0.000000
3140	0.100000
3141	0.000000
3142	0.200000
3143	0.450000
3144	0.000000
3145	0.200000
3146	0.100000
3147	0.100000
3148	0.000000
3149	0.000000
3150	0.050000
3151	0.300000
3152	0.000000
3153	0.050000
3154	0.050000
3155	0.100000
3156	0.100000
3157	0.150000
3158	0.400000
3159	0.250000
3160	0.250000
3161	0.200000
3162	0.200000
3163	0.400000
3164	0.300000
3165	0.100000
3166	0.150000
3167	0.100000
3168	0.050000
3169	0.100000
3170	0.050000
3171	0.300000
3172	0.150000
3173	0.150000
3174	0.050000
3175	0.000000
3176	0.000000
3177	0.150000
3178	0.400000
3179	0.150000
3180	0.000000
3181	0.050000
3182	0.250000
3183	0.200000
3184	0.000000
3185	0.100000
3186	0.050000
3187	0.000000
3188	0.000000
3189	0.200000
3190	0.100000
3191	0.100000
3192	0.450000
3193	0.000000
3194	0.050000
3195	0.150000
3196	0.350000
3197	0.000000
3198	0.200000
3199	0.200000
3200	0.100000
3201	0.400000
3202	0.150000
3203	0.200000
3204	0.100000
3205	0.250000
3206	0.200000
3207	0.150000
3208	0.250000
3209	0.150000
3210	0.100000
3211	0.200000
3212	0.100000
3213	0.200000
3214	0.000000
3215	0.050000
3216	0.000000
3217	0.400000
3218	0.100000
3219	0.050000
3220	0.100000
3221	0.000000
3222	0.150000
3223	0.250000
3224	0.400000
3225	0.050000
3226	0.050000
3227	0.200000
3228	0.000000
3229	0.200000
3230	0.250000
3231	0.350000
3232	0.150000
3233	0.100000
3234	0.050000
3235	0.100000
3236	0.100000
3237	0.200000
3238	0.100000
3239	0.050000
3240	0.100000
3241	0.000000
3242	0.300000
3243	0.200000
3244	0.100000
3245	0.050000
3246	0.050000
3247	0.100000
3248	0.150000
3249	0.000000
3250	0.200000
3251	0.100000
3252	0.150000
3253	0.100000
3254	0.150000
3255	0.100000
3256	0.250000
3257	0.100000
3258	0.000000
3259	0.600000
3260	0.300000
3261	0.200000
3262	0.050000
3263	0.300000
3264	0.000000
3265	0.650000
3266	0.150000
3267	0.000000
3268	0.300000
3269	0.200000
3270	0.400000
3271	0.200000
3272	0.400000
3273	0.000000
3274	0.350000
3275	0.000000
3276	0.050000
3277	0.400000
3278	0.050000
3279	0.050000
3280	0.500000
3281	0.100000
3282	0.150000
3283	0.150000
3284	0.050000
3285	0.250000
3286	0.100000
3287	0.050000
3288	0.100000
3289	0.100000
3290	0.000000
3291	0.100000
3292	0.550000
3293	0.050000
3294	0.000000
3295	0.150000
3296	0.300000
3297	0.050000
3298	0.000000
3299	0.150000
3300	0.300000
3301	0.450000
3302	0.000000
3303	0.100000
3304	0.150000
3305	0.100000
3306	0.250000
3307	0.000000
3308	0.150000
3309	0.250000
3310	0.050000
3311	0.550000
3312	0.400000
3313	0.350000
3314	0.200000
3315	0.150000
3316	0.100000
3317	0.150000
3318	0.250000
3319	0.000000
3320	0.350000
3321	0.200000
3322	0.000000
3323	0.050000
3324	0.050000
3325	0.050000
3326	0.000000
3327	0.300000
3328	0.200000
3329	0.150000
3330	0.100000
3331	0.250000
3332	0.400000
3333	0.450000
3334	0.150000
3335	0.050000
3336	0.000000
3337	0.000000
3338	0.100000
3339	0.250000
3340	0.250000
3341	0.150000
3342	0.150000
3343	0.000000
3344	0.150000
3345	0.000000
3346	0.000000
3347	0.150000
3348	0.000000
3349	0.050000
3350	0.200000
3351	0.150000
3352	0.550000
3353	0.000000
3354	0.250000
3355	0.050000
3356	0.400000
3357	0.150000
3358	0.200000
3359	0.050000
3360	0.100000
3361	0.150000
3362	0.150000
3363	0.200000
3364	0.100000
3365	0.100000
3366	0.100000
3367	0.000000
3368	0.100000
3369	0.050000
3370	0.050000
3371	0.400000
3372	0.050000
3373	0.150000
3374	0.050000
3375	0.000000
3376	0.050000
3377	0.000000
3378	0.050000
3379	0.150000
3380	0.150000
3381	0.000000
3382	0.100000
3383	0.100000
3384	0.050000
3385	0.000000
3386	0.050000
3387	0.250000
3388	0.100000
3389	0.750000
3390	0.250000
3391	0.850000
3392	0.200000
3393	0.350000
3394	0.450000
3395	0.150000
3396	0.000000
3397	0.050000
3398	0.150000
3399	0.000000
3400	0.000000
3401	0.200000
3402	0.650000
3403	0.000000
3404	0.100000
3405	0.100000
3406	0.000000
3407	0.150000
3408	0.150000
3409	0.000000
3410	0.550000
3411	0.550000
3412	0.450000
3413	0.200000
3414	0.100000
3415	0.050000
3416	0.300000
3417	0.150000
3418	0.100000
3419	0.200000
3420	0.100000
3421	0.050000
3422	0.400000
3423	0.250000
3424	0.100000
3425	0.600000
3426	0.150000
3427	0.050000
3428	0.100000
3429	0.050000
3430	0.450000
3431	0.050000
3432	0.050000
3433	0.300000
3434	0.000000
3435	0.250000
3436	0.050000
3437	0.000000
3438	0.150000
3439	0.000000
3440	0.100000
3441	0.400000
3442	0.050000
3443	0.100000
3444	0.000000
3445	0.200000
3446	0.200000
3447	0.350000
3448	0.100000
3449	0.100000
3450	0.450000
3451	0.050000
3452	0.200000
3453	0.200000
3454	0.400000
3455	0.000000
3456	0.550000
3457	0.400000
3458	0.050000
3459	0.000000
3460	0.150000
3461	0.300000
3462	0.650000
3463	0.100000
3464	0.150000
3465	0.050000
3466	0.100000
3467	0.150000
3468	0.200000
3469	0.250000
3470	0.000000
3471	0.700000
3472	0.050000
3473	0.100000
3474	0.400000
3475	0.850000
3476	0.050000
3477	0.000000
3478	0.250000
3479	0.200000
3480	0.000000
3481	0.450000
3482	0.300000
3483	0.200000
3484	0.000000
3485	0.150000
3486	0.200000
3487	0.450000
3488	0.000000
3489	0.050000
3490	0.150000
3491	0.250000
3492	0.000000
3493	0.300000
3494	0.200000
3495	0.100000
3496	0.100000
3497	0.000000
3498	0.100000
3499	0.000000
3500	0.200000
3501	0.150000
3502	0.300000
3503	0.350000
3504	0.350000
3505	0.050000
3506	0.150000
3507	0.650000
3508	0.200000
3509	0.700000
3510	0.000000
3511	0.100000
3512	0.150000
3513	0.200000
3514	0.250000
3515	0.150000
3516	0.050000
3517	0.250000
3518	0.300000
3519	0.400000
3520	0.400000
3521	0.000000
3522	0.050000
3523	0.100000
3524	0.150000
3525	0.100000
3526	0.250000
3527	0.050000
3528	0.000000
3529	0.300000
3530	0.000000
3531	0.100000
3532	0.100000
3533	0.050000
3534	0.250000
3535	0.200000
3536	0.050000
3537	0.000000
3538	0.250000
3539	0.000000
3540	0.400000
3541	0.050000
3542	0.000000
3543	0.300000
3544	0.000000
3545	0.050000
3546	0.300000
3547	0.150000
3548	0.000000
3549	0.050000
3550	0.300000
3551	0.200000
3552	0.050000
3553	0.100000
3554	0.000000
3555	0.000000
3556	0.250000
3557	0.400000
3558	0.150000
3559	0.050000
3560	0.100000
3561	0.050000
3562	0.700000
3563	0.150000
3564	0.050000
3565	0.200000
3566	0.100000
3567	0.150000
3568	0.250000
3569	0.350000
3570	0.000000
3571	0.200000
3572	0.000000
3573	0.100000
3574	0.050000
3575	0.150000
3576	0.300000
3577	0.300000
3578	0.250000
3579	0.300000
3580	0.300000
3581	0.250000
3582	0.000000
3583	0.100000
3584	0.050000
3585	0.100000
3586	0.050000
3587	0.000000
3588	0.350000
3589	0.700000
3590	0.600000
3591	0.100000
3592	0.550000
3593	0.050000
3594	0.050000
3595	0.050000
3596	0.150000
3597	0.050000
3598	0.100000
3599	0.400000
3600	0.100000
3601	0.150000
3602	0.100000
3603	0.050000
3604	0.200000
3605	0.050000
3606	0.100000
3607	0.200000
3608	0.000000
3609	0.050000
3610	0.200000
3611	0.100000
3612	0.200000
3613	0.150000
3614	0.100000
3615	0.150000
3616	0.000000
3617	0.050000
3618	0.500000
3619	0.000000
3620	0.150000
3621	0.050000
3622	0.050000
3623	0.100000
3624	0.250000
3625	0.050000
3626	0.200000
3627	0.000000
3628	0.300000
3629	0.300000
3630	0.200000
3631	0.100000
3632	0.100000
3633	0.000000
3634	0.000000
3635	0.100000
3636	0.100000
3637	0.150000
3638	0.050000
3639	0.000000
3640	0.000000
3641	0.300000
3642	0.000000
3643	0.300000
3644	0.150000
3645	0.150000
3646	0.150000
3647	0.000000
3648	0.500000
3649	0.050000
3650	0.350000
3651	0.350000
3652	0.450000
3653	0.000000
3654	0.500000
3655	0.100000
3656	0.000000
3657	0.050000
3658	0.050000
3659	0.400000
3660	0.350000
3661	0.100000
3662	0.000000
3663	0.150000
3664	0.050000
3665	0.750000
3666	0.100000
3667	0.100000
3668	0.000000
3669	0.700000
3670	0.050000
3671	0.100000
3672	0.000000
3673	0.350000
3674	0.300000
3675	0.800000
3676	0.050000
3677	0.050000
3678	0.650000
3679	0.450000
3680	0.100000
3681	0.400000
3682	0.000000
3683	0.000000
3684	0.400000
3685	0.450000
3686	0.100000
3687	0.100000
3688	0.250000
3689	0.000000
3690	0.200000
3691	0.400000
3692	0.050000
3693	0.450000
3694	0.250000
3695	0.200000
3696	0.000000
3697	0.000000
3698	0.300000
3699	0.150000
3700	0.000000
3701	0.300000
3702	0.050000
3703	0.050000
3704	0.150000
3705	0.800000
3706	0.400000
3707	0.000000
3708	0.000000
3709	0.150000
3710	0.050000
3711	0.200000
3712	0.150000
3713	0.450000
3714	0.000000
3715	0.150000
3716	0.350000
3717	0.200000
3718	0.400000
3719	0.050000
3720	0.050000
3721	0.200000
3722	0.100000
3723	0.000000
3724	0.350000
3725	0.100000
3726	0.300000
3727	0.400000
3728	0.000000
3729	0.200000
3730	0.050000
3731	0.100000
3732	0.450000
3733	0.500000
3734	0.000000
3735	0.000000
3736	0.000000
3737	0.000000
3738	0.200000
3739	0.050000
3740	0.000000
3741	0.150000
3742	0.000000
3743	0.200000
3744	0.000000
3745	0.000000
3746	0.500000
3747	0.250000
3748	0.150000
3749	0.000000
3750	0.050000
3751	0.050000
3752	0.050000
3753	0.200000
3754	0.350000
3755	0.200000
3756	0.550000
3757	0.350000
3758	0.250000
3759	0.100000
3760	0.400000
3761	0.200000
3762	0.000000
3763	0.000000
3764	0.100000
3765	0.000000
3766	0.000000
3767	0.000000
3768	0.600000
3769	0.450000
3770	0.200000
3771	0.150000
3772	0.000000
3773	0.600000
3774	0.150000
3775	0.150000
3776	0.250000
3777	0.100000
3778	0.450000
3779	0.150000
3780	0.300000
3781	0.050000
3782	0.100000
3783	0.150000
3784	0.100000
3785	0.050000
3786	0.150000
3787	0.000000
3788	0.050000
3789	0.450000
3790	0.100000
3791	0.100000
3792	0.700000
3793	0.000000
3794	0.100000
3795	0.050000
3796	0.050000
3797	0.100000
3798	0.050000
3799	0.000000
3800	0.050000
3801	0.050000
3802	0.000000
3803	0.000000
3804	0.300000
3805	0.000000
3806	0.200000
3807	0.150000
3808	0.150000
3809	0.150000
3810	0.150000
3811	0.250000
3812	0.250000
3813	0.100000
3814	0.000000
3815	0.150000
3816	0.100000
3817	0.050000
3818	0.050000
3819	0.300000
3820	0.150000
3821	0.300000
3822	0.400000
3823	0.450000
3824	0.350000
3825	0.100000
3826	0.050000
3827	0.500000
3828	0.300000
3829	0.250000
3830	0.050000
3831	0.100000
3832	0.300000
3833	0.300000
3834	0.050000
3835	0.200000
3836	0.200000
3837	0.050000
3838	0.000000
3839	0.000000
3840	0.150000
3841	0.700000
3842	0.500000
3843	0.000000
3844	0.300000
3845	0.150000
3846	0.500000
3847	0.250000
3848	0.100000
3849	0.250000
3850	0.300000
3851	0.450000
3852	0.000000
3853	0.200000
3854	0.200000
3855	0.150000
3856	0.000000
3857	0.050000
3858	0.250000
3859	0.650000
3860	0.000000
3861	0.200000
3862	0.100000
3863	0.150000
3864	0.050000
3865	0.000000
3866	0.200000
3867	0.050000
3868	0.050000
3869	0.000000
3870	0.100000
3871	0.100000
3872	0.200000
3873	0.000000
3874	0.200000
3875	0.000000
3876	0.150000
3877	0.050000
3878	0.400000
3879	0.050000
3880	0.200000
3881	0.100000
3882	0.000000
3883	0.100000
3884	0.450000
3885	0.300000
3886	0.450000
3887	0.250000
3888	0.250000
3889	0.350000
3890	0.050000
3891	0.050000
3892	0.150000
3893	0.000000
3894	0.100000
3895	0.100000
3896	0.050000
3897	0.000000
3898	0.000000
3899	0.150000
3900	0.100000
3901	0.000000
3902	0.000000
3903	0.050000
3904	0.050000
3905	0.300000
3906	0.300000
3907	0.000000
3908	0.100000
3909	0.200000
3910	0.000000
3911	0.000000
3912	0.250000
3913	0.050000
3914	0.450000
3915	0.050000
3916	0.550000
3917	0.200000
3918	0.200000
3919	0.100000
3920	0.000000
3921	0.050000
3922	0.100000
3923	0.050000
3924	0.000000
3925	0.250000
3926	0.000000
3927	0.050000
3928	0.000000
3929	0.450000
3930	0.300000
3931	0.050000
3932	0.000000
3933	0.150000
3934	0.250000
3935	0.050000
3936	0.100000
3937	0.250000
3938	0.000000
3939	0.050000
3940	0.150000
3941	0.000000
3942	0.700000
3943	0.000000
3944	0.100000
3945	0.650000
3946	0.500000
3947	0.100000
3948	0.000000
3949	0.000000
3950	0.100000
3951	0.350000
3952	0.100000
3953	0.250000
3954	0.100000
3955	0.150000
3956	0.000000
3957	0.100000
3958	0.300000
3959	0.050000
3960	0.050000
3961	0.050000
3962	0.000000
3963	0.350000
3964	0.150000
3965	0.300000
3966	0.150000
3967	0.050000
3968	0.250000
3969	0.000000
3970	0.150000
3971	0.600000
3972	0.200000
3973	0.000000
3974	0.150000
3975	0.050000
3976	0.100000
3977	0.150000
3978	0.250000
3979	0.300000
3980	0.000000
3981	0.250000
3982	0.150000
3983	0.000000
3984	0.050000
3985	0.000000
3986	0.100000
3987	0.200000
3988	0.000000
3989	0.150000
3990	0.000000
3991	0.250000
3992	0.400000
3993	0.200000
3994	0.000000
3995	0.450000
3996	0.050000
3997	0.300000
3998	0.100000
3999	0.350000
4000	0.000000
4001	0.000000
4002	0.200000
4003	0.150000
4004	0.100000
4005	0.300000
4006	0.250000
4007	0.200000
4008	0.000000
4009	0.500000
4010	0.050000
4011	0.000000
4012	0.100000
4013	0.250000
4014	0.150000
4015	0.000000
4016	0.350000
4017	0.000000
4018	0.200000
4019	0.150000
4020	0.300000
4021	0.200000
4022	0.250000
4023	0.050000
4024	0.000000
4025	0.000000
4026	0.000000
4027	0.000000
4028	0.100000
4029	0.150000
4030	0.000000
4031	0.350000
4032	0.200000
4033	0.300000
4034	0.200000
4035	0.000000
4036	0.000000
4037	0.150000
4038	0.100000
4039	0.000000
4040	0.000000
4041	0.200000
4042	0.550000
4043	0.050000
4044	0.150000
4045	0.000000
4046	0.150000
4047	0.200000
4048	0.400000
4049	0.500000
4050	0.350000
4051	0.050000
4052	0.050000
4053	0.000000
4054	0.000000
4055	0.200000
4056	0.000000
4057	0.000000
4058	0.600000
4059	0.150000
4060	0.150000
4061	0.000000
4062	0.250000
4063	0.150000
4064	0.000000
4065	0.150000
4066	0.250000
4067	0.250000
4068	0.000000
4069	0.000000
4070	0.200000
4071	0.050000
4072	0.000000
4073	0.000000
4074	0.050000
4075	0.050000
4076	0.050000
4077	0.100000
4078	0.050000
4079	0.100000
4080	0.150000
4081	0.100000
4082	0.300000
4083	0.200000
4084	0.000000
4085	0.300000
4086	0.500000
4087	0.150000
4088	0.000000
4089	0.450000
4090	0.050000
4091	0.050000
4092	0.100000
4093	0.100000
4094	0.250000
4095	0.100000
4096	0.250000
4097	0.050000
4098	0.250000
4099	0.450000
4100	0.000000
4101	0.000000
4102	0.100000
4103	0.000000
4104	0.250000
4105	0.000000
4106	0.050000
4107	0.250000
4108	0.000000
4109	0.250000
4110	0.150000
4111	0.100000
4112	0.050000
4113	0.000000
4114	0.550000
4115	0.250000
4116	0.200000
4117	0.200000
4118	0.200000
4119	0.000000
4120	0.150000
4121	0.100000
4122	0.250000
4123	0.150000
4124	0.000000
4125	0.050000
4126	0.200000
4127	0.300000
4128	0.050000
4129	0.150000
4130	0.400000
4131	0.050000
4132	0.050000
4133	0.000000
4134	0.100000
4135	0.100000
4136	0.150000
4137	0.200000
4138	0.000000
4139	0.050000
4140	0.450000
4141	0.450000
4142	0.100000
4143	0.100000
4144	0.150000
4145	0.100000
4146	0.100000
4147	0.150000
4148	0.300000
4149	0.100000
4150	0.000000
4151	0.050000
4152	0.300000
4153	0.000000
4154	0.050000
4155	0.050000
4156	0.300000
4157	0.050000
4158	0.000000
4159	0.100000
4160	0.350000
4161	0.100000
4162	0.000000
4163	0.050000
4164	0.150000
4165	0.150000
4166	0.150000
4167	0.050000
4168	0.050000
4169	0.800000
4170	0.300000
4171	0.050000
4172	0.050000
4173	0.050000
4174	0.100000
4175	0.000000
4176	0.250000
4177	0.100000
4178	0.050000
4179	0.050000
4180	0.100000
4181	0.050000
4182	0.150000
4183	0.400000
4184	0.000000
4185	0.250000
4186	0.150000
4187	0.150000
4188	0.000000
4189	0.050000
4190	0.000000
4191	0.000000
4192	0.000000
4193	0.100000
4194	0.100000
4195	0.100000
4196	0.000000
4197	0.000000
4198	0.100000
4199	0.000000
4200	0.250000
4201	0.050000
4202	0.000000
4203	0.100000
4204	0.250000
4205	0.000000
4206	0.000000
4207	0.100000
4208	0.250000
4209	0.200000
4210	0.450000
4211	0.000000
4212	0.100000
4213	0.500000
4214	0.100000
4215	0.250000
4216	0.000000
4217	0.350000
4218	0.000000
4219	0.050000
4220	0.200000
4221	0.100000
4222	0.050000
4223	0.000000
4224	0.150000
4225	0.150000
4226	0.000000
4227	0.550000
4228	0.100000
4229	0.000000
4230	0.000000
4231	0.150000
4232	0.200000
4233	0.000000
4234	0.200000
4235	0.100000
4236	0.150000
4237	0.150000
4238	0.200000
4239	0.350000
4240	0.050000
4241	0.150000
4242	0.100000
4243	0.000000
4244	0.000000
4245	0.350000
4246	0.000000
4247	0.000000
4248	0.050000
4249	0.000000
4250	0.000000
4251	0.050000
4252	0.000000
4253	0.600000
4254	0.150000
4255	0.050000
4256	0.050000
4257	0.000000
4258	0.200000
4259	0.100000
4260	0.250000
4261	0.600000
4262	0.000000
4263	0.200000
4264	0.000000
4265	0.150000
4266	0.250000
4267	0.050000
4268	0.000000
4269	0.050000
4270	0.050000
4271	0.250000
4272	0.250000
4273	0.050000
4274	0.100000
4275	0.100000
4276	0.000000
4277	0.600000
4278	0.200000
4279	0.500000
4280	0.300000
4281	0.000000
4282	0.000000
4283	0.150000
4284	0.150000
4285	0.400000
4286	0.100000
4287	0.350000
4288	0.050000
4289	0.100000
4290	0.200000
4291	0.150000
4292	0.100000
4293	0.100000
4294	0.150000
4295	0.000000
4296	0.000000
4297	0.200000
4298	0.200000
4299	0.050000
4300	0.050000
4301	0.050000
4302	0.000000
4303	0.000000
4304	0.150000
4305	0.500000
4306	0.000000
4307	0.050000
4308	0.100000
4309	0.000000
4310	0.250000
4311	0.050000
4312	0.300000
4313	0.200000
4314	0.050000
4315	0.200000
4316	0.150000
4317	0.150000
4318	0.100000
4319	0.000000
4320	0.200000
4321	0.100000
4322	0.300000
4323	0.050000
4324	0.150000
4325	0.150000
4326	0.200000
4327	0.100000
4328	0.250000
4329	0.150000
4330	0.150000
4331	0.050000
4332	0.000000
4333	0.300000
4334	0.250000
4335	0.250000
4336	0.000000
4337	0.100000
4338	0.000000
4339	0.150000
4340	0.150000
4341	0.050000
4342	0.200000
4343	0.000000
4344	0.850000
4345	0.450000
4346	0.150000
4347	0.000000
4348	0.000000
4349	0.050000
4350	0.050000
4351	0.500000
4352	0.200000
4353	0.100000
4354	0.200000
4355	0.150000
4356	0.500000
4357	0.050000
4358	0.200000
4359	0.000000
4360	0.000000
4361	0.100000
4362	0.100000
4363	0.250000
4364	0.050000
4365	0.000000
4366	0.000000
4367	0.050000
4368	0.250000
4369	0.050000
4370	0.100000
4371	0.250000
4372	0.100000
4373	0.150000
4374	0.400000
4375	0.000000
4376	0.050000
4377	0.200000
4378	0.100000
4379	0.100000
4380	0.200000
4381	0.050000
4382	0.050000
4383	0.000000
4384	0.050000
4385	0.000000
4386	0.950000
4387	0.500000
4388	0.400000
4389	0.000000
4390	0.100000
4391	0.100000
4392	0.100000
4393	0.000000
4394	0.200000
4395	0.050000
4396	0.000000
4397	0.200000
4398	0.200000
4399	0.250000
4400	0.000000
4401	0.050000
4402	0.100000
4403	0.350000
4404	0.000000
4405	0.100000
4406	0.150000
4407	0.000000
4408	0.100000
4409	0.100000
4410	0.100000
4411	0.100000
4412	0.000000
4413	0.050000
4414	0.150000
4415	0.150000
4416	0.050000
4417	0.150000
4418	0.200000
4419	0.200000
4420	0.150000
4421	0.000000
4422	0.200000
4423	0.150000
4424	0.150000
4425	0.900000
4426	0.050000
4427	0.050000
4428	0.000000
4429	0.000000
4430	0.100000
4431	0.200000
4432	0.050000
4433	0.100000
4434	0.000000
4435	0.250000
4436	0.150000
4437	0.100000
4438	0.000000
4439	0.100000
4440	0.100000
4441	0.050000
4442	0.000000
4443	0.100000
4444	0.250000
4445	0.050000
4446	0.250000
4447	0.350000
4448	0.550000
4449	0.150000
4450	0.250000
4451	0.100000
4452	0.100000
4453	0.300000
4454	0.050000
4455	0.050000
4456	0.050000
4457	0.250000
4458	0.250000
4459	0.150000
4460	0.050000
4461	0.200000
4462	0.050000
4463	0.100000
4464	0.000000
4465	0.000000
4466	0.050000
4467	0.100000
4468	0.100000
4469	0.050000
4470	0.050000
4471	0.000000
4472	0.350000
4473	0.000000
4474	0.000000
4475	0.000000
4476	0.050000
4477	0.150000
4478	0.300000
4479	0.200000
4480	0.150000
4481	0.000000
4482	0.600000
4483	0.050000
4484	0.000000
4485	0.000000
4486	0.050000
4487	0.250000
4488	0.000000
4489	0.250000
4490	0.050000
4491	0.150000
4492	0.050000
4493	0.000000
4494	0.050000
4495	0.000000
4496	0.300000
4497	0.250000
4498	0.000000
4499	0.150000
4500	0.100000
4501	0.100000
4502	0.300000
4503	0.000000
4504	0.000000
4505	0.050000
4506	0.050000
4507	0.200000
4508	0.650000
4509	0.350000
4510	0.450000
4511	0.400000
4512	0.200000
4513	0.150000
4514	0.000000
4515	0.100000
4516	0.050000
4517	0.100000
4518	0.050000
4519	0.100000
4520	0.200000
4521	0.050000
4522	0.150000
4523	0.800000
4524	0.100000
4525	0.000000
4526	0.000000
4527	0.000000
4528	0.200000
4529	0.000000
4530	0.100000
4531	0.250000
4532	0.200000
4533	0.050000
4534	0.100000
4535	0.000000
4536	0.100000
4537	0.050000
4538	0.000000
4539	0.000000
4540	0.050000
4541	0.450000
4542	0.000000
4543	0.350000
4544	0.100000
4545	0.000000
4546	0.150000
4547	0.100000
4548	0.150000
4549	0.150000
4550	0.000000
4551	0.100000
4552	0.300000
4553	0.050000
4554	0.100000
4555	0.050000
4556	0.350000
4557	0.100000
4558	0.000000
4559	0.000000
4560	0.350000
4561	0.050000
4562	0.500000
4563	0.100000
4564	0.150000
4565	0.100000
4566	0.000000
4567	0.050000
4568	0.000000
4569	0.250000
4570	0.050000
4571	0.000000
4572	0.300000
4573	0.050000
4574	0.050000
4575	0.400000
4576	0.000000
4577	0.200000
4578	0.450000
4579	0.400000
4580	0.000000
4581	0.050000
4582	0.000000
4583	0.050000
4584	0.150000
4585	0.250000
4586	0.000000
4587	0.150000
4588	0.050000
4589	0.250000
4590	0.200000
4591	0.250000
4592	0.250000
4593	0.350000
4594	0.050000
4595	0.100000
4596	0.000000
4597	0.050000
4598	0.000000
4599	0.200000
4600	0.300000
4601	0.100000
4602	0.000000
4603	0.050000
4604	0.000000
4605	0.350000
4606	0.050000
4607	0.450000
4608	0.000000
4609	0.050000
4610	0.050000
4611	0.500000
4612	0.050000
4613	0.100000
4614	0.050000
4615	0.300000
4616	0.000000
4617	0.000000
4618	0.350000
4619	0.150000
4620	0.050000
4621	0.250000
4622	0.100000
4623	0.050000
4624	0.100000
4625	0.150000
4626	0.200000
4627	0.150000
4628	0.050000
4629	0.050000
4630	0.150000
4631	0.100000
4632	0.100000
4633	0.000000
4634	0.250000
4635	0.100000
4636	0.050000
4637	0.050000
4638	0.100000
4639	0.050000
4640	0.300000
4641	0.050000
4642	0.050000
4643	0.050000
4644	0.150000
4645	0.000000
4646	0.050000
4647	0.450000
4648	0.000000
4649	0.050000
4650	0.300000
4651	0.000000
4652	0.050000
4653	0.200000
4654	0.150000
4655	0.250000
4656	0.200000
4657	0.150000
4658	0.350000
4659	0.350000
4660	0.050000
4661	0.300000
4662	0.100000
4663	0.100000
4664	0.000000
4665	0.050000
4666	0.000000
4667	0.150000
4668	0.400000
4669	0.000000
4670	0.200000
4671	0.050000
4672	0.000000
4673	0.400000
4674	0.000000
4675	0.150000
4676	0.200000
4677	0.000000
4678	0.150000
4679	0.200000
4680	0.350000
4681	0.300000
4682	0.150000
4683	0.000000
4684	0.200000
4685	0.150000
4686	0.250000
4687	0.250000
4688	0.100000
4689	0.100000
4690	0.100000
4691	0.050000
4692	0.000000
4693	0.150000
4694	0.050000
4695	0.000000
4696	0.000000
4697	0.350000
4698	0.000000
4699	0.200000
4700	0.450000
4701	0.150000
4702	0.200000
4703	0.150000
4704	0.250000
4705	0.100000
4706	0.250000
4707	0.150000
4708	0.350000
4709	0.050000
4710	0.000000
4711	0.150000
4712	0.000000
4713	0.000000
4714	0.100000
4715	0.200000
4716	0.050000
4717	0.300000
4718	0.350000
4719	0.050000
4720	0.150000
4721	0.250000
4722	0.150000
4723	0.000000
4724	0.050000
4725	0.400000
4726	0.350000
4727	0.100000
4728	0.200000
4729	0.100000
4730	0.000000
4731	0.100000
4732	0.600000
4733	0.000000
4734	0.000000
4735	0.100000
4736	0.200000
4737	0.100000
4738	0.200000
4739	0.000000
4740	0.050000
4741	0.050000
4742	0.050000
4743	0.100000
4744	0.100000
4745	0.250000
4746	0.000000
4747	0.050000
4748	0.400000
4749	0.000000
4750	0.400000
4751	0.000000
4752	0.000000
4753	0.150000
4754	0.250000
4755	0.000000
4756	0.050000
4757	0.150000
4758	0.000000
4759	0.050000
4760	0.100000
4761	0.000000
4762	0.200000
4763	0.050000
4764	0.100000
4765	0.800000
4766	0.000000
4767	0.000000
4768	0.000000
4769	0.200000
4770	0.000000
4771	0.300000
4772	0.000000
4773	0.050000
4774	0.350000
4775	0.000000
4776	0.100000
4777	0.100000
4778	0.050000
4779	0.600000
4780	0.200000
4781	0.100000
4782	0.300000
4783	0.000000
4784	0.350000
4785	0.350000
4786	0.600000
4787	0.000000
4788	0.050000
4789	0.100000
4790	0.200000
4791	0.250000
4792	0.050000
4793	0.000000
4794	0.150000
4795	0.200000
4796	0.350000
4797	0.050000
4798	0.050000
4799	0.150000
4800	0.000000
4801	0.150000
4802	0.600000
4803	0.000000
4804	0.000000
4805	0.000000
4806	0.500000
4807	0.150000
4808	0.450000
4809	0.050000
4810	0.100000
4811	0.150000
4812	0.200000
4813	0.300000
4814	0.100000
4815	0.100000
4816	0.200000
4817	0.100000
4818	0.050000
4819	0.000000
4820	0.050000
4821	0.300000
4822	0.300000
4823	0.650000
4824	0.050000
4825	0.150000
4826	0.400000
4827	0.000000
4828	0.050000
4829	0.350000
4830	0.100000
4831	0.350000
4832	0.050000
4833	0.000000
4834	0.500000
4835	0.200000
4836	0.100000
4837	0.100000
4838	0.000000
4839	0.000000
4840	0.000000
4841	0.200000
4842	0.200000
4843	0.000000
4844	0.100000
4845	0.150000
4846	0.050000
4847	0.250000
4848	0.150000
4849	0.050000
4850	0.000000
4851	0.100000
4852	0.200000
4853	0.250000
4854	0.300000
4855	0.350000
4856	0.200000
4857	0.300000
4858	0.300000
4859	0.100000
4860	0.050000
4861	0.150000
4862	0.300000
4863	0.000000
4864	0.150000
4865	0.100000
4866	0.000000
4867	0.750000
4868	0.250000
4869	0.100000
4870	0.050000
4871	0.000000
4872	0.000000
4873	0.100000
4874	0.050000
4875	0.200000
4876	0.000000
4877	0.050000
4878	0.050000
4879	0.400000
4880	0.000000
4881	0.100000
4882	0.350000
4883	0.100000
4884	0.250000
4885	0.000000
4886	0.150000
4887	0.000000
4888	0.400000
4889	0.350000
4890	0.200000
4891	0.250000
4892	0.100000
4893	0.150000
4894	0.300000
4895	0.100000
4896	0.000000
4897	0.350000
4898	0.150000
4899	0.250000
4900	0.000000
4901	0.300000
4902	0.400000
4903	0.000000
4904	0.150000
4905	0.250000
4906	0.200000
4907	0.050000
4908	0.050000
4909	0.350000
4910	0.100000
4911	0.050000
4912	0.000000
4913	0.050000
4914	0.050000
4915	0.300000
4916	0.000000
4917	0.050000
4918	0.350000
4919	0.100000
4920	0.350000
4921	0.100000
4922	0.050000
4923	0.150000
4924	0.150000
4925	0.050000
4926	0.000000
4927	0.000000
4928	0.200000
4929	0.050000
4930	0.250000
4931	0.200000
4932	0.050000
4933	0.150000
4934	0.500000
4935	0.050000
4936	0.100000
4937	0.150000
4938	0.050000
4939	0.150000
4940	0.250000
4941	0.000000
4942	0.200000
4943	0.200000
4944	0.250000
4945	0.400000
4946	0.500000
4947	0.100000
4948	0.750000
4949	0.050000
4950	0.400000
4951	0.200000
4952	0.100000
4953	0.300000
4954	0.300000
4955	0.150000
4956	0.250000
4957	0.200000
4958	0.350000
4959	0.100000
4960	0.050000
4961	0.200000
4962	0.400000
4963	0.050000
4964	0.050000
4965	0.150000
4966	0.300000
4967	0.050000
4968	0.050000
4969	0.000000
4970	0.000000
4971	0.050000
4972	0.350000
4973	0.050000
4974	0.100000
4975	0.100000
4976	0.000000
4977	0.050000
4978	0.200000
4979	0.150000
4980	0.200000
4981	0.100000
4982	0.200000
4983	0.000000
4984	0.050000
4985	0.150000
4986	0.150000
4987	0.250000
4988	0.150000
4989	0.100000
4990	0.150000
4991	0.000000
4992	0.000000
4993	0.100000
4994	0.150000
4995	0.350000
4996	0.000000
4997	0.050000
4998	0.000000
4999	0.000000
5000	0.250000
5001	0.150000
5002	0.450000
5003	0.100000
5004	0.100000
5005	0.050000
5006	0.000000
5007	0.150000
5008	0.350000
5009	0.150000
5010	0.000000
5011	0.400000
5012	0.050000
5013	0.100000
5014	0.100000
5015	0.550000
5016	0.000000
5017	0.050000
5018	0.100000
5019	0.350000
5020	0.000000
5021	0.100000
5022	0.000000
5023	0.150000
5024	0.100000
5025	0.000000
5026	0.650000
5027	0.050000
5028	0.050000
5029	0.000000
5030	0.100000
5031	0.050000
5032	0.400000
5033	0.100000
5034	0.300000
5035	0.100000
5036	0.000000
5037	0.250000
5038	0.200000
5039	0.200000
5040	0.000000
5041	0.250000
5042	0.150000
5043	0.050000
5044	0.000000
5045	0.100000
5046	0.450000
5047	0.000000
5048	0.000000
5049	0.050000
5050	0.150000
5051	0.000000
5052	0.000000
5053	0.450000
5054	0.550000
5055	0.000000
5056	0.050000
5057	0.200000
5058	0.000000
5059	0.100000
5060	0.150000
5061	0.150000
5062	0.050000
5063	0.150000
5064	0.150000
5065	0.350000
5066	0.050000
5067	0.100000
5068	0.050000
5069	0.150000
5070	0.400000
5071	0.100000
5072	0.000000
5073	0.100000
5074	0.300000
5075	0.300000
5076	0.050000
5077	0.450000
5078	0.000000
5079	0.050000
5080	0.000000
5081	0.050000
5082	0.000000
5083	0.100000
5084	0.450000
5085	0.150000
5086	0.100000
5087	0.050000
5088	0.300000
5089	0.050000
5090	0.150000
5091	0.100000
5092	0.100000
5093	0.100000
5094	0.300000
5095	0.250000
5096	0.200000
5097	0.000000
5098	0.150000
5099	0.050000
5100	0.350000
5101	0.000000
5102	0.300000
5103	0.800000
5104	0.200000
5105	0.000000
5106	0.150000
5107	0.000000
5108	0.050000
5109	0.050000
5110	0.000000
5111	0.350000
5112	0.150000
5113	0.250000
5114	0.150000
5115	0.250000
5116	0.100000
5117	0.100000
5118	0.300000
5119	0.100000
5120	0.350000
5121	0.100000
5122	0.050000
5123	0.050000
5124	0.100000
5125	0.150000
5126	0.200000
5127	0.300000
5128	0.100000
5129	0.250000
5130	0.050000
5131	0.000000
5132	0.100000
5133	0.050000
5134	0.000000
5135	0.200000
5136	0.050000
5137	0.000000
5138	0.000000
5139	0.000000
5140	0.200000
5141	0.000000
5142	0.250000
5143	0.100000
5144	0.050000
5145	0.000000
5146	0.050000
5147	0.000000
5148	0.150000
5149	0.000000
5150	0.000000
5151	0.150000
5152	0.000000
5153	0.250000
5154	0.000000
5155	0.050000
5156	0.750000
5157	0.300000
5158	0.050000
5159	0.000000
5160	0.000000
5161	0.200000
5162	0.000000
5163	0.100000
5164	0.050000
5165	0.100000
5166	0.450000
5167	0.300000
5168	0.100000
5169	0.150000
5170	0.100000
5171	0.000000
5172	0.200000
5173	0.250000
5174	0.000000
5175	0.050000
5176	0.100000
5177	0.150000
5178	0.150000
5179	0.150000
5180	0.100000
5181	0.250000
5182	0.350000
5183	0.100000
5184	0.100000
5185	0.050000
5186	0.350000
5187	0.200000
5188	0.300000
5189	0.200000
5190	0.150000
5191	0.050000
5192	0.000000
5193	0.300000
5194	0.000000
5195	0.150000
5196	0.000000
5197	0.050000
5198	0.400000
5199	0.150000
5200	0.150000
5201	0.000000
5202	0.000000
5203	0.050000
5204	0.050000
5205	0.150000
5206	0.100000
5207	0.100000
5208	0.250000
5209	0.300000
5210	0.100000
5211	0.100000
5212	0.150000
5213	0.100000
5214	0.150000
5215	0.150000
5216	0.200000
5217	0.300000
5218	0.150000
5219	0.150000
5220	0.700000
5221	0.050000
5222	0.500000
5223	0.100000
5224	0.000000
5225	0.200000
5226	0.200000
5227	0.200000
5228	0.150000
5229	0.000000
5230	0.250000
5231	0.100000
5232	0.050000
5233	0.250000
5234	0.250000
5235	0.150000
5236	0.250000
5237	0.300000
5238	0.100000
5239	0.000000
5240	0.000000
5241	0.200000
5242	0.500000
5243	0.050000
5244	0.000000
5245	0.000000
5246	0.000000
5247	0.100000
5248	0.050000
5249	0.100000
5250	0.250000
5251	0.050000
5252	0.250000
5253	0.400000
5254	0.050000
5255	0.250000
5256	0.300000
5257	0.050000
5258	0.050000
5259	0.000000
5260	0.300000
5261	0.100000
5262	0.100000
5263	0.600000
5264	0.450000
5265	0.300000
5266	0.050000
5267	0.200000
5268	0.100000
5269	0.400000
5270	0.100000
5271	0.500000
5272	0.050000
5273	0.400000
5274	0.000000
5275	0.100000
5276	0.150000
5277	0.300000
5278	0.050000
5279	0.200000
5280	0.000000
5281	0.050000
5282	0.100000
5283	0.400000
5284	0.050000
5285	0.050000
5286	0.000000
5287	0.250000
5288	0.050000
5289	0.400000
5290	0.000000
5291	0.200000
5292	0.050000
5293	0.100000
5294	0.100000
5295	0.000000
5296	0.150000
5297	0.150000
5298	0.150000
5299	0.000000
5300	0.250000
5301	0.100000
5302	0.350000
5303	0.450000
5304	0.100000
5305	0.100000
5306	0.250000
5307	0.100000
5308	0.000000
5309	0.050000
5310	0.400000
5311	0.000000
5312	0.400000
5313	0.000000
5314	0.000000
5315	0.050000
5316	0.100000
5317	0.300000
5318	0.200000
5319	0.300000
5320	0.000000
5321	0.200000
5322	0.000000
5323	0.100000
5324	0.150000
5325	0.000000
5326	0.150000
5327	0.050000
5328	0.150000
5329	0.400000
5330	0.050000
5331	0.250000
5332	0.400000
5333	0.550000
5334	0.050000
5335	0.300000
5336	0.150000
5337	0.000000
5338	0.450000
5339	0.250000
5340	0.150000
5341	0.000000
5342	0.150000
5343	0.050000
5344	0.200000
5345	0.050000
5346	0.000000
5347	0.200000
5348	0.100000
5349	0.150000
5350	0.200000
5351	0.000000
5352	0.100000
5353	0.250000
5354	0.100000
5355	0.400000
5356	0.400000
5357	0.200000
5358	0.250000
5359	0.600000
5360	0.050000
5361	0.350000
5362	0.050000
5363	0.100000
5364	0.200000
5365	0.000000
5366	0.150000
5367	0.750000
5368	0.050000
5369	0.150000
5370	0.000000
5371	0.500000
5372	0.050000
5373	0.200000
5374	0.250000
5375	0.050000
5376	0.050000
5377	0.200000
5378	0.050000
5379	0.000000
5380	0.100000
5381	0.050000
5382	0.000000
5383	0.050000
5384	0.150000
5385	0.050000
5386	0.350000
5387	0.600000
5388	0.050000
5389	0.250000
5390	0.100000
5391	0.000000
5392	0.050000
5393	0.000000
5394	0.200000
5395	0.150000
5396	0.200000
5397	0.400000
5398	0.050000
5399	0.250000
5400	0.050000
5401	0.100000
5402	0.150000
5403	0.050000
5404	0.500000
5405	0.000000
5406	0.100000
5407	0.000000
5408	0.000000
5409	0.000000
5410	0.050000
5411	0.000000
5412	0.150000
5413	0.400000
5414	0.000000
5415	0.150000
5416	0.150000
5417	0.050000
5418	0.500000
5419	0.000000
5420	0.100000
5421	0.000000
5422	0.000000
5423	0.300000
5424	0.250000
5425	0.000000
5426	0.000000
5427	0.200000
5428	0.300000
5429	0.000000
5430	0.050000
5431	0.100000
5432	0.050000
5433	0.100000
5434	0.250000
5435	0.100000
5436	0.100000
5437	0.300000
5438	0.000000
5439	0.000000
5440	0.050000
5441	0.300000
5442	0.050000
5443	0.050000
5444	0.050000
5445	0.350000
5446	0.250000
5447	0.050000
5448	0.300000
5449	0.350000
5450	0.200000
5451	0.100000
5452	0.300000
5453	0.300000
5454	0.250000
5455	0.050000
5456	0.050000
5457	0.400000
5458	0.550000
5459	0.150000
5460	0.100000
5461	0.050000
5462	0.250000
5463	0.150000
5464	0.000000
5465	0.050000
5466	0.200000
5467	0.050000
5468	0.050000
5469	0.150000
5470	0.200000
5471	0.050000
5472	0.300000
5473	0.250000
5474	0.050000
5475	0.400000
5476	0.100000
5477	0.150000
5478	0.050000
5479	0.100000
5480	0.300000
5481	0.050000
5482	0.650000
5483	0.150000
5484	0.500000
5485	0.200000
5486	0.050000
5487	0.250000
5488	0.350000
5489	0.100000
5490	0.050000
5491	0.150000
5492	0.200000
5493	0.150000
5494	0.050000
5495	0.050000
5496	0.050000
5497	0.200000
5498	0.050000
5499	0.100000
5500	0.000000
5501	0.100000
5502	0.100000
5503	0.000000
5504	0.150000
5505	0.100000
5506	0.050000
5507	0.250000
5508	0.050000
5509	0.000000
5510	0.150000
5511	0.250000
5512	0.200000
5513	0.100000
5514	0.000000
5515	0.250000
5516	0.150000
5517	0.650000
5518	0.250000
5519	0.300000
5520	0.150000
5521	0.050000
5522	0.350000
5523	0.200000
5524	0.050000
5525	0.050000
5526	0.200000
5527	0.000000
5528	0.250000
5529	0.000000
5530	0.150000
5531	0.400000
5532	0.050000
5533	0.150000
5534	0.050000
5535	0.200000
5536	0.450000
5537	0.200000
5538	0.000000
5539	0.500000
5540	0.200000
5541	0.200000
5542	0.300000
5543	0.550000
5544	0.200000
5545	0.050000
5546	0.150000
5547	0.200000
5548	0.100000
5549	0.000000
5550	0.500000
5551	0.000000
5552	0.000000
5553	0.150000
5554	0.100000
5555	0.150000
5556	0.000000
5557	0.300000
5558	0.200000
5559	0.100000
5560	0.000000
5561	0.100000
5562	0.000000
5563	0.200000
5564	0.000000
5565	0.100000
5566	0.250000
5567	0.050000
5568	0.100000
5569	0.100000
5570	0.150000
5571	0.150000
5572	0.250000
5573	0.250000
5574	0.200000
5575	0.050000
5576	0.200000
5577	0.000000
5578	0.100000
5579	0.000000
5580	0.300000
5581	0.000000
5582	0.150000
5583	0.050000
5584	0.100000
5585	0.350000
5586	0.050000
5587	0.000000
5588	0.100000
5589	0.000000
5590	0.050000
5591	0.050000
5592	0.150000
5593	0.150000
5594	0.250000
5595	0.550000
5596	0.450000
5597	0.200000
5598	0.100000
5599	0.100000
5600	0.200000
5601	0.150000
5602	0.250000
5603	0.100000
5604	0.150000
5605	0.650000
5606	0.150000
5607	0.200000
5608	0.100000
5609	0.100000
5610	0.100000
5611	0.200000
5612	0.000000
5613	0.100000
5614	0.400000
5615	0.050000
5616	0.300000
5617	0.350000
5618	0.100000
5619	0.100000
5620	0.300000
5621	0.450000
5622	0.200000
5623	0.000000
5624	0.100000
5625	0.150000
5626	0.000000
5627	0.150000
5628	0.100000
5629	0.000000
5630	0.150000
5631	0.050000
5632	0.150000
5633	0.000000
5634	0.150000
5635	0.050000
5636	0.400000
5637	0.050000
5638	0.050000
5639	0.150000
5640	0.000000
5641	0.100000
5642	0.300000
5643	0.700000
5644	0.050000
5645	0.550000
5646	0.150000
5647	0.200000
5648	0.200000
5649	0.000000
5650	0.300000
5651	0.000000
5652	0.000000
5653	0.050000
5654	0.400000
5655	0.000000
5656	0.000000
5657	0.500000
5658	0.100000
5659	0.150000
5660	0.150000
5661	0.000000
5662	0.000000
5663	0.200000
5664	0.250000
5665	0.100000
5666	0.050000
5667	0.300000
5668	0.050000
5669	0.000000
5670	0.200000
5671	0.250000
5672	0.000000
5673	0.100000
5674	0.200000
5675	0.600000
5676	0.000000
5677	0.250000
5678	0.200000
5679	0.300000
5680	0.150000
5681	0.100000
5682	0.400000
5683	0.300000
5684	0.100000
5685	0.050000
5686	0.250000
5687	0.100000
5688	0.000000
5689	0.500000
5690	0.100000
5691	0.050000
5692	0.100000
5693	0.000000
5694	0.200000
5695	0.100000
5696	0.150000
5697	0.000000
5698	0.400000
5699	0.100000
5700	0.100000
5701	0.250000
5702	0.150000
5703	0.050000
5704	0.050000
5705	0.200000
5706	0.350000
5707	0.100000
5708	0.500000
5709	0.350000
5710	0.200000
5711	0.050000
5712	0.250000
5713	0.100000
5714	0.150000
5715	0.150000
5716	0.300000
5717	0.350000
5718	0.300000
5719	0.000000
5720	0.000000
5721	0.250000
5722	0.600000
5723	0.500000
5724	0.050000
5725	0.050000
5726	0.200000
5727	0.050000
5728	0.000000
5729	0.000000
5730	0.000000
5731	0.250000
5732	0.000000
5733	0.350000
5734	0.300000
5735	0.050000
5736	0.000000
5737	0.150000
5738	0.150000
5739	0.000000
5740	0.200000
5741	0.050000
5742	0.050000
5743	0.050000
5744	0.400000
5745	0.250000
5746	0.150000
5747	0.100000
5748	0.100000
5749	0.200000
5750	0.250000
5751	0.000000
5752	0.000000
5753	0.050000
5754	0.000000
5755	0.000000
5756	0.150000
5757	0.100000
5758	0.050000
5759	0.150000
5760	0.150000
5761	0.000000
5762	0.250000
5763	0.300000
5764	0.200000
5765	0.100000
5766	0.050000
5767	0.000000
5768	0.200000
5769	0.000000
5770	0.100000
5771	0.000000
5772	0.000000
5773	0.100000
5774	0.050000
5775	0.050000
5776	0.150000
5777	0.350000
5778	0.400000
5779	0.050000
5780	0.550000
5781	0.000000
5782	0.000000
5783	0.100000
5784	0.150000
5785	0.450000
5786	0.100000
5787	0.200000
5788	0.100000
5789	0.000000
5790	0.150000
5791	0.150000
5792	0.200000
5793	0.000000
5794	0.000000
5795	0.750000
5796	0.000000
5797	0.050000
5798	0.350000
5799	0.150000
5800	0.050000
5801	0.200000
5802	0.100000
5803	0.200000
5804	0.050000
5805	0.100000
5806	0.050000
5807	0.150000
5808	0.200000
5809	0.300000
5810	0.150000
5811	0.150000
5812	0.300000
5813	0.100000
5814	0.100000
5815	0.200000
5816	0.000000
5817	0.150000
5818	0.050000
5819	0.200000
5820	0.100000
5821	0.100000
5822	0.150000
5823	0.350000
5824	0.150000
5825	0.200000
5826	0.200000
5827	0.050000
5828	0.000000
5829	0.100000
5830	0.100000
5831	0.800000
5832	0.100000
5833	0.150000
5834	0.000000
5835	0.000000
5836	0.100000
5837	0.200000
5838	0.200000
5839	0.050000
5840	0.300000
5841	0.300000
5842	0.150000
5843	0.150000
5844	0.100000
5845	0.450000
5846	0.200000
5847	0.150000
5848	0.500000
5849	0.100000
5850	0.000000
5851	0.150000
5852	0.300000
5853	0.200000
5854	0.300000
5855	0.050000
5856	0.100000
5857	0.000000
5858	0.000000
5859	0.050000
5860	0.150000
5861	0.000000
5862	0.050000
5863	0.000000
5864	0.100000
5865	0.000000
5866	0.000000
5867	0.200000
5868	0.150000
5869	0.200000
5870	0.050000
5871	0.050000
5872	0.350000
5873	0.200000
5874	0.250000
5875	0.200000
5876	0.250000
5877	0.100000
5878	0.050000
5879	0.200000
5880	0.500000
5881	0.250000
5882	0.400000
5883	0.050000
5884	0.250000
5885	0.250000
5886	0.400000
5887	0.200000
5888	0.650000
5889	0.350000
5890	0.250000
5891	0.500000
5892	0.100000
5893	0.150000
5894	0.050000
5895	0.000000
5896	0.050000
5897	0.050000
5898	0.050000
5899	0.000000
5900	0.050000
5901	0.100000
5902	0.150000
5903	0.250000
5904	0.000000
5905	0.050000
5906	0.300000
5907	0.050000
5908	0.500000
5909	0.150000
5910	0.050000
5911	0.100000
5912	0.000000
5913	0.150000
5914	0.000000
5915	0.250000
5916	0.150000
5917	0.100000
5918	0.000000
5919	0.050000
5920	0.150000
5921	0.350000
5922	0.200000
5923	0.050000
5924	0.000000
5925	0.400000
5926	0.150000
5927	0.200000
5928	0.000000
5929	0.200000
5930	0.000000
5931	0.350000
5932	0.150000
5933	0.100000
5934	0.200000
5935	0.050000
5936	0.100000
5937	0.150000
5938	0.150000
5939	0.150000
5940	0.150000
5941	0.000000
5942	0.150000
5943	0.100000
5944	0.000000
5945	0.100000
5946	0.150000
5947	0.000000
5948	0.450000
5949	0.300000
5950	0.600000
5951	0.250000
5952	0.250000
5953	0.400000
5954	0.250000
5955	0.100000
5956	0.400000
5957	0.050000
5958	0.300000
5959	0.000000
5960	0.100000
5961	0.150000
5962	0.200000
5963	0.400000
5964	0.200000
5965	0.300000
5966	0.300000
5967	0.000000
5968	0.200000
5969	0.000000
5970	0.050000
5971	0.350000
5972	0.150000
5973	0.400000
5974	0.100000
5975	0.200000
5976	0.000000
5977	0.000000
5978	0.550000
5979	0.000000
5980	0.000000
5981	0.000000
5982	0.150000
5983	0.200000
5984	0.250000
5985	0.150000
5986	0.100000
5987	0.150000
5988	0.050000
5989	0.000000
5990	0.250000
5991	0.050000
5992	0.050000
5993	0.050000
5994	0.250000
5995	0.250000
5996	0.350000
5997	0.350000
5998	0.450000
5999	0.050000
6000	0.000000
6001	0.150000
6002	0.250000
6003	0.000000
6004	0.050000
6005	0.250000
6006	0.200000
6007	0.250000
6008	0.100000
6009	0.050000
6010	0.200000
6011	0.050000
6012	0.050000
6013	0.150000
6014	0.000000
6015	0.000000
6016	0.500000
6017	0.000000
6018	0.150000
6019	0.000000
6020	0.000000
