6040 0.139821 0.999834 0.0522897 0.788506 0.0178578 0.216298
6036 0.0857708 0.999834 0.0328094 0.883222 0.00875524 0.294967
6032 0.0312448 0.999834 0.0112635 0.539594 0.00319976 0.236322
6028 0.0312448 0.999834 0.00985251 0.842713 0.00308345 0.227591
6024 0.0312448 0.999834 0.00985798 0.536406 0.0034345 0.257197
6020 0.219941 0.999834 0.0778849 0.457494 0.0279731 0.236322
6016 0.0467666 0.999834 0.0176673 1 0.00660121 0.287521
6012 0.0312448 0.999834 0.0122906 1 0.00299339 0.219966
6008 0.0312448 0.999834 0.00833281 0.657053 0.00322064 0.236357
6004 0.0312448 0.999834 0.0105416 0.92881 0.00299339 0.219966
6000 0.0312448 0.999834 0.0112551 0.895788 0.00357713 0.263177
5996 0.219941 0.999834 0.0812549 0.689467 0.0233457 0.245425
5992 0.0312448 0.999834 0.0102617 0.788694 0.00255132 0.190666
5988 0.0312448 0.999834 0.010262 0.834617 0.0027203 0.205869
5984 0.191637 0.999834 0.0546667 0.360132 0.0316225 0.23598
5980 0.0972125 0.999834 0.0345555 0.713287 0.0173865 0.23989
5976 0.0312448 0.999834 0.011353 0.796735 0.00319976 0.236322
5972 0.399834 0.999834 0.14168 0.673851 0.033639 0.24396
5968 0.0902191 0.999834 0.029395 0.444048 0.00444725 0.23708
5964 0.293952 0.999834 0.10668 0.579328 0.0376445 0.253724
5960 0.292417 0.999834 0.11157 0.715704 0.00505895 0.219966
5956 0.256159 0.999834 0.0886921 0.898887 0.0198421 0.263999
5952 0.292417 0.999834 0.102428 0.510469 0.00529718 0.242926
5948 0.0312448 0.999834 0.012377 0.571904 0.00314147 0.232066
5944 0.0312448 0.999834 0.0130673 1 0.00303168 0.222883
5940 0.0312448 0.999834 0.0116596 1 0.00299339 0.219966
5936 0.0312448 0.999834 0.00903101 0.346401 0.00322064 0.236357
5932 0.108854 0.999834 0.0339328 0.67635 0.0157444 0.218992
5928 0.0312448 0.999834 0.0128542 0.936422 0.00299339 0.219966
5924 0.0312448 0.999834 0.0103581 0.636796 0.00329547 0.24819
5920 0.207746 0.999834 0.0664301 0.547247 0.0180064 0.241871
5916 0.167828 0.999834 0.0643104 1 0.016576 0.251981
5912 0.0312448 0.999834 0.00956661 0.708129 0.00325616 0.241879
5908 0.0312448 0.999834 0.010522 0.550149 0.00369542 0.271807
5904 0.0312448 0.999834 0.00895405 0.656108 0.00319976 0.236322
5900 0.0312448 0.999834 0.0118457 0.806727 0.0027203 0.205869
5896 0.0312448 0.999834 0.0117305 1 0.0027203 0.205869
5892 0.174822 0.999834 0.0606152 0.571743 0.0167915 0.235899
5888 0.602329 0.999834 0.217668 0.832691 0.0535243 0.259855
5884 0.139639 0.999834 0.0435626 0.587928 0.0142754 0.252028
5880 0.273714 0.999834 0.101372 0.8875 0.0338104 0.286436
5876 0.200159 0.999834 0.0529686 0.617889 0.0164024 0.222268
5872 0.0312448 0.999834 0.01073 0.900927 0.00298528 0.226278
5868 0.138662 0.999834 0.0516556 0.548762 0.0119634 0.230835
5864 0.191637 0.999834 0.0584844 0.516643 0.0278746 0.225529
5860 0.0312448 0.999834 0.0101188 0.642328 0.00299339 0.219966
5856 0.292417 0.999834 0.100437 0.732396 0.00432598 0.208797
5852 0.0312448 0.999834 0.0112069 0.714437 0.00377488 0.282295
5848 0.256084 0.999834 0.0952063 0.741425 0.0274119 0.256058
5844 0.0312448 0.999834 0.0098636 0.537386 0.00320184 0.237351
5840 0.0312448 0.999834 0.0114575 0.813022 0.00299339 0.219966
5836 0.108854 0.999834 0.0330343 0.621362 0.01568 0.207201
5832 0.344546 0.999834 0.126922 0.620499 0.0187728 0.190666
5828 0.0312448 0.999834 0.00945978 0.878567 0.00301926 0.222268
5824 0.174822 0.999834 0.0616344 0.919724 0.0224648 0.291898
5820 0.0312448 0.999834 0.00998938 0.729142 0.00306902 0.225529
5816 0.0312448 0.999834 0.0111367 0.653535 0.00319976 0.236322
5812 0.29585 0.999834 0.111381 0.739414 0.0215539 0.271754
5808 0.0674624 0.999834 0.020704 0.418332 0.00972863 0.248024
5804 0.0312448 0.999834 0.0106326 0.771793 0.00276896 0.208797
5800 0.0312448 0.999834 0.0100596 0.926999 0.00310729 0.229447
5796 0.0312448 0.999834 0.0113067 0.796779 0.00299339 0.219966
5792 0.0312448 0.999834 0.0113904 0.750073 0.00286035 0.214238
5788 0.413633 0.999834 0.146212 1 0.0466321 0.250563
5784 0.0312448 0.999834 0.0103682 0.744012 0.00299339 0.219966
5780 0.0312448 0.999834 0.0116056 0.791807 0.00296476 0.216132
5776 0.418161 0.999834 0.141682 0.768572 0.0421711 0.234278
5772 0.0312448 0.999834 0.0113281 1 0.00298469 0.218992
5768 0.0312448 0.999834 0.0123847 0.470469 0.00299339 0.219966
5764 0.0312448 0.999834 0.011913 0.587672 0.00299339 0.219966
5760 0.0312448 0.999834 0.0107306 0.563493 0.00264135 0.198853
5756 0.253241 0.999834 0.0932735 0.740805 0.0191179 0.219966
5752 0.0620298 0.999834 0.0232895 0.692722 0.00792028 0.190666
5748 0.292417 0.999834 0.0875426 0.501657 0.00478987 0.213468
5744 0.0972125 0.999834 0.0361222 0.687335 0.0196978 0.264129
5740 0.42875 0.999834 0.135084 1 0.0320597 0.225046
5736 0.0312448 0.999834 0.0102844 0.484973 0.00321417 0.23598
5732 0.0312448 0.999834 0.00918403 0.583409 0.00323094 0.237105
5728 0.0312448 0.999834 0.0113172 0.767841 0.00296842 0.217225
5724 0.319209 0.999834 0.105635 0.538926 0.0241149 0.236357
5720 0.0620298 0.999834 0.021405 1 0.00978149 0.241724
5716 0.435753 0.999834 0.143801 0.617423 0.035989 0.230023
5712 0.0738537 0.999834 0.0227984 0.668634 0.0090207 0.248024
5708 0.108854 0.999834 0.0343457 0.828967 0.0146026 0.234854
5704 0.0312448 0.999834 0.0108902 0.526982 0.00269054 0.199325
5700 0.0312448 0.999834 0.0105092 0.525534 0.00264135 0.198853
5696 0.191637 0.999834 0.0559229 0.408752 0.0286991 0.219966
5692 0.0312448 0.999834 0.0109628 0.61217 0.00298469 0.218992
5688 0.0312448 0.999834 0.0103377 0.70235 0.00314147 0.232066
5684 0.57342 0.999834 0.21224 0.831809 0.0549912 0.255527
5680 0.0312448 0.999834 0.0121688 0.580957 0.00320044 0.234942
5676 0.0312448 0.999834 0.009993 0.855258 0.00290768 0.215883
5672 0.0312448 0.999834 0.0106622 0.720777 0.00310729 0.229447
5668 0.0312448 0.999834 0.00957813 0.463373 0.00323352 0.241333
5664 0.650746 0.999834 0.229339 0.623927 0.0639911 0.236954
5660 0.219941 0.999834 0.0644611 0.62694 0.0260541 0.229447
5656 0.0312448 0.999834 0.0127907 1 0.0027203 0.205869
5652 0.0312448 0.999834 0.0105899 0.640321 0.00298469 0.218992
5648 0.167828 0.999834 0.0502255 0.558825 0.0167081 0.238959
5644 0.0312448 0.999834 0.010297 0.600853 0.00292249 0.213468
5640 0.0312448 0.999834 0.00994806 0.790033 0.00276896 0.208797
5636 0.478155 0.999834 0.175695 0.982214 0.0581367 0.303237
5632 0.292417 0.999834 0.0947679 0.628982 0.00572251 0.218992
5628 0.0972125 0.999834 0.0286114 0.796705 0.015954 0.236357
5624 0.167578 0.999834 0.0526224 0.7803 0.0322256 0.24417
5620 0.0620298 0.999834 0.0200716 0.743305 0.00935884 0.242121
5616 0.253241 0.999834 0.0835859 0.645223 0.0153664 0.198433
5612 0.0312448 0.999834 0.0116946 1 0.00299339 0.219966
5608 0.0312448 0.999834 0.0102271 0.707313 0.00264135 0.198853
5604 0.0902191 0.999834 0.0341082 0.769888 0.00440818 0.216132
5600 0.191637 0.999834 0.0657511 0.571312 0.0345086 0.229157
5596 0.398733 0.999834 0.136914 0.537392 0.0399205 0.247321
5592 0.487751 0.999834 0.155842 0.557403 0.0575911 0.244828
5588 0.0902191 0.999834 0.029345 0.622711 0.00365992 0.205869
5584 0.0312448 0.999834 0.0123842 0.678624 0.00299339 0.219966
5580 0.138662 0.999834 0.0494252 0.606848 0.0124768 0.234297
5576 0.191637 0.999834 0.0657823 0.598367 0.0350977 0.25956
5572 0.20463 0.999834 0.0607981 0.619649 0.016402 0.197241
5568 0.188403 0.999834 0.0688247 0.578803 0.0117515 0.228537
5564 0.0312448 0.999834 0.0118844 0.998702 0.00299339 0.219966
5560 0.0312448 0.999834 0.00957846 0.38438 0.00322376 0.237978
5556 0.0312448 0.999834 0.0114102 0.940373 0.00322724 0.240631
5552 0.0312448 0.999834 0.0120468 0.984709 0.00299339 0.219966
5548 0.0312448 0.999834 0.0116291 0.721001 0.0027203 0.205869
5544 0.0312448 0.999834 0.0103427 0.69207 0.0027203 0.205869
5540 0.0312448 0.999834 0.0104539 0.675063 0.00345034 0.258757
5536 0.181271 0.999834 0.0652069 1 0.0180639 0.274189
5532 0.0312448 0.999834 0.0120487 0.881121 0.00298587 0.21967
5528 0.0312448 0.999834 0.0110961 0.506359 0.00282962 0.210651
5524 0.0312448 0.999834 0.0121983 0.715623 0.0027203 0.205869
5520 0.0312448 0.999834 0.0101943 0.58712 0.00259391 0.194302
5516 0.0312448 0.999834 0.010557 0.547658 0.00254604 0.191286
5512 0.0312448 0.999834 0.0105833 0.529886 0.00321538 0.237305
5508 0.191637 0.999834 0.0709689 0.831987 0.0230872 0.205869
5504 0.481113 0.999834 0.180003 0.564886 0.0392916 0.226045
5500 0.0312448 0.999834 0.0122008 0.666337 0.0027203 0.205869
5496 0.0312448 0.999834 0.0104595 0.686007 0.00276359 0.206919
5492 0.170812 0.999834 0.0647137 1 0.00713349 0.194302
5488 0.455792 0.999834 0.157154 0.758915 0.0487882 0.24825
5484 0.452809 0.999834 0.143034 0.449442 0.047532 0.248509
5480 0.0312448 0.999834 0.0110367 0.927896 0.0027203 0.205869
5476 0.0312448 0.999834 0.0117306 0.568584 0.00316023 0.232633
5472 0.167578 0.999834 0.057276 1 0.0366677 0.234711
5468 0.0674624 0.999834 0.0254424 0.648619 0.0086936 0.224621
5464 0.0312448 0.999834 0.0110738 0.520885 0.0027203 0.205869
5460 0.0312448 0.999834 0.0102664 0.429554 0.00294689 0.216233
5456 0.0312448 0.999834 0.010319 0.709262 0.00299339 0.219966
5452 0.167578 0.999834 0.0571142 0.872724 0.0372105 0.252049
5448 0.253241 0.999834 0.095693 0.931929 0.0203005 0.232066
5444 0.0312448 0.999834 0.0116448 1 0.00276896 0.208797
5440 0.0312448 0.999834 0.0112643 0.48313 0.00299339 0.219966
5436 0.0312448 0.999834 0.0100237 0.666306 0.00296476 0.216132
5432 0.0312448 0.999834 0.011615 0.623531 0.00255132 0.190666
5428 0.253241 0.999834 0.0926412 0.681436 0.0213299 0.216132
5424 0.365022 0.999834 0.122447 0.78 0.0356484 0.245382
5420 0.0312448 0.999834 0.0120307 1 0.0028237 0.212745
5416 0.0312448 0.999834 0.011605 0.591191 0.0027203 0.205869
5412 0.293952 0.999834 0.101334 0.57818 0.0419115 0.251945
5408 0.0312448 0.999834 0.0111867 0.594687 0.00314147 0.232066
5404 0.482648 0.999834 0.159163 0.577819 0.0509909 0.244079
5400 0.0312448 0.999834 0.0121595 0.800651 0.00299339 0.219966
5396 0.191637 0.999834 0.0588328 0.501084 0.0345075 0.241848
5392 0.0674624 0.999834 0.0200957 0.50962 0.00769802 0.211937
5388 0.0312448 0.999834 0.0101393 0.667775 0.00306902 0.225529
5384 0.0312448 0.999834 0.0108482 0.482287 0.0027203 0.205869
5380 0.253241 0.999834 0.0978288 1 0.0191179 0.219966
5376 0.0312448 0.999834 0.0106656 0.631183 0.00368085 0.274516
5372 0.0312448 0.999834 0.00951837 0.480811 0.00255132 0.190666
5368 0.167578 0.999834 0.049523 0.758123 0.031976 0.233794
5364 0.167578 0.999834 0.0573646 0.598589 0.0391811 0.254271
5360 0.0312448 0.999834 0.0106115 0.915656 0.00297188 0.222316
5356 0.0312448 0.999834 0.0113433 0.760362 0.00299339 0.219966
5352 0.0312448 0.999834 0.011413 0.626003 0.00306382 0.227108
5348 0.0312448 0.999834 0.011912 0.846481 0.00299339 0.219966
5344 0.0813729 0.999834 0.029781 0.764882 0.00765139 0.234825
5340 0.0312448 0.999834 0.0125467 0.879087 0.0027203 0.205869
5336 0.0312448 0.999834 0.00964979 0.450504 0.00298469 0.218992
5332 0.110071 0.999834 0.0331978 0.437172 0.00950867 0.236349
5328 0.0312448 0.999834 0.0118137 0.575401 0.0027203 0.205869
5324 0.299054 0.999834 0.101282 0.571791 0.0250883 0.206078
5320 0.0312448 0.999834 0.0113741 0.787552 0.00299339 0.219966
5316 0.0312448 0.999834 0.010293 0.477393 0.00319976 0.236322
5312 0.728703 0.999834 0.264392 0.705403 0.0953131 0.303435
5308 0.0312448 0.999834 0.00924799 0.727909 0.00322521 0.238152
5304 0.0312448 0.999834 0.0104492 0.762731 0.0027203 0.205869
5300 0.389574 0.999834 0.142995 0.570698 0.0305599 0.198433
5296 0.253241 0.999834 0.0857296 0.529375 0.0191179 0.219966
5292 0.0312448 0.999834 0.0109055 0.612122 0.0027203 0.205869
5288 0.0312448 0.999834 0.0127254 0.780925 0.00299339 0.219966
5284 0.0312448 0.999834 0.00913181 0.549241 0.00298587 0.21967
5280 0.0312448 0.999834 0.0100247 0.651256 0.0027226 0.205549
5276 0.0312448 0.999834 0.0105455 0.797492 0.00308815 0.227354
5272 0.0312448 0.999834 0.0102038 0.832635 0.00306763 0.228024
5268 0.0312448 0.999834 0.0111045 0.852309 0.00323959 0.244928
5264 0.385256 0.999834 0.119927 0.639321 0.0442207 0.240567
5260 0.167578 0.999834 0.0608062 0.67311 0.0316904 0.236322
5256 0.241765 0.999834 0.0878689 1 0.0371437 0.268977
5252 0.12255 0.999834 0.0418942 0.570074 0.0108262 0.205549
5248 0.0312448 0.999834 0.0113269 0.763896 0.00264135 0.198853
5244 0.0312448 0.999834 0.00952165 0.525928 0.00264135 0.198853
5240 0.0312448 0.999834 0.0112826 0.535815 0.0027203 0.205869
5236 0.265036 0.999834 0.0857256 0.750253 0.028837 0.213468
5232 0.0312448 0.999834 0.0103474 0.725417 0.00330447 0.250387
5228 0.253241 0.999834 0.0732191 0.610469 0.0203861 0.21967
5224 0.0312448 0.999834 0.0106117 1 0.00299339 0.219966
5220 0.358384 0.999834 0.1298 0.887745 0.0197619 0.249847
5216 0.0312448 0.999834 0.0091207 0.761534 0.00255132 0.190666
5212 0.292417 0.999834 0.105897 0.440081 0.00551566 0.229447
5208 0.0312448 0.999834 0.0100217 0.539487 0.00267379 0.199274
5204 0.0312448 0.999834 0.00928547 0.45073 0.0030325 0.22426
5200 0.0312448 0.999834 0.0104344 0.536181 0.00330972 0.248131
5196 0.0312448 0.999834 0.0116402 1 0.00281833 0.211937
5192 0.0312448 0.999834 0.0103022 0.566993 0.00298469 0.218992
5188 0.191637 0.999834 0.0681073 0.640473 0.030923 0.236322
5184 0.0312448 0.999834 0.0117026 0.597288 0.00278653 0.209705
5180 0.0312448 0.999834 0.0113307 0.536525 0.00281833 0.211937
5176 0.0972125 0.999834 0.0344164 0.929293 0.014549 0.218992
5172 0.188517 0.999834 0.0684208 0.861161 0.022086 0.254081
5168 0.0312448 0.999834 0.00968518 0.445291 0.00312794 0.230835
5164 0.293952 0.999834 0.10056 0.490118 0.0327136 0.205869
5160 0.0312448 0.999834 0.0103862 0.554114 0.00276896 0.208797
5156 0.463692 0.999834 0.158104 0.500752 0.0475236 0.223326
5152 0.0312448 0.999834 0.0109306 1 0.00310729 0.229447
5148 0.0312448 0.999834 0.0108354 0.56555 0.00272028 0.204042
5144 0.0312448 0.999834 0.0118871 0.600069 0.00299339 0.219966
5140 0.0312448 0.999834 0.0107814 0.82183 0.00322507 0.242149
5136 0.29755 0.999834 0.106501 0.783985 0.0187502 0.219966
5132 0.0312448 0.999834 0.0110989 0.487245 0.00306955 0.226327
5128 0.0444384 0.999834 0.0135939 0.565309 0.00520731 0.220139
5124 0.216271 0.999834 0.0815892 0.868213 0.0198687 0.205549
5120 0.2951 0.999834 0.0976023 0.700783 0.0260431 0.219966
5116 0.0312448 0.999834 0.0109804 0.543555 0.0027203 0.205869
5112 0.0495058 0.999834 0.0181745 1 0.00553069 0.236954
5108 0.0444384 0.999834 0.016923 0.889179 0.00508951 0.225529
5104 0.378098 0.999834 0.114742 0.510038 0.0313821 0.219089
5100 0.413317 0.999834 0.160359 0.540591 0.056021 0.318464
5096 0.253241 0.999834 0.0899427 0.864475 0.0202833 0.23028
5092 0.0312448 0.999834 0.0108731 0.593036 0.00272028 0.204042
5088 0.0972125 0.999834 0.0274534 0.424061 0.0174138 0.242926
5084 0.0902191 0.999834 0.0326809 0.942062 0.00492748 0.241633
5080 0.0312448 0.999834 0.0113266 0.603484 0.00299339 0.219966
5076 0.0312448 0.999834 0.0105826 0.840032 0.00274279 0.208787
5072 0.0312448 0.999834 0.00959558 0.443626 0.00321328 0.235899
5068 0.0312448 0.999834 0.0114949 0.672068 0.00299339 0.219966
5064 0.293952 0.999834 0.100858 0.539943 0.0351953 0.236357
5060 0.0312448 0.999834 0.0110995 0.621898 0.00316023 0.232633
5056 0.0312448 0.999834 0.0107345 0.439476 0.00317525 0.235012
5052 0.0312448 0.999834 0.0109184 0.570053 0.00298469 0.218992
5048 0.0312448 0.999834 0.0112196 0.50756 0.00299339 0.219966
5044 0.0312448 0.999834 0.0115384 0.598795 0.00319976 0.236322
5040 0.0312448 0.999834 0.0109619 0.719085 0.00299339 0.219966
5036 0.0312448 0.999834 0.0112827 1 0.00299339 0.219966
5032 0.0312448 0.999834 0.0103906 0.6057 0.0027203 0.205869
5028 0.0312448 0.999834 0.0113015 0.693074 0.00299339 0.219966
5024 0.0738537 0.999834 0.0273566 0.649787 0.00801612 0.229447
5020 0.0312448 0.999834 0.0103682 0.634089 0.00329231 0.241444
5016 0.0312448 0.999834 0.0111133 0.853378 0.00255132 0.190666
5012 0.0312448 0.999834 0.0115603 0.874342 0.00299339 0.219966
5008 0.379614 0.999834 0.133202 0.497721 0.0492357 0.220607
5004 0.0312448 0.999834 0.0114064 0.637358 0.0027203 0.205869
5000 0.0312448 0.999834 0.0111101 0.49578 0.00393149 0.297325
4996 0.0312448 0.999834 0.0114739 0.699964 0.00310729 0.229447
4992 0.0312448 0.999834 0.0094748 0.558135 0.00276896 0.208797
4988 0.292417 0.999834 0.0977197 0.6856 0.00505895 0.219966
4984 0.0312448 0.999834 0.0119385 0.895789 0.00255132 0.190666
4980 0.306213 0.999834 0.105401 0.733788 0.0292663 0.206917
4976 0.0312448 0.999834 0.0107462 0.756779 0.00308345 0.227591
4972 0.67634 0.999834 0.252245 0.921113 0.0666958 0.217225
4968 0.0312448 0.999834 0.0103312 0.571654 0.00314147 0.232066
4964 0.0972125 0.999834 0.0356772 0.746648 0.0182854 0.258635
4960 0.0312448 0.999834 0.0119847 0.602136 0.0027203 0.205869
4956 0.0312448 0.999834 0.011185 0.693753 0.00281833 0.211937
4952 0.0312448 0.999834 0.0109215 0.768415 0.0027203 0.205869
4948 0.0991284 0.999834 0.0371642 0.922458 0.010101 0.23207
4944 0.108854 0.999834 0.0296759 0.441401 0.0154898 0.232633
4940 0.0312448 0.999834 0.0123562 0.697463 0.00299339 0.219966
4936 0.0312448 0.999834 0.00954417 0.498343 0.00299339 0.219966
4932 0.12255 0.999834 0.0436254 0.7103 0.016234 0.251524
4928 0.0312448 0.999834 0.0120272 1 0.0027203 0.205869
4924 0.0312448 0.999834 0.0105556 0.573244 0.00306902 0.225529
4920 0.191637 0.999834 0.0713009 0.615985 0.0303076 0.23028
4916 0.0312448 0.999834 0.0121879 1 0.0027203 0.205869
4912 0.0312448 0.999834 0.0107995 0.535471 0.0027203 0.205869
4908 0.0312448 0.999834 0.0101005 0.595088 0.00322543 0.240466
4904 0.0312448 0.999834 0.011485 0.456196 0.00356059 0.264852
4900 0.0312448 0.999834 0.0101944 0.457183 0.0027226 0.205549
4896 0.0312448 0.999834 0.0128218 0.771489 0.00299339 0.219966
4892 0.0312448 0.999834 0.0100033 0.799954 0.00338682 0.252226
4888 0.0312448 0.999834 0.0123044 0.508333 0.00279226 0.207201
4884 0.863501 0.999834 0.290355 0.702798 0.0939202 0.276341
4880 0.0312448 0.999834 0.0125838 0.709495 0.00264135 0.198853
4876 0.0312448 0.999834 0.0101551 0.600887 0.00276896 0.208797
4872 0.0312448 0.999834 0.0100988 0.739488 0.00296476 0.216132
4868 0.138662 0.999834 0.042908 0.582053 0.0110329 0.230038
4864 0.0312448 0.999834 0.0100593 0.48384 0.0027203 0.205869
4860 0.0312448 0.999834 0.00975729 0.525664 0.00306955 0.226327
4856 0.0312448 0.999834 0.0122916 0.805168 0.00281833 0.211937
4852 0.0312448 0.999834 0.0115296 0.690501 0.00322064 0.236357
4848 0.256159 0.999834 0.0770918 0.549785 0.0153379 0.216132
4844 0.0312448 0.999834 0.0104995 0.646452 0.0027226 0.205549
4840 0.0312448 0.999834 0.0104066 0.602429 0.00264135 0.198853
4836 0.253241 0.999834 0.0959751 0.613286 0.0204044 0.222268
4832 0.0312448 0.999834 0.00979687 0.595508 0.00329692 0.242054
4828 0.0312448 0.999834 0.0112999 0.679925 0.00310729 0.229447
4824 0.31801 0.999834 0.112736 0.739818 0.0420894 0.212657
4820 0.0312448 0.999834 0.0114063 0.846152 0.00316023 0.232633
4816 0.0312448 0.999834 0.011843 0.533409 0.00255132 0.190666
4812 0.0312448 0.999834 0.0111714 0.791724 0.00310729 0.229447
4808 0.0674624 0.999834 0.0246484 1 0.00968508 0.240637
4804 0.0312448 0.999834 0.0129856 1 0.00299339 0.219966
4800 0.138662 0.999834 0.0465076 0.854913 0.00974146 0.211937
4796 0.0620298 0.999834 0.0222835 0.80976 0.0086571 0.236785
4792 0.0312448 0.999834 0.0111363 0.741808 0.0027203 0.205869
4788 0.0312448 0.999834 0.0107916 0.88042 0.00318081 0.236954
4784 0.0312448 0.999834 0.0114606 0.588827 0.00307755 0.226829
4780 0.0312448 0.999834 0.0111431 0.481033 0.0027203 0.205869
4776 0.0312448 0.999834 0.0108123 0.474172 0.00299339 0.219966
4772 0.0312448 0.999834 0.011399 0.600532 0.00319976 0.236322
4768 0.0312448 0.999834 0.0112061 0.527087 0.00264701 0.199131
4764 0.0312448 0.999834 0.0106067 0.585056 0.00299339 0.219966
4760 0.253241 0.999834 0.088305 0.758327 0.0202429 0.222883
4756 0.0312448 0.999834 0.0113489 0.700633 0.0027203 0.205869
4752 0.0312448 0.999834 0.0109927 0.585583 0.00310729 0.229447
4748 0.413633 0.999834 0.145885 0.509627 0.0256568 0.189348
4744 0.12255 0.999834 0.0410935 0.531156 0.0126789 0.215883
4740 0.0312448 0.999834 0.0117706 0.663902 0.00298469 0.218992
4736 0.138662 0.999834 0.0483065 0.79662 0.0128078 0.241014
4732 0.839442 0.999834 0.311835 0.743233 0.0756276 0.230968
4728 0.0495058 0.999834 0.0180543 0.840347 0.00648473 0.278214
4724 0.0312448 0.999834 0.0113378 0.600541 0.0027203 0.205869
4720 0.0312448 0.999834 0.0108988 0.525111 0.0027226 0.205549
4716 0.0312448 0.999834 0.0116191 0.52736 0.0027226 0.205549
4712 0.0312448 0.999834 0.0104335 1 0.00299339 0.219966
4708 0.332152 0.999834 0.118407 0.597211 0.0316364 0.235716
4704 0.0312448 0.999834 0.0112326 1 0.0031305 0.235707
4700 0.315133 0.999834 0.108284 0.752099 0.0306875 0.217225
4696 0.0312448 0.999834 0.0104377 0.58462 0.00306955 0.226327
4692 0.0312448 0.999834 0.0114116 0.828812 0.00298469 0.218992
4688 0.219941 0.999834 0.0712491 0.600371 0.0204512 0.191803
4684 0.0312448 0.999834 0.010825 0.769143 0.0027203 0.205869
4680 0.0312448 0.999834 0.0116175 0.677166 0.0027203 0.205869
4676 0.0312448 0.999834 0.0107901 0.591436 0.00288971 0.217337
4672 0.0312448 0.999834 0.0128003 0.839794 0.00299339 0.219966
4668 0.257605 0.999834 0.0663396 0.42068 0.0220443 0.242926
4664 0.0312448 0.999834 0.0115291 0.548261 0.0027203 0.205869
4660 0.0312448 0.999834 0.0106769 0.541704 0.00319976 0.236322
4656 0.12255 0.999834 0.0402102 0.535062 0.0152529 0.241022
4652 0.0312448 0.999834 0.0106318 0.451454 0.0027203 0.205869
4648 0.0312448 0.999834 0.0115296 0.833613 0.00299339 0.219966
4644 0.0312448 0.999834 0.010928 0.884789 0.00247349 0.186546
4640 0.0312448 0.999834 0.0097911 1 0.00345411 0.258661
4636 0.0312448 0.999834 0.0114602 1 0.00299339 0.219966
4632 0.0312448 0.999834 0.0103152 0.617838 0.00314147 0.232066
4628 0.0312448 0.999834 0.0117085 0.962126 0.00299339 0.219966
4624 0.0312448 0.999834 0.0109712 0.57869 0.00289007 0.219483
4620 0.0312448 0.999834 0.0114815 0.712967 0.00259391 0.194302
4616 0.0312448 0.999834 0.010332 0.590487 0.0027203 0.205869
4612 0.0312448 0.999834 0.0120587 0.748774 0.00299339 0.219966
4608 0.314891 0.999834 0.111183 0.651005 0.0262221 0.219966
4604 0.0312448 0.999834 0.0100281 0.739636 0.00314147 0.232066
4600 0.560226 0.999834 0.196239 0.724411 0.0584824 0.23149
4596 0.0312448 0.999834 0.0108527 0.855145 0.00296523 0.216331
4592 0.507905 0.999834 0.159414 0.745712 0.0432753 0.2332
4588 0.0312448 0.999834 0.0101768 0.665242 0.00298469 0.218992
4584 0.0312448 0.999834 0.0119888 0.450045 0.0027203 0.205869
4580 0.0312448 0.999834 0.0122616 0.694685 0.0027203 0.205869
4576 0.0312448 0.999834 0.0114681 0.691797 0.00299339 0.219966
4572 0.0312448 0.999834 0.0126957 0.662809 0.00299339 0.219966
4568 0.452809 0.999834 0.169546 0.828364 0.0251524 0.205869
4564 0.0972125 0.999834 0.0320197 0.733545 0.0147898 0.219966
4560 0.342645 0.999834 0.114034 0.80131 0.0390617 0.278489
4556 0.31801 0.999834 0.11252 0.771619 0.0316715 0.217225
4552 0.356275 0.999834 0.115015 0.739539 0.0359842 0.227107
4548 0.0312448 0.999834 0.00970571 1 0.0027203 0.205869
4544 0.0312448 0.999834 0.0130767 0.730751 0.00316023 0.232633
4540 0.0312448 0.999834 0.0101458 0.616025 0.00298469 0.218992
4536 0.0312448 0.999834 0.00891496 0.430533 0.00322064 0.236357
4532 0.191637 0.999834 0.0626737 0.565454 0.0307162 0.242855
4528 0.0312448 0.999834 0.010777 0.874229 0.00255132 0.190666
4524 0.554242 0.999834 0.196993 1 0.0410162 0.220139
4520 0.0312448 0.999834 0.0104677 0.653441 0.00350211 0.264227
4516 0.0312448 0.999834 0.010468 0.434272 0.00282962 0.210651
4512 0.29755 0.999834 0.0949918 0.651899 0.0276563 0.262747
4508 0.392808 0.999834 0.150014 1 0.0525365 0.252807
4504 0.0312448 0.999834 0.0103066 0.435788 0.00316023 0.232633
4500 0.0312448 0.999834 0.011105 1 0.0027203 0.205869
4496 0.0312448 0.999834 0.0113273 0.745311 0.0027203 0.205869
4492 0.0312448 0.999834 0.0106162 0.68515 0.0027203 0.205869
4488 0.0312448 0.999834 0.0116145 1 0.00304682 0.226978
4484 0.210187 0.999834 0.0781558 0.504965 0.0275024 0.216251
4480 0.0312448 0.999834 0.0109899 0.934356 0.00314779 0.237764
4476 0.078003 0.999834 0.0306489 0.60056 0.00735334 0.247067
4472 0.12255 0.999834 0.0443089 0.843755 0.0168469 0.257987
4468 0.0312448 0.999834 0.0108138 0.506861 0.00255132 0.190666
4464 0.0312448 0.999834 0.0120214 1 0.00299339 0.219966
4460 0.370026 0.999834 0.130003 0.820861 0.0176 0.20261
4456 0.0312448 0.999834 0.0111097 0.581302 0.00255132 0.190666
4452 0.12255 0.999834 0.0422087 0.604028 0.0132545 0.205869
4448 0.547081 0.999834 0.210851 0.561404 0.063929 0.275019
4444 0.443909 0.999834 0.155728 0.732119 0.0421523 0.190666
4440 0.0312448 0.999834 0.0103289 0.728315 0.0027203 0.205869
4436 0.0312448 0.999834 0.0108177 0.782331 0.0027203 0.205869
4432 0.0312448 0.999834 0.0112855 0.554614 0.00299339 0.219966
4428 0.0312448 0.999834 0.0113773 0.659651 0.00255132 0.190666
4424 0.0972125 0.999834 0.0305037 0.418815 0.015954 0.236357
4420 0.167578 0.999834 0.0586533 0.610384 0.028889 0.219966
4416 0.219941 0.999834 0.0728087 0.522657 0.0272772 0.264582
4412 0.0312448 0.999834 0.0105476 0.813997 0.00264135 0.198853
4408 0.0312448 0.999834 0.0123755 0.671638 0.00299642 0.21844
4404 0.0312448 0.999834 0.0112971 0.846841 0.00261845 0.197241
4400 0.0312448 0.999834 0.0107592 0.519062 0.00298469 0.218992
4396 0.0312448 0.999834 0.0101898 0.761749 0.00299339 0.219966
4392 0.0312448 0.999834 0.0110519 0.656142 0.00299339 0.219966
4388 0.282942 0.999834 0.100889 0.717406 0.0441565 0.271903
4384 0.0312448 0.999834 0.010487 0.577713 0.00294299 0.227125
4380 0.157618 0.999834 0.0552528 0.698707 0.0044513 0.21785
4376 0.12255 0.999834 0.0376344 0.571855 0.0133238 0.240897
4372 0.0312448 0.999834 0.0107479 0.554789 0.00281833 0.211937
4368 0.108854 0.999834 0.0340733 0.636761 0.0182646 0.259998
4364 0.0312448 0.999834 0.0105921 0.857793 0.00326356 0.24207
4360 0.0312448 0.999834 0.0115227 1 0.00255132 0.190666
4356 0.496401 0.999834 0.166633 0.681474 0.0522263 0.239773
4352 0.0312448 0.999834 0.0110746 0.724131 0.00316409 0.237478
4348 0.0312448 0.999834 0.0106994 0.649663 0.0027203 0.205869
4344 0.561722 0.999834 0.214301 0.799177 0.0604836 0.25744
4340 0.0312448 0.999834 0.0101079 0.61473 0.00299339 0.219966
4336 0.0312448 0.999834 0.0121298 0.608495 0.00299339 0.219966
4332 0.0312448 0.999834 0.0105741 0.733838 0.00255132 0.190666
4328 0.172678 0.999834 0.0628041 0.641554 0.0270905 0.268501
4324 0.0312448 0.999834 0.0106917 0.532352 0.00299549 0.222139
4320 0.167578 0.999834 0.0493587 0.449237 0.0395471 0.239622
4316 0.219941 0.999834 0.0700072 0.814323 0.0229567 0.195178
4312 0.371561 0.999834 0.143582 0.936656 0.0588511 0.315421
4308 0.191637 0.999834 0.0628433 0.965502 0.0300408 0.207201
4304 0.514413 0.999834 0.150168 0.481696 0.0539443 0.236322
4300 0.0312448 0.999834 0.0111134 0.881256 0.0027203 0.205869
4296 0.0312448 0.999834 0.0115869 0.828764 0.00299339 0.219966
4292 0.0312448 0.999834 0.0100394 0.691637 0.00288483 0.219092
4288 0.0312448 0.999834 0.0105582 0.588526 0.0031186 0.23028
4284 0.0312448 0.999834 0.0107582 1 0.00336167 0.247974
4280 0.0312448 0.999834 0.0104911 0.671944 0.00255132 0.190666
4276 0.0312448 0.999834 0.0112373 0.773385 0.00316023 0.232633
4272 0.0312448 0.999834 0.0104375 0.726845 0.00324355 0.242209
4268 0.0312448 0.999834 0.0117739 0.751442 0.00305422 0.224413
4264 0.0312448 0.999834 0.0101239 0.419008 0.00298469 0.218992
4260 0.265036 0.999834 0.0983628 1 0.0304447 0.234942
4256 0.0312448 0.999834 0.0106334 0.721453 0.00299339 0.219966
4252 0.0312448 0.999834 0.0105858 0.757389 0.0027205 0.208584
4248 0.0312448 0.999834 0.00971922 0.580149 0.00355061 0.262707
4244 0.0312448 0.999834 0.0117135 1 0.00319976 0.236322
4240 0.0312448 0.999834 0.0103534 0.590065 0.00319976 0.236322
4236 0.0312448 0.999834 0.0111662 0.509657 0.00299339 0.219966
4232 0.0312448 0.999834 0.0105581 0.718861 0.0027203 0.205869
4228 0.0312448 0.999834 0.00946386 0.625526 0.00264701 0.199131
4224 0.0312448 0.999834 0.011348 0.594774 0.00299339 0.219966
4220 0.0312448 0.999834 0.0109841 0.814412 0.00276896 0.208797
4216 0.0312448 0.999834 0.010278 0.608731 0.00310729 0.229447
4212 0.0312448 0.999834 0.0114478 0.646709 0.00308815 0.227354
4208 0.0312448 0.999834 0.0111846 0.554384 0.00298469 0.218992
4204 0.292417 0.999834 0.10153 0.466603 0.00623101 0.259903
4200 0.0312448 0.999834 0.0101953 0.603561 0.00324355 0.242209
4196 0.0312448 0.999834 0.0117376 0.788002 0.00299339 0.219966
4192 0.0312448 0.999834 0.0117386 1 0.00299339 0.219966
4188 0.0312448 0.999834 0.011277 0.901202 0.00299339 0.219966
4184 0.0312448 0.999834 0.0109852 0.984869 0.00299339 0.219966
4180 0.0902191 0.999834 0.0307046 0.813679 0.00407473 0.194302
4176 0.108854 0.999834 0.0310267 0.382636 0.0154898 0.232633
4172 0.0312448 0.999834 0.00975463 0.404843 0.00268485 0.204733
4168 0.0312448 0.999834 0.0118598 0.526095 0.00255132 0.190666
4164 0.0444384 0.999834 0.0148907 0.650039 0.00521268 0.232633
4160 0.0444384 0.999834 0.0151034 0.796075 0.00550377 0.241834
4156 0.686963 0.999834 0.251545 0.797278 0.0704837 0.25383
4152 0.292417 0.999834 0.100495 0.874632 0.0049365 0.20466
4148 0.0312448 0.999834 0.00959341 0.542643 0.00329802 0.249484
4144 0.0620298 0.999834 0.0200249 0.929801 0.0102223 0.24965
4140 0.380333 0.999834 0.136137 0.989634 0.0330564 0.23871
4136 0.0312448 0.999834 0.0126158 0.52414 0.00299339 0.219966
4132 0.742051 0.999834 0.235872 0.641803 0.060133 0.207201
4128 0.0312448 0.999834 0.0113892 0.649321 0.0027203 0.205869
4124 0.766109 0.999834 0.280567 0.926318 0.0578634 0.205869
4120 0.138662 0.999834 0.0435571 0.81104 0.011393 0.219966
4116 0.410513 0.999834 0.144553 0.753854 0.0386608 0.268649
4112 0.167578 0.999834 0.0596244 0.587734 0.0290792 0.217787
4108 0.0312448 0.999834 0.0109036 0.542977 0.00298469 0.218992
4104 0.108854 0.999834 0.0365808 0.808752 0.0150461 0.234732
4100 0.0312448 0.999834 0.0115445 0.585338 0.00310729 0.229447
4096 0.158767 0.999834 0.0538933 0.822636 0.0122455 0.229262
4092 0.0312448 0.999834 0.0107019 0.520896 0.0027203 0.205869
4088 0.0312448 0.999834 0.0119818 0.752416 0.00249361 0.188375
4084 0.0312448 0.999834 0.0118713 0.525837 0.0027203 0.205869
4080 0.219941 0.999834 0.0649635 0.438222 0.0281916 0.254484
4076 0.0312448 0.999834 0.0111445 0.543604 0.0027203 0.205869
4072 0.0467666 0.999834 0.0166294 0.607606 0.00543222 0.236322
4068 0.0312448 0.999834 0.011821 0.681707 0.00299339 0.219966
4064 0.187708 0.999834 0.0723767 0.987324 0.0152208 0.242328
4060 0.0312448 0.999834 0.0101498 0.67248 0.00355672 0.266614
4056 0.0312448 0.999834 0.00927232 1 0.00298469 0.218992
4052 0.0312448 0.999834 0.00968404 0.422182 0.00264135 0.198853
4048 0.189187 0.999834 0.075078 0.713497 0.0314335 0.218517
4044 0.0312448 0.999834 0.0121781 0.56186 0.0027203 0.205869
4040 0.0312448 0.999834 0.0101485 0.838055 0.00276359 0.206919
4036 0.413633 0.999834 0.148169 0.818337 0.0257833 0.190666
4032 0.446301 0.999834 0.139057 0.478574 0.0368798 0.242904
4028 0.0312448 0.999834 0.0112598 0.540075 0.00357955 0.266471
4024 0.0312448 0.999834 0.0112626 0.945804 0.00281833 0.211937
4020 0.0312448 0.999834 0.00978979 0.683828 0.00320305 0.241911
4016 0.229967 0.999834 0.0845117 1 0.0257955 0.261163
4012 0.0972125 0.999834 0.0295233 0.475993 0.0186776 0.254478
4008 0.0312448 0.999834 0.0113504 0.929254 0.00299339 0.219966
4004 0.0312448 0.999834 0.0095364 1 0.00254604 0.191286
4000 0.0312448 0.999834 0.0111816 0.659006 0.00299339 0.219966
3996 0.0312448 0.999834 0.0101614 0.483789 0.00340554 0.25645
3992 0.138662 0.999834 0.0512549 0.760319 0.0104561 0.245874
3988 0.292417 0.999834 0.110779 0.757208 0.00400256 0.205869
3984 0.12255 0.999834 0.0390525 0.815775 0.0128397 0.218992
3980 0.0312448 0.999834 0.0110044 1 0.00298469 0.218992
3976 0.514413 0.999834 0.187067 0.771312 0.0492871 0.210651
3972 0.0312448 0.999834 0.0102077 0.840728 0.0027203 0.205869
3968 0.0312448 0.999834 0.0102348 0.588489 0.00296476 0.216132
3964 0.157618 0.999834 0.0581325 0.635588 0.00526655 0.229447
3960 0.0312448 0.999834 0.0103444 0.476036 0.00299339 0.219966
3956 0.0312448 0.999834 0.00967758 0.542986 0.00264135 0.198853
3952 0.0312448 0.999834 0.0120193 0.729502 0.0027226 0.205549
3948 0.0312448 0.999834 0.0112531 0.794522 0.00310729 0.229447
3944 0.0312448 0.999834 0.00998289 0.735725 0.00299339 0.219966
3940 0.514413 0.999834 0.188846 0.715158 0.0665098 0.25369
3936 0.0312448 0.999834 0.0100623 0.464419 0.00299339 0.219966
3932 0.167578 0.999834 0.0615354 0.621096 0.028889 0.219966
3928 0.253241 0.999834 0.0817141 0.939256 0.0191179 0.219966
3924 0.0312448 0.999834 0.0108378 0.567323 0.00299339 0.219966
3920 0.0312448 0.999834 0.0103441 0.595273 0.00255132 0.190666
3916 0.865036 0.999834 0.302295 0.568489 0.0965049 0.253741
3912 0.31801 0.999834 0.104962 0.434902 0.0329894 0.190666
3908 0.0312448 0.999834 0.0122349 0.809204 0.00299339 0.219966
3904 0.0312448 0.999834 0.00990015 0.576055 0.00317815 0.236349
3900 0.605717 0.999834 0.211338 0.682059 0.0471962 0.228358
3896 0.174822 0.999834 0.0609103 1 0.0160428 0.234942
3892 0.0674624 0.999834 0.0235076 0.741432 0.00975322 0.281809
3888 0.0444384 0.999834 0.0166754 0.712859 0.00564302 0.253593
3884 0.189696 0.999834 0.071067 1 0.0185678 0.265615
3880 0.138662 0.999834 0.0403484 0.717754 0.00876523 0.185944
3876 0.0312448 0.999834 0.0105543 0.792994 0.00255132 0.190666
3872 0.167578 0.999834 0.0530669 0.423978 0.0320913 0.205549
3868 0.0312448 0.999834 0.0110856 0.904869 0.00333831 0.251252
3864 0.0312448 0.999834 0.0113669 0.439272 0.00266354 0.1994
3860 0.0312448 0.999834 0.0108659 0.790854 0.0032493 0.242093
3856 0.0312448 0.999834 0.011607 0.679526 0.00306955 0.226327
3852 0.0312448 0.999834 0.0108471 0.482422 0.0027203 0.205869
3848 0.0312448 0.999834 0.0100104 0.485613 0.00255132 0.190666
3844 0.0312448 0.999834 0.0125726 0.591617 0.00299339 0.219966
3840 0.0902191 0.999834 0.028319 0.515539 0.00365992 0.205869
3836 0.0312448 0.999834 0.0110862 0.752834 0.00357705 0.266882
3832 0.157618 0.999834 0.0588265 0.66086 0.00387189 0.205869
3828 0.0620298 0.999834 0.0193768 0.579105 0.00980951 0.248131
3824 0.393932 0.999834 0.14997 1 0.0509526 0.29641
3820 0.0312448 0.999834 0.00912623 0.388546 0.00312305 0.232391
3816 0.0312448 0.999834 0.0114333 0.643275 0.00318353 0.237718
3812 0.250726 0.999834 0.0764928 0.788985 0.0209235 0.250602
3808 0.31801 0.999834 0.121166 1 0.045292 0.268928
3804 0.253241 0.999834 0.0993841 0.685275 0.0203005 0.232066
3800 0.0674624 0.999834 0.021793 0.709061 0.00864023 0.218992
3796 0.0813729 0.999834 0.0286924 0.615007 0.00598808 0.208797
3792 0.307645 0.999834 0.112703 0.71994 0.0265391 0.286259
3788 0.0312448 0.999834 0.00997413 0.655575 0.00310729 0.229447
3784 0.0312448 0.999834 0.00941236 0.583842 0.00255132 0.190666
3780 0.742051 0.999834 0.267823 0.551342 0.0709084 0.217225
3776 0.0312448 0.999834 0.0100133 0.599879 0.00299339 0.219966
3772 0.0312448 0.999834 0.0121093 0.668067 0.00299339 0.219966
3768 0.578271 0.999834 0.203632 0.912267 0.0648326 0.264683
3764 0.0312448 0.999834 0.0112592 0.674088 0.00299339 0.219966
3760 0.383721 0.999834 0.138258 0.645893 0.0288724 0.250189
3756 0.0972125 0.999834 0.0333316 0.645262 0.0180592 0.247888
3752 0.0972125 0.999834 0.0325444 0.794949 0.0152815 0.228478
3748 0.0312448 0.999834 0.00993806 0.638403 0.0027203 0.205869
3744 0.0312448 0.999834 0.0113206 0.579426 0.0027203 0.205869
3740 0.0312448 0.999834 0.00990847 0.438235 0.00279226 0.207201
1738 0.0312448 0.999834 0.0104659 0.73387 0.0027203 0.205869
1734 0.0312448 0.999834 0.0109496 0.513824 0.00298587 0.21967
1730 0.0312448 0.999834 0.00960624 0.705377 0.00248084 0.18356
1726 0.0312448 0.999834 0.0111205 1 0.00337937 0.250823
1722 0.266126 0.999834 0.107419 0.632136 0.0202515 0.219966
1718 0.0312448 0.999834 0.00975426 0.427531 0.00272764 0.206463
1714 0.0312448 0.999834 0.0110621 0.875577 0.00311296 0.235218
1710 0.0312448 0.999834 0.0107044 0.647242 0.00299549 0.222139
1706 0.0312448 0.999834 0.0118194 0.613367 0.0027203 0.205869
1702 0.282942 0.999834 0.0939972 0.451801 0.0374216 0.245591
1698 0.0312448 0.999834 0.0122092 0.628951 0.00430751 0.320703
1694 0.256218 0.999834 0.0918474 0.737632 0.0270623 0.248801
1690 0.0312448 0.999834 0.0111243 0.751497 0.0027203 0.205869
1686 0.0312448 0.999834 0.0106589 0.79229 0.00272764 0.206463
1682 0.0312448 0.999834 0.0101005 0.450236 0.00314147 0.232066
1678 0.0620298 0.999834 0.021142 0.831918 0.0102767 0.246982
1674 0.0312448 0.999834 0.010079 0.654339 0.0027203 0.205869
1670 0.0312448 0.999834 0.0107609 0.383542 0.0027203 0.205869
1666 0.37666 0.999834 0.140439 1 0.0307221 0.197241
1662 0.0312448 0.999834 0.00955384 0.794267 0.0027203 0.205869
1658 0.114221 0.999834 0.0424334 0.900344 0.0136831 0.242209
1654 0.253241 0.999834 0.0946678 0.49762 0.0191179 0.219966
1650 0.167578 0.999834 0.0546267 0.726518 0.0390829 0.269757
1646 0.0312448 0.999834 0.0128861 0.79328 0.00298469 0.218992
1642 0.0312448 0.999834 0.0110589 0.713139 0.00316023 0.232633
1638 0.253241 0.999834 0.0869601 0.604944 0.0191179 0.219966
1634 0.0312448 0.999834 0.0110308 0.755333 0.00312794 0.230835
1630 0.0312448 0.999834 0.0111514 1 0.00299339 0.219966
1626 0.0312448 0.999834 0.0116223 0.872732 0.00255132 0.190666
1622 0.0312448 0.999834 0.00949708 0.52436 0.00320044 0.234942
1618 0.327359 0.999834 0.120028 0.550846 0.0446216 0.232633
1614 0.0312448 0.999834 0.0117125 0.857018 0.00299339 0.219966
1610 0.0312448 0.999834 0.00988032 0.587651 0.00299339 0.219966
1606 0.0312448 0.999834 0.010622 0.699789 0.00282299 0.215468
1602 0.301195 0.999834 0.102587 0.569022 0.0227623 0.200148
1598 0.0312448 0.999834 0.0108199 0.702554 0.00318081 0.236954
1594 0.0312448 0.999834 0.0112144 0.667347 0.0027203 0.205869
1590 0.0312448 0.999834 0.0111981 0.625054 0.00319976 0.236322
1586 0.641505 0.999834 0.229313 0.496701 0.0534267 0.218914
1582 0.0312448 0.999834 0.0107777 0.632816 0.0027203 0.205869
1578 0.0312448 0.999834 0.00867133 0.390073 0.00341805 0.254738
1574 0.0312448 0.999834 0.0115577 0.602851 0.00316023 0.232633
1570 0.0312448 0.999834 0.010579 0.759652 0.00299339 0.219966
1566 0.0312448 0.999834 0.0113979 0.946172 0.00299339 0.219966
1562 0.0312448 0.999834 0.0119329 1 0.00299339 0.219966
1558 0.258883 0.999834 0.0685015 0.55013 0.0324261 0.250193
1554 0.0312448 0.999834 0.00992898 0.603736 0.00310729 0.229447
1550 0.0902191 0.999834 0.0288646 0.61649 0.00381564 0.190666
1546 0.650746 0.999834 0.21865 0.636249 0.0755006 0.253176
1542 0.383721 0.999834 0.130587 0.711099 0.0223271 0.260192
1538 0.0312448 0.999834 0.0102665 0.596615 0.00315108 0.231661
1534 0.0312448 0.999834 0.0105509 0.61572 0.00255132 0.190666
1530 0.181524 0.999834 0.0610229 0.602027 0.0203525 0.270603
1526 0.0312448 0.999834 0.0116622 0.557781 0.00316023 0.232633
1522 0.0312448 0.999834 0.0104186 0.637568 0.00324355 0.242209
1518 0.452809 0.999834 0.131788 0.437999 0.0363824 0.232066
1514 0.370026 0.999834 0.125924 0.591231 0.016764 0.211937
1510 0.0312448 0.999834 0.00981628 0.515384 0.00264135 0.198853
1506 0.157618 0.999834 0.054274 0.562088 0.00462636 0.217787
1502 0.0312448 0.999834 0.0106462 0.73229 0.00324361 0.243088
1498 0.0312448 0.999834 0.00990864 0.580045 0.00354047 0.260988
1494 0.691633 0.999834 0.239599 0.695736 0.0567349 0.205869
1490 0.0312448 0.999834 0.0107769 0.528566 0.00335271 0.249405
1486 0.0312448 0.999834 0.0098746 0.738808 0.0027203 0.205869
1482 0.0312448 0.999834 0.0107738 0.968342 0.00299339 0.219966
1478 0.0312448 0.999834 0.0107906 0.56586 0.00316023 0.232633
1474 0.138071 0.999834 0.0502392 0.625623 0.0131867 0.23424
1470 0.413633 0.999834 0.162884 1 0.0315637 0.249067
1466 0.0312448 0.999834 0.0103353 0.665404 0.0035859 0.271297
1462 0.0312448 0.999834 0.00982826 0.683031 0.00276156 0.209764
1458 0.0312448 0.999834 0.0100553 0.591553 0.00295842 0.216668
1454 0.0312448 0.999834 0.00960813 0.566945 0.00298469 0.218992
1450 0.0312448 0.999834 0.0105264 1 0.00276156 0.209764
1446 0.0312448 0.999834 0.0113115 0.469984 0.0027203 0.205869
1442 0.0312448 0.999834 0.0106683 0.68937 0.00314091 0.235709
1438 0.0312448 0.999834 0.0105756 0.770032 0.0027203 0.205869
1434 0.0312448 0.999834 0.0116919 1 0.00305753 0.225292
1430 0.0312448 0.999834 0.0102794 0.548017 0.00309195 0.233216
1426 0.0972125 0.999834 0.0328117 0.738292 0.0193597 0.273864
1422 0.26277 0.999834 0.0933393 1 0.0398969 0.265534
1418 0.0312448 0.999834 0.0107114 1 0.00327045 0.240628
1414 0.0312448 0.999834 0.00983949 0.543537 0.0029899 0.220139
1410 0.253241 0.999834 0.104314 0.694677 0.0191179 0.219966
1406 0.0312448 0.999834 0.009355 0.58198 0.0027203 0.205869
1402 0.292417 0.999834 0.0843222 0.492993 0.0043899 0.206398
1398 0.0312448 0.999834 0.011122 0.855989 0.00264135 0.198853
1394 0.0312448 0.999834 0.0103243 0.947738 0.00264135 0.198853
1390 0.415939 0.999834 0.143863 0.644681 0.0288111 0.210052
1386 0.126437 0.999834 0.0422859 0.568123 0.00787903 0.205869
1382 0.0312448 0.999834 0.0120594 0.652244 0.00299339 0.219966
1378 0.0312448 0.999834 0.0115928 0.449853 0.00299339 0.219966
1374 0.0312448 0.999834 0.0112831 0.753268 0.00255132 0.190666
1370 0.0738537 0.999834 0.0262305 0.916818 0.0067978 0.208797
1366 0.0738537 0.999834 0.0273214 0.941748 0.00649266 0.204042
1362 0.223586 0.999834 0.0822336 0.919743 0.0155474 0.234956
1358 0.0312448 0.999834 0.0107915 0.886765 0.00318364 0.240299
1354 0.522209 0.999834 0.196765 0.920576 0.0552362 0.259623
1350 0.12255 0.999834 0.0418508 0.626946 0.0122072 0.207201
1346 0.0312448 0.999834 0.0116713 0.754591 0.00316023 0.232633
1342 0.33085 0.999834 0.126841 1 0.0243967 0.236322
1338 0.253241 0.999834 0.0833057 0.515273 0.0214924 0.246922
1334 0.253241 0.999834 0.0816715 0.565518 0.0207223 0.232633
1330 0.0312448 0.999834 0.0111318 0.537924 0.00316023 0.232633
1326 0.0312448 0.999834 0.00929108 0.561438 0.00299549 0.222139
1322 0.106648 0.999834 0.0407796 0.608585 0.0112215 0.216251
1318 0.0312448 0.999834 0.0124615 1 0.00316023 0.232633
1314 0.0312448 0.999834 0.0114735 0.886267 0.00314935 0.234825
1310 0.0312448 0.999834 0.0111297 0.599787 0.00319976 0.236322
1306 0.392492 0.999834 0.138791 0.544357 0.0509762 0.281577
1302 0.0312448 0.999834 0.0105267 0.497073 0.00299339 0.219966
1298 0.680447 0.999834 0.253012 0.772379 0.0590446 0.232928
1294 0.191637 0.999834 0.074208 0.655758 0.0230872 0.205869
1290 0.0674624 0.999834 0.0229956 0.499486 0.00766983 0.205549
1286 0.0312448 0.999834 0.0114944 0.893654 0.0027203 0.205869
1282 0.0312448 0.999834 0.0104827 0.583563 0.0027203 0.205869
1278 0.0312448 0.999834 0.00968721 0.5204 0.00309762 0.227467
1274 0.0991284 0.999834 0.0393836 0.790972 0.0148822 0.299695
1270 0.0312448 0.999834 0.0130461 0.961865 0.00299339 0.219966
1266 0.222422 0.999834 0.0842093 0.798977 0.0233291 0.271014
1262 0.138662 0.999834 0.0463134 0.814841 0.00876523 0.185944
1258 0.0312448 0.999834 0.0132642 0.652096 0.00310729 0.229447
1254 0.0312448 0.999834 0.0115495 0.505343 0.00310729 0.229447
1250 0.0312448 0.999834 0.0115618 0.533453 0.0027203 0.205869
1246 0.464734 0.999834 0.165093 0.766929 0.040902 0.217744
1242 0.0902191 0.999834 0.036813 0.729255 0.00409438 0.199131
1238 0.0312448 0.999834 0.0117756 0.66623 0.0027203 0.205869
1234 0.64592 0.999834 0.21589 0.485256 0.0670554 0.21967
1230 0.0972125 0.999834 0.0338533 0.621047 0.0169603 0.233926
1226 0.0312448 0.999834 0.0132999 0.915624 0.00299339 0.219966
1222 0.0312448 0.999834 0.00968898 0.827223 0.00271929 0.207865
1218 0.35634 0.999834 0.130037 0.801802 0.0367514 0.239027
1214 0.0972125 0.999834 0.0382083 1 0.0147898 0.219966
1210 0.167578 0.999834 0.0469115 0.573074 0.0314428 0.240204
1206 0.0312448 0.999834 0.010851 0.557621 0.00324355 0.242209
1202 0.452809 0.999834 0.155543 0.748112 0.0509547 0.272708
1198 0.191637 0.999834 0.0672662 0.73554 0.0267521 0.228657
1194 0.397875 0.999834 0.149378 0.891613 0.0512621 0.281193
1190 0.108854 0.999834 0.0359323 0.60537 0.0138357 0.205549
1186 0.167578 0.999834 0.0608481 0.553021 0.0326739 0.244168
1182 0.49991 0.999834 0.17465 0.937954 0.0745007 0.316352
1178 0.0312448 0.999834 0.0114628 0.743433 0.00299339 0.219966
1174 0.0312448 0.999834 0.01125 0.900535 0.0027203 0.205869
1170 0.253241 0.999834 0.0960444 0.668938 0.0191179 0.219966
1166 0.108854 0.999834 0.034972 0.675645 0.015346 0.219483
1162 0.12255 0.999834 0.0444566 0.836312 0.0150041 0.236322
1158 0.0312448 0.999834 0.0113607 0.638901 0.00310729 0.229447
1154 0.0312448 0.999834 0.0117832 0.830745 0.00299339 0.219966
1150 0.366938 0.999834 0.147745 1 0.0315603 0.190666
1146 0.0312448 0.999834 0.0113803 1 0.00292766 0.220783
1142 0.156187 0.999834 0.0546582 0.897235 0.0174888 0.191286
1138 0.0312448 0.999834 0.0107394 0.669804 0.00266354 0.1994
1134 0.633427 0.999834 0.216437 0.403955 0.0590109 0.216668
1130 0.413633 0.999834 0.142391 0.613185 0.0436684 0.253619
1126 0.167578 0.999834 0.0483938 0.64908 0.0322331 0.198853
1122 0.0972125 0.999834 0.0310531 1 0.0170831 0.240466
1118 0.0312448 0.999834 0.00927677 0.601745 0.00272764 0.206463
1114 0.0312448 0.999834 0.0114755 0.781174 0.00303168 0.222883
1110 0.0312448 0.999834 0.0115427 0.551438 0.0027203 0.205869
1106 0.0312448 0.999834 0.0100532 0.577236 0.00289696 0.218952
1102 0.0312448 0.999834 0.0124365 0.904687 0.00298469 0.218992
1098 0.0312448 0.999834 0.010825 0.561156 0.00301926 0.222268
1094 0.0312448 0.999834 0.0107287 0.730061 0.00319976 0.236322
1090 0.0312448 0.999834 0.00990554 0.768344 0.00296476 0.216132
1086 0.32797 0.999834 0.10726 0.592665 0.0449928 0.274017
1082 0.157618 0.999834 0.0507135 0.512838 0.00459948 0.213468
1078 0.0312448 0.999834 0.0119433 0.661998 0.00303562 0.225299
1074 0.0312448 0.999834 0.0107459 0.776274 0.00314915 0.237412
1070 0.0312448 0.999834 0.00995963 0.535237 0.00298469 0.218992
1066 0.0312448 0.999834 0.0107299 0.766025 0.00326744 0.244295
1062 0.0312448 0.999834 0.011414 0.457084 0.00264135 0.198853
1058 0.33085 0.999834 0.114826 0.726263 0.0260827 0.266992
1054 0.0312448 0.999834 0.0107113 0.564581 0.00299339 0.219966
1050 0.0312448 0.999834 0.0113344 1 0.00249361 0.188375
1046 0.0312448 0.999834 0.0097661 0.632469 0.00299339 0.219966
1042 0.0312448 0.999834 0.0107917 1 0.00316023 0.232633
1038 0.0312448 0.999834 0.0115844 0.620713 0.00279226 0.207201
1034 0.0312448 0.999834 0.0119084 0.821184 0.00337167 0.24959
1030 0.253241 0.999834 0.0887758 0.644834 0.0184504 0.250193
1026 0.0312448 0.999834 0.012144 0.625268 0.00299339 0.219966
1022 0.0312448 0.999834 0.012185 0.749686 0.00298587 0.21967
1018 0.219941 0.999834 0.0706478 0.536681 0.0312549 0.257987
1014 0.0312448 0.999834 0.0101607 0.67031 0.00306902 0.225529
1010 0.397335 0.999834 0.146627 1 0.0496911 0.286217
1006 0.0312448 0.999834 0.0102566 0.901598 0.00316023 0.232633
1002 0.0312448 0.999834 0.0104949 0.536237 0.00243231 0.180944
998 0.0312448 0.999834 0.0122954 0.645324 0.00255132 0.190666
994 0.174822 0.999834 0.0555641 0.490865 0.0183181 0.243893
990 0.0312448 0.999834 0.0101979 0.698264 0.00254604 0.191286
986 0.0312448 0.999834 0.0126498 0.761776 0.00298469 0.218992
982 0.0312448 0.999834 0.0110071 0.564971 0.00303168 0.222883
978 0.0312448 0.999834 0.0107879 0.602502 0.0027203 0.205869
974 0.191637 0.999834 0.0610932 0.680863 0.0340241 0.249043
970 0.0312448 0.999834 0.0112419 0.894507 0.00365403 0.275895
966 0.0312448 0.999834 0.0123654 0.827087 0.00255132 0.190666
962 0.0312448 0.999834 0.0101421 0.547535 0.0027203 0.205869
958 0.0396697 0.999834 0.0143955 0.620664 0.00296185 0.190666
954 0.0312448 0.999834 0.0101919 0.65453 0.00299642 0.21844
950 0.0312448 0.999834 0.00923728 0.918701 0.00310078 0.226976
946 0.167578 0.999834 0.0577487 0.527901 0.028889 0.219966
942 0.0312448 0.999834 0.0104227 0.551247 0.0027203 0.205869
938 0.0312448 0.999834 0.010078 0.549854 0.00283546 0.213615
934 0.248923 0.999834 0.0922376 1 0.0200524 0.216132
930 0.0681167 0.999834 0.0221335 0.971883 0.00944047 0.225186
926 0.0312448 0.999834 0.0104444 0.532012 0.00320422 0.234675
922 0.293952 0.999834 0.0999622 0.749921 0.0370233 0.208015
918 0.0312448 0.999834 0.0105976 1 0.00296476 0.216132
914 0.319209 0.999834 0.106983 0.456094 0.0242174 0.219966
910 0.0312448 0.999834 0.0118556 0.831849 0.00312685 0.22868
906 0.0312448 0.999834 0.00843533 0.494639 0.00298587 0.21967
902 0.0312448 0.999834 0.0112948 0.604511 0.00299339 0.219966
898 0.393327 0.999834 0.1273 0.564141 0.0370703 0.229447
894 0.219941 0.999834 0.0714061 0.484232 0.0257511 0.219966
890 0.191637 0.999834 0.064197 0.665845 0.0299723 0.241368
886 0.0312448 0.999834 0.013137 0.858139 0.00310729 0.229447
882 0.108854 0.999834 0.0354182 0.448969 0.0164174 0.23598
878 0.0312448 0.999834 0.0106522 0.449184 0.00299339 0.219966
874 0.0312448 0.999834 0.0113896 0.702787 0.00316023 0.232633
870 0.0312448 0.999834 0.0104284 0.740895 0.0027203 0.205869
866 0.138662 0.999834 0.0463509 0.649054 0.00925251 0.204813
862 0.0312448 0.999834 0.0121644 0.840218 0.00276896 0.208797
858 0.0312448 0.999834 0.0108025 0.491993 0.00309308 0.232489
854 0.0738537 0.999834 0.0272246 1 0.0065245 0.188375
850 0.0527283 0.999834 0.0212253 0.787842 0.00443681 0.211937
846 0.413633 0.999834 0.149942 0.623148 0.040238 0.240118
842 0.0312448 0.999834 0.0103819 0.588368 0.00255132 0.190666
838 0.0312448 0.999834 0.0125727 0.586064 0.00314091 0.235709
834 0.0312448 0.999834 0.0105998 0.525936 0.00308345 0.227591
830 0.154767 0.999834 0.058502 0.803678 0.01557 0.241853
826 0.0312448 0.999834 0.0129933 1 0.00299339 0.219966
408 0.0312448 0.999834 0.0117583 0.432897 0.00299339 0.219966
404 0.0312448 0.999834 0.0101376 0.476224 0.0027226 0.205549
400 0.292417 0.999834 0.0915635 0.600379 0.0056072 0.236322
396 0.0312448 0.999834 0.0112749 0.663799 0.00281833 0.211937
392 0.31801 0.999834 0.110762 0.830106 0.0441138 0.254641
388 0.0312448 0.999834 0.0108889 0.515498 0.00299339 0.219966
384 0.0312448 0.999834 0.0110186 0.860792 0.00316023 0.232633
380 0.0312448 0.999834 0.0103979 0.621146 0.00283546 0.213615
376 0.0312448 0.999834 0.0107233 0.564601 0.00293984 0.222947
372 0.0312448 0.999834 0.011158 0.455435 0.00317866 0.235358
368 0.292417 0.999834 0.0990596 0.660062 0.00574147 0.216371
364 0.0312448 0.999834 0.0116736 1 0.0027203 0.205869
360 0.12255 0.999834 0.0381025 0.778202 0.0137179 0.229028
356 0.0312448 0.999834 0.0122652 0.598457 0.00299339 0.219966
352 0.0312448 0.999834 0.0114677 0.725755 0.00342127 0.253604
348 0.0312448 0.999834 0.0116269 0.7134 0.0031186 0.23028
344 0.0312448 0.999834 0.010069 0.926507 0.00301301 0.223193
340 0.0674624 0.999834 0.0235092 0.788647 0.00842231 0.227591
336 0.32797 0.999834 0.101749 0.425401 0.0378397 0.247932
332 0.157618 0.999834 0.0532564 0.466799 0.00543903 0.218992
328 0.0312448 0.999834 0.00950281 0.930295 0.00296476 0.216132
324 0.167578 0.999834 0.0534115 0.891748 0.0304825 0.229447
320 0.0312448 0.999834 0.00989261 0.452495 0.00272734 0.203526
316 0.0312448 0.999834 0.0101227 0.501629 0.0032823 0.245094
312 0.191637 0.999834 0.0659508 0.788998 0.0230872 0.205869
308 0.0775516 0.999834 0.0278597 0.820639 0.00974641 0.248146
304 0.0312448 0.999834 0.0124703 0.661211 0.00299339 0.219966
300 0.191637 0.999834 0.0667773 0.490304 0.0251738 0.195399
296 0.0312448 0.999834 0.0114389 0.685549 0.00299339 0.219966
292 0.253241 0.999834 0.0807728 0.595648 0.0212333 0.247974
288 0.108854 0.999834 0.0313792 0.362022 0.0164769 0.241444
284 0.614488 0.999834 0.214577 0.927537 0.0581013 0.225654
280 0.0312448 0.999834 0.0111438 0.604978 0.00255132 0.190666
276 0.12255 0.999834 0.0428478 0.736818 0.0132545 0.205869
272 0.999834 0.999834 0.338775 0.668931 0.0941491 0.217787
268 0.200159 0.999834 0.0760683 0.879954 0.0164124 0.219966
264 0.139517 0.999834 0.0477442 1 0.019895 0.25407
260 0.0312448 0.999834 0.0107061 0.733996 0.00317954 0.239927
256 0.0312448 0.999834 0.0103708 0.501073 0.00338484 0.252434
252 0.0312448 0.999834 0.0102527 0.555657 0.00249361 0.188375
248 0.0312448 0.999834 0.0094649 0.439877 0.00320305 0.241911
244 0.0312448 0.999834 0.0101012 0.567145 0.00297179 0.223251
240 0.0312448 0.999834 0.01033 0.87859 0.00325035 0.24639
236 0.307393 0.999834 0.087523 0.584231 0.0231743 0.229447
232 0.0312448 0.999834 0.0108212 0.678623 0.00264135 0.198853
228 0.0312448 0.999834 0.010188 0.561429 0.00283546 0.213615
224 0.470936 0.999834 0.162927 0.781872 0.0385303 0.197744
220 0.0312448 0.999834 0.0101766 0.51093 0.0027203 0.205869
216 0.157618 0.999834 0.0592142 1 0.00532023 0.258694
212 0.0312448 0.999834 0.009982 0.591857 0.0028975 0.211326
208 0.0312448 0.999834 0.0101916 0.633347 0.00334289 0.247113
204 0.138662 0.999834 0.0483314 0.890297 0.013644 0.254244
200 0.0312448 0.999834 0.0118785 0.779654 0.00299339 0.219966
94 0.0312448 0.999834 0.0115252 0.703712 0.00299339 0.219966
90 0.0312448 0.999834 0.0109422 0.856131 0.00276359 0.206919
86 0.167578 0.999834 0.0578322 0.540155 0.0299769 0.222883
82 0.0312448 0.999834 0.0103381 0.572831 0.00256152 0.194551
78 0.0312448 0.999834 0.011802 0.737528 0.0027203 0.205869
74 0.0527283 0.999834 0.0182025 0.531535 0.0051253 0.219966
70 0.0312448 0.999834 0.0106186 0.688511 0.00276896 0.208797
66 0.253241 0.999834 0.0781961 0.61795 0.0149709 0.194302
62 0.138662 0.999834 0.0522697 0.908242 0.010268 0.207431
58 0.540006 0.999834 0.188907 0.52798 0.0724429 0.270378
54 0.0312448 0.999834 0.0111986 0.66354 0.00316023 0.232633
50 0.0738537 0.999834 0.0281212 1 0.00767034 0.205869
22 0.241847 0.999834 0.082155 1 0.0199157 0.215625
18 0.253241 0.999834 0.0925451 0.667966 0.0184138 0.249043
14 0.0312448 0.999834 0.0111783 0.94995 0.0027203 0.205869
4 0.0312448 0.999834 0.00930972 0.408161 0.00326356 0.24207
5 0.0312448 0.999834 0.0116023 0.927134 0.00255132 0.190666
9 0.108854 0.999834 0.0347742 0.695747 0.015079 0.204042
25 0.0620298 0.999834 0.0198408 0.538809 0.00935687 0.235707
29 0.0312448 0.999834 0.010302 0.636078 0.00320305 0.241911
33 0.0495058 0.999834 0.0175256 0.782571 0.00557235 0.256123
37 0.0312448 0.999834 0.0108294 0.632684 0.00303168 0.222883
41 0.0312448 0.999834 0.0100876 0.601657 0.00329231 0.241444
45 0.0312448 0.999834 0.0119939 1 0.0027203 0.205869
99 0.0312448 0.999834 0.0112022 1 0.00276359 0.206919
103 0.0312448 0.999834 0.0102563 0.500726 0.00296476 0.216132
107 0.0312448 0.999834 0.0112134 0.754436 0.00316023 0.232633
111 0.0312448 0.999834 0.0103744 0.729225 0.00292249 0.213468
115 0.0312448 0.999834 0.0101994 0.555328 0.00259391 0.194302
119 0.0312448 0.999834 0.0117219 0.787335 0.00299339 0.219966
123 0.0620298 0.999834 0.0226823 0.91478 0.00982734 0.268966
127 0.457223 0.999834 0.152695 0.633438 0.0489551 0.2719
131 0.260752 0.999834 0.0930233 0.806807 0.0218999 0.212573
135 0.0312448 0.999834 0.0110261 0.607708 0.0027226 0.205549
139 0.292417 0.999834 0.101625 0.571484 0.00583558 0.254932
143 0.0620298 0.999834 0.0183385 0.664576 0.00792028 0.190666
147 0.274995 0.999834 0.0871035 0.784771 0.0336652 0.261204
151 0.430619 0.999834 0.157652 0.754464 0.032977 0.258727
155 0.138662 0.999834 0.0505675 1 0.0110829 0.236322
159 0.0312448 0.999834 0.0106487 0.74093 0.00272028 0.204042
163 0.0312448 0.999834 0.0112242 1 0.00354598 0.263176
167 0.0312448 0.999834 0.0120922 1 0.00299339 0.219966
171 0.0312448 0.999834 0.0109284 0.633653 0.00299339 0.219966
175 0.627604 0.999834 0.230336 0.614636 0.046327 0.194302
179 0.0902191 0.999834 0.0300237 1 0.00432567 0.23028
183 0.0312448 0.999834 0.0117834 0.519829 0.0027203 0.205869
187 0.0972125 0.999834 0.039221 0.682864 0.0162205 0.199131
191 0.0312448 0.999834 0.011226 0.799129 0.00276896 0.208797
195 0.597309 0.999834 0.22972 0.668724 0.0714136 0.266452
409 0.216271 0.999834 0.0723045 0.628211 0.0206153 0.270987
413 0.0312448 0.999834 0.01033 0.437096 0.00317324 0.237939
417 0.0312448 0.999834 0.0101558 0.554867 0.00316023 0.232633
421 0.0312448 0.999834 0.0100197 0.417702 0.00310729 0.229447
425 0.157618 0.999834 0.0516036 0.707022 0.00514999 0.240193
429 0.32797 0.999834 0.115825 0.817933 0.0340645 0.258473
433 0.0312448 0.999834 0.0106664 0.641184 0.0027203 0.205869
437 0.641505 0.999834 0.229989 0.58673 0.0557759 0.219966
441 0.32797 0.999834 0.0970937 0.569006 0.0409885 0.241937
445 0.0312448 0.999834 0.0109096 0.947923 0.00318081 0.236954
449 0.0312448 0.999834 0.0101946 0.63875 0.00316023 0.232633
453 0.327359 0.999834 0.112686 0.694099 0.0517893 0.26077
457 0.0312448 0.999834 0.0100314 0.635811 0.00363433 0.26969
461 0.410399 0.999834 0.147208 1 0.0464678 0.238788
465 0.188403 0.999834 0.0669815 0.80482 0.0122189 0.229447
469 0.138662 0.999834 0.0480509 0.504062 0.012026 0.234825
473 0.0312448 0.999834 0.0120166 0.607355 0.00299339 0.219966
477 0.0312448 0.999834 0.0106254 0.706564 0.00325116 0.245032
481 0.0312448 0.999834 0.0105529 0.710604 0.00332269 0.245132
485 0.0312448 0.999834 0.0104215 0.664057 0.0027226 0.205549
489 0.0495058 0.999834 0.0145775 0.820941 0.00510964 0.229447
493 0.0312448 0.999834 0.0113529 0.697704 0.00304914 0.224281
497 0.0312448 0.999834 0.0112721 0.908175 0.00299339 0.219966
501 0.0312448 0.999834 0.0105817 0.602529 0.00272764 0.206463
505 0.191637 0.999834 0.0613782 0.543449 0.0278348 0.230724
509 0.22495 0.999834 0.0821247 0.885582 0.0271375 0.271739
513 0.157618 0.999834 0.0535969 0.958955 0.00387189 0.205869
517 0.157618 0.999834 0.0583996 0.602036 0.00387189 0.205869
521 0.0312448 0.999834 0.0112686 0.506769 0.00310729 0.229447
525 0.207746 0.999834 0.0725422 0.529648 0.0165297 0.232633
529 0.0312448 0.999834 0.0102715 0.499804 0.00327426 0.24012
533 0.281717 0.999834 0.0973191 0.743669 0.0291234 0.269923
537 0.0738537 0.999834 0.0271639 0.527637 0.00803818 0.232066
541 0.492858 0.999834 0.159748 0.824105 0.0536438 0.233796
545 0.0312448 0.999834 0.0102502 0.758832 0.0027203 0.205869
549 0.356275 0.999834 0.134067 0.675839 0.0423401 0.270663
553 0.0312448 0.999834 0.0113874 0.563696 0.0027226 0.205549
557 0.0312448 0.999834 0.00948265 0.583963 0.00313529 0.233073
561 0.0312448 0.999834 0.011387 0.840743 0.00299339 0.219966
565 0.0738537 0.999834 0.0229401 0.770553 0.00767034 0.205869
569 0.0312448 0.999834 0.0122121 0.834991 0.00319976 0.236322
573 0.0356427 0.999834 0.0121477 0.510951 0.0034978 0.219966
577 0.578271 0.999834 0.190469 0.420119 0.0482577 0.205549
581 0.0312448 0.999834 0.0109732 0.84218 0.00299339 0.219966
585 0.0312448 0.999834 0.0105056 0.78552 0.00345948 0.257363
589 0.0312448 0.999834 0.00938815 0.627425 0.00281833 0.211937
593 0.0312448 0.999834 0.0118444 0.819704 0.0027203 0.205869
597 0.0312448 0.999834 0.0113875 0.465842 0.0027226 0.205549
601 0.117591 0.999834 0.0427229 1 0.0106997 0.206608
605 0.0312448 0.999834 0.0105694 0.510511 0.00304117 0.223806
609 0.515947 0.999834 0.149243 0.458429 0.0611385 0.257389
613 0.605717 0.999834 0.210895 0.788956 0.0614713 0.23028
617 0.0312448 0.999834 0.00930438 0.517565 0.0027203 0.205869
621 0.383721 0.999834 0.14011 0.969244 0.0228577 0.205869
625 0.0312448 0.999834 0.0114175 0.576132 0.0027203 0.205869
629 0.0312448 0.999834 0.0122398 1 0.00316023 0.232633
633 0.0312448 0.999834 0.0106412 0.725418 0.0027203 0.205869
637 0.304161 0.999834 0.111139 0.738033 0.0313846 0.230835
641 0.453732 0.999834 0.151063 0.622679 0.0480546 0.198433
645 0.191637 0.999834 0.0631757 0.465631 0.0224301 0.190666
649 0.253241 0.999834 0.080428 0.591031 0.0163746 0.241166
653 0.0312448 0.999834 0.0123159 0.610119 0.0027203 0.205869
657 0.0312448 0.999834 0.0120373 0.69185 0.0027203 0.205869
661 0.0312448 0.999834 0.00961879 0.393494 0.00322404 0.24542
665 0.0312448 0.999834 0.010246 0.826365 0.00299339 0.219966
669 0.506359 0.999834 0.174873 0.59633 0.0340157 0.201905
673 0.0857234 0.999834 0.0361978 0.905388 0.00910968 0.205869
677 0.0312448 0.999834 0.0119362 0.592971 0.00264701 0.199131
681 0.0312448 0.999834 0.0109408 0.464523 0.00299339 0.219966
685 0.0312448 0.999834 0.0100316 0.860313 0.00304682 0.226978
689 0.0312448 0.999834 0.0117651 0.930031 0.00320422 0.234675
693 0.0312448 0.999834 0.0100789 0.443516 0.003336 0.245972
697 0.138662 0.999834 0.0488226 0.637616 0.0119675 0.217225
701 0.0312448 0.999834 0.0103292 0.744036 0.00306618 0.227364
705 0.219941 0.999834 0.0771211 0.808741 0.0243892 0.205869
709 0.0312448 0.999834 0.0119806 1 0.00299339 0.219966
713 0.167578 0.999834 0.0579151 0.749284 0.0312542 0.221857
717 0.0312448 0.999834 0.0102974 1 0.00272764 0.206463
721 0.412283 0.999834 0.152427 0.877996 0.0422533 0.26418
725 0.0902191 0.999834 0.032365 0.612182 0.00365992 0.205869
729 0.0312448 0.999834 0.00975902 0.668774 0.00348617 0.256935
733 0.0312448 0.999834 0.0102575 0.567882 0.00283953 0.211155
737 0.398818 0.999834 0.136117 0.708447 0.0337633 0.195117
741 0.0312448 0.999834 0.0120046 0.955293 0.00299339 0.219966
745 0.0312448 0.999834 0.0128605 1 0.00299339 0.219966
749 0.0312448 0.999834 0.0113057 0.90501 0.00325056 0.24612
753 0.0312448 0.999834 0.0114556 0.82508 0.00299339 0.219966
757 0.292417 0.999834 0.0968956 0.970021 0.00609246 0.283123
761 0.0312448 0.999834 0.00954064 0.387182 0.00298469 0.218992
765 0.0312448 0.999834 0.0110532 0.821507 0.00335618 0.251345
769 0.0312448 0.999834 0.0107581 0.60581 0.00314147 0.232066
773 0.266126 0.999834 0.093979 0.889107 0.0202515 0.219966
777 0.201591 0.999834 0.072069 1 0.0276293 0.275251
781 0.380333 0.999834 0.130227 0.797832 0.0293076 0.216132
785 0.0467666 0.999834 0.0156018 0.830665 0.00537004 0.232195
789 0.560226 0.999834 0.19946 1 0.0358661 0.205869
793 0.0312448 0.999834 0.0105133 0.769172 0.00318873 0.235984
797 0.0312448 0.999834 0.011393 0.595674 0.00310729 0.229447
801 0.383978 0.999834 0.141681 0.767875 0.0332806 0.225529
805 0.0312448 0.999834 0.0116119 0.669594 0.00310729 0.229447
809 0.0312448 0.999834 0.0105798 0.53772 0.00306836 0.230404
813 0.138662 0.999834 0.0449732 0.922754 0.011393 0.219966
817 0.589142 0.999834 0.206935 0.588521 0.0505497 0.228499
821 0.0312448 0.999834 0.0125469 1 0.00299339 0.219966
1743 0.0312448 0.999834 0.010595 0.7209 0.00314091 0.235709
1747 0.0312448 0.999834 0.0116957 1 0.0027203 0.205869
1751 0.219941 0.999834 0.06968 0.416048 0.0243892 0.205869
1755 0.483594 0.999834 0.176005 0.861951 0.0282262 0.205869
1759 0.0312448 0.999834 0.0106953 0.695793 0.00309874 0.230601
1763 0.0312448 0.999834 0.00881067 0.660089 0.00299339 0.219966
1767 0.250287 0.999834 0.0912966 0.773568 0.0247334 0.214939
1771 0.191637 0.999834 0.0482982 0.396527 0.0310015 0.232066
1775 0.25888 0.999834 0.083241 0.684894 0.0276149 0.234245
1779 0.0312448 0.999834 0.0101091 0.721452 0.00290625 0.2163
1783 0.0312448 0.999834 0.0115248 0.749731 0.00299339 0.219966
1787 0.0312448 0.999834 0.00935492 0.870203 0.00264135 0.198853
1791 0.0312448 0.999834 0.0114414 0.787187 0.0027203 0.205869
1795 0.452809 0.999834 0.150661 0.557121 0.0251524 0.205869
1799 0.0444384 0.999834 0.0151915 0.75313 0.00461845 0.190666
1803 0.0312448 0.999834 0.0104879 0.795227 0.00249361 0.188375
1807 0.138662 0.999834 0.0448611 0.642022 0.0101414 0.226045
1811 0.0312448 0.999834 0.0115087 0.713791 0.0027203 0.205869
1815 0.0312448 0.999834 0.00934752 0.525466 0.00319933 0.236392
1819 0.0312448 0.999834 0.010337 0.58488 0.00315738 0.239257
1823 0.0312448 0.999834 0.0107871 0.566291 0.00298469 0.218992
1827 0.191637 0.999834 0.0648025 0.786428 0.022494 0.198853
1831 0.167578 0.999834 0.0596731 0.969159 0.0330132 0.205869
1835 0.777838 0.999834 0.289728 0.56588 0.0850041 0.249551
1839 0.0312448 0.999834 0.00981291 0.572234 0.00288483 0.219092
1843 0.223586 0.999834 0.0810942 0.742731 0.0150769 0.232066
1847 0.0312448 0.999834 0.0119205 0.546094 0.00281833 0.211937
1851 0.449371 0.999834 0.158285 1 0.0369955 0.259295
1855 0.0312448 0.999834 0.00961086 0.774126 0.00352425 0.260943
1859 0.0312448 0.999834 0.00958246 0.635487 0.00295842 0.216668
1863 0.0312448 0.999834 0.0114416 0.47442 0.00281833 0.211937
1867 0.0312448 0.999834 0.0102421 0.820314 0.00316023 0.232633
1871 0.253241 0.999834 0.0878759 0.645587 0.0183804 0.235387
1875 0.863501 0.999834 0.308946 0.827024 0.0724879 0.209764
1879 0.617446 0.999834 0.206097 0.605026 0.0415166 0.210055
1883 0.0312448 0.999834 0.0121565 0.957266 0.00310729 0.229447
1887 0.217956 0.999834 0.0742062 0.817763 0.0172406 0.205869
1891 0.654498 0.999834 0.231382 0.874362 0.0586754 0.235707
1895 0.191637 0.999834 0.0617016 0.569188 0.0294346 0.228063
1899 0.248741 0.999834 0.0962727 0.75341 0.0327889 0.285762
1903 0.245187 0.999834 0.0846811 0.615988 0.0286821 0.253393
1907 0.0312448 0.999834 0.0112861 0.69426 0.00299339 0.219966
1911 0.0312448 0.999834 0.0111352 0.776374 0.00299339 0.219966
1915 0.0312448 0.999834 0.0109975 0.786975 0.00272764 0.206463
1919 0.0312448 0.999834 0.0129403 0.76912 0.00299339 0.219966
1923 0.0312448 0.999834 0.0110431 0.84004 0.00320422 0.234675
1927 0.0312448 0.999834 0.0115902 0.618698 0.00299339 0.219966
1931 0.0312448 0.999834 0.0117402 0.823215 0.00316023 0.232633
1935 0.0312448 0.999834 0.0123096 0.880599 0.00299339 0.219966
1939 0.323201 0.999834 0.114966 0.642942 0.0115979 0.234825
1943 0.13343 0.999834 0.049471 0.678568 0.0234477 0.288628
1947 0.0312448 0.999834 0.0105531 0.557901 0.00349878 0.259141
1951 0.0312448 0.999834 0.0113892 0.874983 0.00276896 0.208797
1955 0.0312448 0.999834 0.011117 0.819712 0.00299339 0.219966
1959 0.0312448 0.999834 0.0103583 0.437502 0.00300441 0.226494
1963 0.0312448 0.999834 0.0113653 0.499836 0.0027203 0.205869
1967 0.0312448 0.999834 0.012464 0.892291 0.00264135 0.198853
1971 0.0312448 0.999834 0.0107501 0.525277 0.00298587 0.21967
1975 0.0312448 0.999834 0.0111073 0.667506 0.0027203 0.205869
1979 0.0312448 0.999834 0.0118307 1 0.00299339 0.219966
1983 0.514413 0.999834 0.182917 0.542023 0.0565874 0.259594
1987 0.0312448 0.999834 0.00967373 0.691076 0.00299339 0.219966
1991 0.292417 0.999834 0.0927412 0.424326 0.00427989 0.190666
1995 0.138662 0.999834 0.046802 0.581787 0.0107868 0.219906
1999 0.223586 0.999834 0.0779116 0.702951 0.0196304 0.247974
2003 0.0312448 0.999834 0.0115133 0.500306 0.00298587 0.21967
2007 0.327359 0.999834 0.104916 0.626939 0.044356 0.235942
2011 0.123982 0.999834 0.0421416 0.550092 0.00993081 0.212911
2015 0.112827 0.999834 0.0415493 0.974314 0.0132133 0.313475
2019 0.0312448 0.999834 0.0106318 0.773495 0.0027226 0.205549
2023 0.182248 0.999834 0.0623612 0.543059 0.0249054 0.29152
2027 0.0312448 0.999834 0.00999398 0.540076 0.00318773 0.233208
2031 0.0312448 0.999834 0.0114842 0.820392 0.00282299 0.215468
2035 0.284026 0.999834 0.0898686 0.692169 0.0175391 0.249001
2039 0.200159 0.999834 0.069424 0.657835 0.0199103 0.205869
2043 0.0312448 0.999834 0.0117045 1 0.0027203 0.205869
2047 0.393327 0.999834 0.13547 0.770664 0.0443932 0.21967
2051 0.0312448 0.999834 0.0107225 0.744678 0.00249361 0.188375
2055 0.0312448 0.999834 0.0104388 0.526374 0.00329974 0.24269
2059 0.274995 0.999834 0.0987209 0.659466 0.0301739 0.208769
2063 0.397335 0.999834 0.157015 1 0.0462564 0.267535
2067 0.0674624 0.999834 0.0266667 0.846101 0.00875555 0.230835
2071 0.453732 0.999834 0.154495 0.921646 0.053047 0.251111
2075 0.0312448 0.999834 0.0110643 0.859618 0.0027226 0.205549
2079 0.0312448 0.999834 0.0100769 0.615132 0.00336771 0.253775
2083 0.0312448 0.999834 0.0086894 0.407141 0.00332948 0.246098
2087 0.0312448 0.999834 0.0104236 0.60573 0.00272764 0.206463
2091 0.0312448 0.999834 0.0108765 0.59342 0.00305598 0.228537
2095 0.0312448 0.999834 0.0115084 0.86036 0.0027203 0.205869
2099 0.0312448 0.999834 0.0100434 0.720923 0.0027203 0.205869
2103 0.188517 0.999834 0.0655655 0.675549 0.0140639 0.219966
2107 0.191637 0.999834 0.0638243 0.519129 0.0230872 0.205869
2111 0.0312448 0.999834 0.0116851 0.808515 0.00299339 0.219966
2115 0.167578 0.999834 0.0587642 0.779562 0.0316904 0.236322
2119 0.12255 0.999834 0.0389253 0.767744 0.0166487 0.2626
2123 0.0312448 0.999834 0.0115974 0.665552 0.00299339 0.219966
2127 0.0813729 0.999834 0.0286804 0.922954 0.00551332 0.197604
2131 0.766109 0.999834 0.267483 0.927906 0.0550893 0.188375
2135 0.0565195 0.999834 0.0179185 0.500837 0.00355148 0.198853
2139 0.0312448 0.999834 0.0109253 0.622354 0.0027203 0.205869
2143 0.0312448 0.999834 0.0103704 1 0.00342132 0.25335
2147 0.0312448 0.999834 0.00973369 0.650165 0.00272764 0.206463
2151 0.219941 0.999834 0.0804336 0.790323 0.0243892 0.205869
2155 0.0312448 0.999834 0.0127232 0.474468 0.00299339 0.219966
2159 0.0312448 0.999834 0.0120703 0.534922 0.00298587 0.21967
2163 0.0312448 0.999834 0.0102883 0.462441 0.00259391 0.194302
2167 0.0312448 0.999834 0.0111686 1 0.00299339 0.219966
2171 0.0674624 0.999834 0.0246811 0.480954 0.00670767 0.198853
2175 0.400811 0.999834 0.129549 0.53159 0.0292329 0.236662
2179 0.0312448 0.999834 0.0112373 0.83953 0.00255132 0.190666
2183 0.0312448 0.999834 0.0109194 0.805048 0.00310729 0.229447
2187 0.0312448 0.999834 0.0104862 0.684791 0.00281647 0.211624
2191 0.0312448 0.999834 0.00944811 0.604553 0.00314465 0.229999
2195 0.0312448 0.999834 0.011016 0.632934 0.00311357 0.232042
2199 0.0312448 0.999834 0.0118985 1 0.0027203 0.205869
2203 0.167578 0.999834 0.0606505 0.610277 0.0399294 0.246417
2207 0.0312448 0.999834 0.00950531 0.491436 0.0027203 0.205869
2211 0.0312448 0.999834 0.0115086 0.64807 0.00296842 0.217225
2215 0.0813729 0.999834 0.0274332 0.839028 0.00724937 0.257375
2219 0.0312448 0.999834 0.0104854 0.646984 0.00344832 0.255151
2223 0.0312448 0.999834 0.0107397 0.98268 0.00371336 0.28503
2227 0.506707 0.999834 0.149759 0.602274 0.0533588 0.224428
2231 0.0674624 0.999834 0.0251639 0.845699 0.00868589 0.251797
2235 0.253241 0.999834 0.0962946 0.732611 0.0191179 0.219966
2239 0.219941 0.999834 0.0721357 0.513989 0.02621 0.255034
2243 0.0312448 0.999834 0.0105291 0.411806 0.0027203 0.205869
2247 0.191637 0.999834 0.0696114 0.631541 0.0324531 0.227364
2251 0.0312448 0.999834 0.0115939 0.647313 0.00287796 0.212125
2255 0.32797 0.999834 0.11299 0.659496 0.0240041 0.222883
2259 0.0312448 0.999834 0.0113443 0.453349 0.00255132 0.190666
2263 0.108854 0.999834 0.0388366 0.669675 0.018526 0.256715
2267 0.0312448 0.999834 0.0111163 0.764993 0.00299339 0.219966
2271 0.235227 0.999834 0.0843774 0.586531 0.0223946 0.261849
2275 0.0312448 0.999834 0.0113483 0.705348 0.00299339 0.219966
2279 0.0312448 0.999834 0.0115034 0.658562 0.00319511 0.234686
2283 0.0312448 0.999834 0.0114613 0.713696 0.0027226 0.205549
2287 0.108854 0.999834 0.0346665 0.447998 0.0149389 0.219966
2291 0.0312448 0.999834 0.009552 0.476193 0.00323094 0.237105
2295 0.0312448 0.999834 0.0113348 0.517517 0.00308345 0.227591
2299 0.0312448 0.999834 0.00943716 0.782913 0.00324355 0.242209
2303 0.520055 0.999834 0.179141 0.574756 0.0461712 0.257406
2307 0.674805 0.999834 0.218008 0.452897 0.0678448 0.236866
2311 0.0312448 0.999834 0.0107588 0.571779 0.00276359 0.206919
2315 0.0312448 0.999834 0.01138 0.933227 0.00299339 0.219966
2319 0.12255 0.999834 0.0404883 0.789509 0.0137056 0.219966
2323 0.0527283 0.999834 0.0181858 0.641104 0.00463456 0.226494
2327 0.0312448 0.999834 0.00917968 0.728068 0.00293256 0.216724
2331 0.0312448 0.999834 0.0109834 0.545697 0.0027203 0.205869
2335 0.0312448 0.999834 0.0118712 0.686437 0.00296842 0.217225
2339 0.0312448 0.999834 0.0112773 0.374223 0.00299339 0.219966
2343 0.0312448 0.999834 0.0123371 0.611014 0.00310729 0.229447
2347 0.191637 0.999834 0.0515978 0.516557 0.0273272 0.226007
2351 0.389574 0.999834 0.131927 0.954814 0.0405145 0.219966
2355 0.0312448 0.999834 0.011644 0.721946 0.00306618 0.227364
2359 0.0312448 0.999834 0.0116256 0.737427 0.00310729 0.229447
2363 0.0312448 0.999834 0.00989764 0.409861 0.00272764 0.206463
2367 0.0312448 0.999834 0.0102894 0.654002 0.00299339 0.219966
2371 0.0704547 0.999834 0.0266828 0.57808 0.00882944 0.205549
2375 0.0312448 0.999834 0.00985261 0.61095 0.00276156 0.209764
2379 0.0738537 0.999834 0.022527 0.510408 0.00825553 0.232633
2383 0.266012 0.999834 0.0950195 0.824462 0.0199569 0.227591
2387 0.0312448 0.999834 0.00971983 0.641886 0.0027353 0.206398
2391 0.26277 0.999834 0.0881348 0.77511 0.0340859 0.205869
2395 0.138662 0.999834 0.047489 0.684968 0.0117014 0.266694
2399 0.0312448 0.999834 0.0112366 0.712062 0.0027203 0.205869
2403 0.32797 0.999834 0.106964 0.821125 0.03524 0.249793
2407 0.0312448 0.999834 0.0115331 0.571501 0.00299339 0.219966
2411 0.0312448 0.999834 0.01078 0.807021 0.00273063 0.206368
2415 0.0738537 0.999834 0.0256816 0.767407 0.00767034 0.205869
2419 0.462411 0.999834 0.169698 1 0.0435376 0.211937
2423 0.0312448 0.999834 0.0111767 0.572423 0.00310729 0.229447
2427 0.0312448 0.999834 0.0113511 0.625674 0.00281833 0.211937
2431 0.0312448 0.999834 0.0104913 0.758307 0.0027203 0.205869
2435 0.138662 0.999834 0.0431056 0.587196 0.0119295 0.253393
2439 0.0312448 0.999834 0.0107855 1 0.00272764 0.206463
2443 0.0312448 0.999834 0.010717 0.760376 0.00299339 0.219966
2447 0.0312448 0.999834 0.0105408 0.479783 0.00299339 0.219966
2451 0.0972125 0.999834 0.0355329 1 0.0161632 0.227591
2455 0.0312448 0.999834 0.0107633 1 0.00311662 0.2324
2459 0.0312448 0.999834 0.0106974 0.659887 0.00264701 0.199131
2463 0.0312448 0.999834 0.00990821 0.816874 0.00323497 0.237731
2467 0.167578 0.999834 0.0524208 0.498091 0.0314377 0.241444
2471 0.0312448 0.999834 0.00951724 0.873017 0.00258816 0.195117
2475 0.0312448 0.999834 0.0110286 0.608463 0.00310729 0.229447
2479 0.0312448 0.999834 0.00926717 0.476802 0.00308815 0.227354
2483 0.0312448 0.999834 0.0121252 0.598385 0.00327623 0.240204
2487 0.0312448 0.999834 0.00970548 0.570101 0.00316023 0.232633
2491 0.516667 0.999834 0.177338 1 0.0377902 0.219966
2495 0.0312448 0.999834 0.0116197 0.858135 0.00299339 0.219966
2499 0.0312448 0.999834 0.0115709 0.793419 0.00299339 0.219966
2503 0.0312448 0.999834 0.0104793 0.9244 0.0031186 0.23028
2507 0.481113 0.999834 0.177783 0.605418 0.0421993 0.237282
2511 0.0312448 0.999834 0.00994128 0.480234 0.0031186 0.23028
2515 0.0312448 0.999834 0.010201 0.536485 0.00324048 0.241834
2519 0.0312448 0.999834 0.0100754 0.567273 0.00308345 0.227591
2523 0.0312448 0.999834 0.0099658 0.494294 0.00313041 0.231875
2527 0.0312448 0.999834 0.00890852 0.496489 0.00322064 0.236357
2531 0.0312448 0.999834 0.0112999 0.661786 0.00299339 0.219966
2535 0.0312448 0.999834 0.0114698 0.678488 0.0027203 0.205869
2539 0.0312448 0.999834 0.00931712 0.510779 0.0034345 0.257197
2543 0.0312448 0.999834 0.00982597 0.431689 0.00298469 0.218992
2547 0.108854 0.999834 0.0386488 0.529169 0.0119354 0.194302
2551 0.0312448 0.999834 0.0102117 0.931951 0.00276896 0.208797
2555 0.0902191 0.999834 0.0311866 0.733988 0.00391716 0.215883
2559 0.200227 0.999834 0.064097 0.598199 0.0145039 0.272191
2563 0.0312448 0.999834 0.0108077 1 0.00298469 0.218992
2567 0.132828 0.999834 0.0436059 0.835898 0.01412 0.261032
2571 0.0312448 0.999834 0.00977296 0.502545 0.00296842 0.217225
2575 0.0312448 0.999834 0.010388 0.644156 0.00343872 0.253393
2579 0.108854 0.999834 0.0369395 0.553658 0.012208 0.205869
2583 0.0312448 0.999834 0.0109572 0.483549 0.00311759 0.232616
2587 0.0312448 0.999834 0.00933021 0.425928 0.00296476 0.216132
2591 0.379614 0.999834 0.106667 0.542064 0.049091 0.244737
2595 0.138662 0.999834 0.0437726 0.710575 0.0097837 0.23464
2599 0.0312448 0.999834 0.0108902 0.702341 0.00317645 0.236125
2603 0.0312448 0.999834 0.00974802 0.578707 0.00298469 0.218992
2607 0.219941 0.999834 0.0718411 0.490127 0.0261733 0.232633
2611 0.258883 0.999834 0.0894957 0.78697 0.0426212 0.269002
2615 0.0972125 0.999834 0.0327187 1 0.0174694 0.219483
2619 0.34408 0.999834 0.116668 0.501755 0.0362138 0.208797
2623 0.0312448 0.999834 0.0120304 0.690626 0.00299339 0.219966
2627 0.0738537 0.999834 0.0266988 0.962711 0.00919087 0.258446
2631 0.0312448 0.999834 0.0113802 0.514837 0.00299339 0.219966
2635 0.0312448 0.999834 0.0111732 0.862588 0.00258816 0.195117
2639 0.0312448 0.999834 0.00940644 0.523542 0.0027203 0.205869
2643 0.0565195 0.999834 0.0213958 0.908788 0.00494163 0.250996
2647 0.0312448 0.999834 0.0112329 0.524003 0.00299339 0.219966
2651 0.108854 0.999834 0.0331237 0.848017 0.0171029 0.254738
2655 0.0312448 0.999834 0.0110897 1 0.00255132 0.190666
2659 0.0312448 0.999834 0.0109325 0.537073 0.00270595 0.197976
2663 0.157618 0.999834 0.0557043 0.700215 0.00543685 0.223183
2667 0.0312448 0.999834 0.0105128 0.860201 0.00299339 0.219966
2671 0.0312448 0.999834 0.00882687 0.736758 0.00296476 0.216132
2675 0.0312448 0.999834 0.0105407 0.829942 0.00320422 0.234675
2679 0.243161 0.999834 0.0827287 0.5776 0.0271962 0.288498
2683 0.191637 0.999834 0.0685622 0.432567 0.039659 0.312102
2687 0.0312448 0.999834 0.0103487 0.502999 0.00299339 0.219966
2691 0.902443 0.999834 0.3025 0.441449 0.0919435 0.238741
2695 0.299054 0.999834 0.097263 0.560839 0.0247603 0.198853
2699 0.0312448 0.999834 0.0119128 0.586575 0.00301926 0.222268
2703 0.0312448 0.999834 0.0119563 0.669001 0.00279226 0.207201
2707 0.0312448 0.999834 0.0109028 0.724043 0.0027203 0.205869
2711 0.108854 0.999834 0.0321787 1 0.0158246 0.23028
2715 0.0364188 0.999834 0.0121009 0.719029 0.00358587 0.217225
2719 0.0312448 0.999834 0.0117492 0.650736 0.00329231 0.241444
2723 0.0312448 0.999834 0.0103622 0.653461 0.0027226 0.205549
2727 0.0312448 0.999834 0.0102671 0.711613 0.00305598 0.228537
2731 0.253241 0.999834 0.0873329 0.478959 0.0211431 0.219089
2735 0.0312448 0.999834 0.011042 0.717378 0.00299339 0.219966
2739 0.0312448 0.999834 0.0103027 0.871362 0.0027226 0.205549
2743 0.0312448 0.999834 0.0113943 0.709392 0.00299243 0.228251
2747 0.253241 0.999834 0.0851933 0.505976 0.0155691 0.205549
2751 0.0467666 0.999834 0.0173703 0.926849 0.00532308 0.224413
2755 0.0813729 0.999834 0.0297585 0.405249 0.007715 0.232633
2759 0.0312448 0.999834 0.00925153 0.677004 0.00316023 0.232633
2763 0.0312448 0.999834 0.010403 0.812744 0.00276896 0.208797
2767 0.0312448 0.999834 0.0102213 0.775188 0.00303168 0.222883
2771 0.392492 0.999834 0.128603 1 0.0401689 0.265047
2775 0.0312448 0.999834 0.0119379 0.524239 0.00299339 0.219966
2779 0.0674624 0.999834 0.0239095 0.684614 0.00687452 0.205869
2783 0.0312448 0.999834 0.0103724 0.529961 0.00330972 0.248131
2787 0.641505 0.999834 0.202931 0.552354 0.0650224 0.214567
2791 0.0312448 0.999834 0.0121038 0.533239 0.00299339 0.219966
2795 0.0312448 0.999834 0.0101549 0.766231 0.00321328 0.235899
2799 0.0312448 0.999834 0.0101045 0.435344 0.00299339 0.219966
2803 0.0972125 0.999834 0.0320988 0.666165 0.0167087 0.244168
2807 0.12016 0.999834 0.0457203 0.843631 0.00974485 0.219966
2811 0.0312448 0.999834 0.0123713 0.85342 0.00299339 0.219966
2815 0.0312448 0.999834 0.0101357 0.677558 0.00299339 0.219966
2819 0.0312448 0.999834 0.0111471 0.600094 0.00316023 0.232633
2823 0.0312448 0.999834 0.00996138 1 0.00272764 0.206463
2827 0.200159 0.999834 0.0675032 1 0.0164124 0.219966
2831 0.42875 0.999834 0.127565 0.497752 0.0407381 0.206463
2835 0.0312448 0.999834 0.0111353 0.565492 0.00299339 0.219966
2839 0.0312448 0.999834 0.0105277 0.820458 0.00299339 0.219966
2843 0.0312448 0.999834 0.010181 0.929127 0.00296476 0.216132
2847 0.0312448 0.999834 0.0109155 1 0.00411945 0.305811
2851 0.0312448 0.999834 0.011351 0.740482 0.0027203 0.205869
2855 0.253241 0.999834 0.0949906 1 0.0191179 0.219966
2859 0.0312448 0.999834 0.0103763 0.492857 0.00255132 0.190666
2863 0.0312448 0.999834 0.0123961 0.815407 0.0027203 0.205869
2867 0.0312448 0.999834 0.0117909 0.600776 0.00310729 0.229447
2871 0.0312448 0.999834 0.0104466 0.643692 0.00299339 0.219966
2875 0.292417 0.999834 0.0793418 0.392806 0.00539391 0.23598
2879 0.0312448 0.999834 0.00968838 0.558587 0.00299339 0.219966
2883 0.0312448 0.999834 0.0114195 1 0.0027226 0.205549
2887 0.592575 0.999834 0.208388 0.768355 0.0671899 0.270376
2891 0.0312448 0.999834 0.010867 0.90893 0.0027203 0.205869
2895 0.531241 0.999834 0.182494 0.646835 0.0661721 0.272907
2899 0.536887 0.999834 0.196743 0.688924 0.0516178 0.241166
2903 0.465802 0.999834 0.154613 0.552825 0.0420261 0.247339
2907 0.1831 0.999834 0.0677477 0.928596 0.037278 0.254227
2911 0.292417 0.999834 0.0987001 0.659563 0.00400256 0.205869
2915 0.265036 0.999834 0.0782985 0.608741 0.0265588 0.249705
2919 0.219941 0.999834 0.0677991 0.58759 0.0298489 0.250348
2923 0.167578 0.999834 0.048553 0.577665 0.0316904 0.236322
2927 0.292417 0.999834 0.0898763 0.607032 0.00540466 0.239484
2931 0.191637 0.999834 0.0650156 0.578791 0.0302578 0.257366
2935 0.0312448 0.999834 0.010404 0.627261 0.00322203 0.239905
2939 0.219941 0.999834 0.0719198 0.607785 0.0232437 0.204448
2943 0.245187 0.999834 0.0819581 0.472054 0.0353253 0.249043
2947 0.0312448 0.999834 0.0113481 0.667557 0.00264135 0.198853
2951 0.157618 0.999834 0.0514308 0.500257 0.00535829 0.236322
2955 0.292417 0.999834 0.0951372 0.71384 0.00568356 0.232005
2959 0.0312448 0.999834 0.0107161 0.648727 0.00281833 0.211937
2963 0.0312448 0.999834 0.00981441 0.548877 0.00281833 0.211937
2967 0.0312448 0.999834 0.0117503 0.901297 0.00312019 0.230421
2971 0.0312448 0.999834 0.0121899 0.548327 0.00299339 0.219966
2975 0.0312448 0.999834 0.0107828 0.549147 0.00276359 0.206919
2979 0.0312448 0.999834 0.0107894 0.579681 0.00316023 0.232633
2983 0.0312448 0.999834 0.0104495 0.476157 0.00299339 0.219966
2987 0.0312448 0.999834 0.00988228 0.660628 0.0027203 0.205869
2991 0.0312448 0.999834 0.0112573 0.575784 0.00314147 0.232066
2995 0.191637 0.999834 0.0697505 0.723044 0.0294024 0.226045
2999 0.0312448 0.999834 0.0116995 1 0.00299339 0.219966
3003 0.0972125 0.999834 0.0281975 0.510607 0.0174138 0.242926
3007 0.0312448 0.999834 0.0108776 0.924681 0.00272764 0.206463
3011 0.316579 0.999834 0.100356 0.486269 0.0285753 0.227591
3015 0.0312448 0.999834 0.0124075 0.915517 0.00299339 0.219966
3019 0.0312448 0.999834 0.0103099 0.530926 0.00310729 0.229447
3023 0.0312448 0.999834 0.0111606 0.806182 0.0027203 0.205869
3027 0.0312448 0.999834 0.00885636 0.363609 0.00300647 0.226129
3031 0.0312448 0.999834 0.011462 0.642343 0.00252472 0.189348
3035 0.126015 0.999834 0.0426573 0.625267 0.00952759 0.198853
3039 0.0312448 0.999834 0.0128527 0.546056 0.00299339 0.219966
3043 0.0312448 0.999834 0.0126695 1 0.00299339 0.219966
3047 0.0444384 0.999834 0.0142648 0.589948 0.00601126 0.253775
3051 0.121004 0.999834 0.0439659 0.938807 0.0141168 0.316556
3055 0.0312448 0.999834 0.0107641 0.825009 0.00333356 0.246999
3059 0.0312448 0.999834 0.0102173 0.499236 0.00299339 0.219966
3063 0.674805 0.999834 0.229068 0.700154 0.0463804 0.205869
3067 0.425792 0.999834 0.163925 0.772424 0.036821 0.265483
3071 0.0312448 0.999834 0.0100238 1 0.00298587 0.21967
3075 0.352605 0.999834 0.119797 0.748558 0.0431379 0.252525
3079 0.12255 0.999834 0.0416178 0.649039 0.0115195 0.206919
3083 0.157618 0.999834 0.057954 0.651744 0.00535829 0.236322
3087 0.0312448 0.999834 0.0111292 0.628887 0.00299339 0.219966
3091 0.172678 0.999834 0.0560597 0.60049 0.0196622 0.205542
3095 0.0312448 0.999834 0.0119838 0.671413 0.00298469 0.218992
3099 0.245187 0.999834 0.0729777 0.794545 0.0291104 0.247585
3103 0.0312448 0.999834 0.0114931 0.641025 0.00299339 0.219966
3107 0.0312448 0.999834 0.0104159 0.704672 0.0027226 0.205549
3111 0.0312448 0.999834 0.0117522 0.81891 0.00310729 0.229447
3115 0.0312448 0.999834 0.00965315 0.829571 0.00316398 0.231016
3119 0.292417 0.999834 0.0846775 0.75733 0.00567722 0.236488
3123 0.0312448 0.999834 0.0106394 0.571756 0.00312951 0.233796
3127 0.0312448 0.999834 0.0107687 0.481027 0.00299339 0.219966
3131 0.038406 0.999834 0.0140714 0.741494 0.00387536 0.236322
3135 0.0312448 0.999834 0.0116757 0.551294 0.0027203 0.205869
3139 0.0312448 0.999834 0.0106877 0.555274 0.00310729 0.229447
3143 0.129913 0.999834 0.0493983 1 0.0105947 0.200148
3147 0.223586 0.999834 0.0778819 0.789172 0.0145379 0.190666
3151 0.589142 0.999834 0.202606 0.468638 0.054878 0.24234
3155 0.0312448 0.999834 0.0105205 0.542558 0.00336167 0.247974
3159 0.12255 0.999834 0.0430328 0.599505 0.013285 0.199511
3163 0.929469 0.999834 0.345816 0.648155 0.105266 0.284843
3167 0.0620298 0.999834 0.0203535 0.500103 0.00959202 0.242959
3171 0.0312448 0.999834 0.0125738 0.58861 0.00299339 0.219966
3175 0.0312448 0.999834 0.0117181 0.644743 0.00281833 0.211937
3179 0.0312448 0.999834 0.0116167 1 0.0027203 0.205869
3183 0.12255 0.999834 0.0389647 0.927468 0.0148526 0.242555
3187 0.0312448 0.999834 0.0104746 0.484089 0.00316023 0.232633
3191 0.0972125 0.999834 0.0355957 0.974954 0.0182613 0.259234
3195 0.389574 0.999834 0.125779 0.765871 0.0311943 0.234304
3199 0.32797 0.999834 0.102922 0.829667 0.0240249 0.229675
3203 0.0312448 0.999834 0.0112275 0.60815 0.00272764 0.206463
3207 0.452809 0.999834 0.151001 0.492071 0.0304373 0.192085
3211 0.0312448 0.999834 0.010788 0.584578 0.00276896 0.208797
3215 0.0312448 0.999834 0.010852 0.947167 0.0027203 0.205869
3219 0.157618 0.999834 0.0545015 0.749613 0.00386521 0.189516
3223 0.0312448 0.999834 0.0112177 0.798817 0.0027226 0.205549
3227 0.0972125 0.999834 0.0350583 0.57858 0.0209128 0.271154
3231 0.266012 0.999834 0.0924973 0.515363 0.0195374 0.226327
3235 0.0312448 0.999834 0.0104541 0.566208 0.00299339 0.219966
3239 0.0312448 0.999834 0.0111312 0.709559 0.00255132 0.190666
3243 0.344546 0.999834 0.11104 0.586866 0.0204104 0.262896
3247 0.29755 0.999834 0.0933951 0.630269 0.023983 0.236322
3251 0.0312448 0.999834 0.0111159 0.432472 0.00316023 0.232633
3255 0.0312448 0.999834 0.0113609 0.783765 0.00299339 0.219966
3259 0.794671 0.999834 0.27775 0.608775 0.0796522 0.230428
3263 0.188517 0.999834 0.0651201 0.644571 0.0158608 0.227467
3267 0.0312448 0.999834 0.0105473 0.709146 0.00283546 0.213615
3271 0.292417 0.999834 0.104673 0.673436 0.00595803 0.240827
3275 0.038406 0.999834 0.0137619 0.810682 0.00396023 0.232633
3279 0.0444384 0.999834 0.0144338 1 0.00556272 0.249629
3283 0.0312448 0.999834 0.0108017 0.618308 0.00321055 0.241166
3287 0.138662 0.999834 0.050951 0.436428 0.011393 0.219966
3291 0.0312448 0.999834 0.0114482 0.817793 0.00299339 0.219966
3295 0.167578 0.999834 0.0586573 0.697279 0.0320913 0.205549
3299 0.293952 0.999834 0.108511 0.604835 0.0278058 0.221792
3303 0.0312448 0.999834 0.0116476 0.534011 0.00299339 0.219966
3307 0.0312448 0.999834 0.0106551 0.844392 0.00316023 0.232633
3311 0.396818 0.999834 0.150405 1 0.0314997 0.247445
3315 0.0312448 0.999834 0.0102618 0.554863 0.00327365 0.242028
3319 0.0312448 0.999834 0.012509 0.975749 0.00299339 0.219966
3323 0.0312448 0.999834 0.0111008 0.706154 0.00276359 0.206919
3327 0.0312448 0.999834 0.010362 0.668451 0.00318226 0.237803
3331 0.172678 0.999834 0.0573712 0.586114 0.0200135 0.202908
3335 0.0312448 0.999834 0.00939136 0.450377 0.00308345 0.227591
3339 0.0312448 0.999834 0.00991344 0.503916 0.00269054 0.199325
3343 0.0312448 0.999834 0.0110979 0.505403 0.00299339 0.219966
3347 0.0312448 0.999834 0.011557 0.523433 0.00298587 0.21967
3351 0.0312448 0.999834 0.01116 0.60723 0.00276896 0.208797
3355 0.0312448 0.999834 0.0107178 0.586712 0.00301926 0.222268
3359 0.0312448 0.999834 0.0105118 0.657623 0.00314671 0.232997
3363 0.138662 0.999834 0.0491207 0.824624 0.0120049 0.21967
3367 0.292417 0.999834 0.118991 0.618425 0.00572251 0.218992
3371 0.42875 0.999834 0.161531 0.742386 0.0448557 0.259081
3375 0.0312448 0.999834 0.0107564 0.559304 0.00299339 0.219966
3379 0.0312448 0.999834 0.0112289 0.735801 0.0027203 0.205869
3383 0.139821 0.999834 0.0500525 0.74859 0.0132658 0.219966
3387 0.0312448 0.999834 0.0103725 0.867288 0.00293814 0.221313
3391 0.616598 0.999834 0.229683 0.650906 0.0681513 0.281604
3395 0.0312448 0.999834 0.0108243 0.606499 0.00276896 0.208797
3399 0.0312448 0.999834 0.00959313 0.677046 0.00327466 0.246581
3403 0.0312448 0.999834 0.0103881 0.502548 0.00345717 0.255516
3407 0.0738537 0.999834 0.0217944 0.706474 0.00825553 0.232633
3411 0.188517 0.999834 0.0629994 1 0.0220015 0.2851
3415 0.191637 0.999834 0.0626702 0.607877 0.0299549 0.223519
3419 0.167578 0.999834 0.0543275 0.513015 0.0298164 0.231706
3423 0.641505 0.999834 0.217942 0.620562 0.0739806 0.267419
3427 0.0312448 0.999834 0.00918552 0.642612 0.00299339 0.219966
3431 0.0312448 0.999834 0.00964463 0.626652 0.00336765 0.252028
3435 0.0312448 0.999834 0.010329 0.57328 0.00296842 0.217225
3439 0.0312448 0.999834 0.00974754 0.511425 0.0031186 0.23028
3443 0.0312448 0.999834 0.00922702 0.750816 0.00321328 0.235899
3447 0.435993 0.999834 0.139982 0.568525 0.0276404 0.226353
3451 0.0312448 0.999834 0.0110657 0.651776 0.00310729 0.229447
3455 0.0312448 0.999834 0.0109733 0.522554 0.0027203 0.205869
3459 0.0312448 0.999834 0.00939174 0.518811 0.00303168 0.222883
3463 0.0312448 0.999834 0.0100353 0.633209 0.00299339 0.219966
3467 0.0312448 0.999834 0.010888 0.620538 0.00276896 0.208797
3471 0.363576 0.999834 0.127029 1 0.0500796 0.296412
3475 0.254723 0.999834 0.092105 0.837464 0.0237196 0.249531
3479 0.112158 0.999834 0.0369189 0.745752 0.0101561 0.222316
3483 0.0312448 0.999834 0.0115578 0.672715 0.0041737 0.312257
3487 0.207323 0.999834 0.0735662 0.757575 0.0343954 0.222947
3491 0.380333 0.999834 0.143697 0.766082 0.0415665 0.28731
3495 0.253241 0.999834 0.0886869 1 0.0191179 0.219966
3499 0.0972125 0.999834 0.0344267 0.726806 0.0186948 0.25516
3503 0.482648 0.999834 0.171293 0.562358 0.055049 0.247748
3507 0.247056 0.999834 0.0931665 0.831387 0.0315773 0.309048
3511 0.0312448 0.999834 0.0108468 0.685082 0.00305598 0.228537
3515 0.219941 0.999834 0.0786238 0.681449 0.0250387 0.227591
3519 0.0312448 0.999834 0.0116669 1 0.00339388 0.252283
3523 0.157618 0.999834 0.0446783 0.636874 0.00518396 0.24907
3527 0.292417 0.999834 0.101973 0.679321 0.00551566 0.229447
3531 0.12255 0.999834 0.0431895 0.518707 0.0150041 0.236322
3535 0.0972125 0.999834 0.028398 0.587717 0.0165201 0.232454
3539 0.742051 0.999834 0.290673 0.679662 0.0770642 0.261487
3543 0.0312448 0.999834 0.0122269 0.836749 0.0027203 0.205869
3547 0.038406 0.999834 0.0144656 0.865414 0.00379087 0.217225
3551 0.0902191 0.999834 0.0325682 0.625718 0.00498143 0.218992
3555 0.0312448 0.999834 0.0104859 0.93735 0.00314935 0.234825
3559 0.0312448 0.999834 0.0107798 0.481589 0.0027203 0.205869
3563 0.0312448 0.999834 0.0109294 0.66947 0.00275734 0.200572
3567 0.298504 0.999834 0.0927961 0.504024 0.00608841 0.216567
3571 0.0312448 0.999834 0.0115125 0.66937 0.00276896 0.208797
3575 0.0312448 0.999834 0.011071 0.99191 0.00299339 0.219966
3579 0.42875 0.999834 0.143533 0.892906 0.033747 0.253593
3583 0.0312448 0.999834 0.0112286 0.484791 0.00310729 0.229447
3587 0.0312448 0.999834 0.0117871 0.527824 0.00298469 0.218992
3591 0.299054 0.999834 0.101688 0.585162 0.0242988 0.188375
3595 0.138662 0.999834 0.0432529 0.469323 0.0120249 0.222268
3599 0.207746 0.999834 0.068148 0.851774 0.0152466 0.219966
3603 0.0312448 0.999834 0.0110666 1 0.00339275 0.251512
3607 0.399834 0.999834 0.138913 0.688516 0.0265467 0.230868
3611 0.0312448 0.999834 0.0109005 0.592515 0.00306335 0.227081
3615 0.188517 0.999834 0.0672972 0.799629 0.0140639 0.219966
3619 0.0312448 0.999834 0.0116791 0.774244 0.0027203 0.205869
3623 0.0312448 0.999834 0.011371 0.910026 0.00299339 0.219966
3627 0.0312448 0.999834 0.0114745 0.668751 0.00299339 0.219966
3631 0.0312448 0.999834 0.00907433 0.560053 0.0032936 0.249771
3635 0.0312448 0.999834 0.0123799 0.560201 0.00303562 0.225299
3639 0.0312448 0.999834 0.0108287 1 0.0031186 0.23028
3643 0.602835 0.999834 0.203216 0.853307 0.0423662 0.188375
3647 0.0312448 0.999834 0.0111404 0.627764 0.00308345 0.227591
3651 0.138662 0.999834 0.0485511 0.543936 0.0128078 0.241014
3655 0.380333 0.999834 0.119059 0.757047 0.039329 0.232633
3659 0.167578 0.999834 0.0574709 0.581755 0.0330132 0.205869
3663 0.0312448 0.999834 0.0100634 0.652104 0.00330068 0.246791
3667 0.0312448 0.999834 0.0124434 0.695554 0.00299339 0.219966
3671 0.253241 0.999834 0.0749371 0.481559 0.0207676 0.255035
3675 0.585514 0.999834 0.214087 0.881219 0.0588174 0.270042
3679 0.379614 0.999834 0.125155 0.741624 0.0590765 0.293485
3683 0.231012 0.999834 0.0865222 0.872992 0.0187404 0.251504
3687 0.0312448 0.999834 0.0108123 0.938659 0.00259391 0.194302
3691 0.674805 0.999834 0.227441 0.725264 0.0747007 0.272686
3695 0.380333 0.999834 0.131603 0.606634 0.0381335 0.262006
3699 0.0312448 0.999834 0.0110207 0.428837 0.00276896 0.208797
3703 0.0312448 0.999834 0.010849 0.65798 0.00299339 0.219966
3707 0.0312448 0.999834 0.0109503 0.624843 0.00310729 0.229447
3711 0.0312448 0.999834 0.0101092 0.54003 0.00296476 0.216132
3715 0.253241 0.999834 0.0937385 0.589211 0.0175359 0.227823
3719 0.0312448 0.999834 0.0102864 0.646388 0.00276896 0.208797
3723 0.157618 0.999834 0.0509027 0.448844 0.00492964 0.222139
3727 0.0467666 0.999834 0.0171363 1 0.00475535 0.211937
3731 0.0312448 0.999834 0.00994373 0.853643 0.00328865 0.244745
3735 0.0312448 0.999834 0.0111911 0.617883 0.00259787 0.194203
