1	0.100000
2	0.050000
3	0.150000
4	0.050000
5	0.050000
6	0.000000
7	0.000000
8	0.050000
9	0.050000
10	0.650000
11	0.050000
12	0.050000
13	0.050000
14	0.100000
15	0.300000
16	0.000000
17	0.150000
18	0.200000
19	0.550000
20	0.000000
21	0.000000
22	0.400000
23	0.200000
24	0.350000
25	0.050000
26	0.150000
27	0.150000
28	0.250000
29	0.000000
30	0.200000
31	0.000000
32	0.100000
33	0.200000
34	0.100000
35	0.100000
36	0.550000
37	0.000000
38	0.000000
39	0.100000
40	0.000000
41	0.050000
42	0.450000
43	0.100000
44	0.100000
45	0.050000
46	0.000000
47	0.050000
48	0.300000
49	0.100000
50	0.050000
51	0.000000
52	0.050000
53	0.450000
54	0.000000
55	0.050000
56	0.000000
57	0.100000
58	0.300000
59	0.300000
60	0.050000
61	0.000000
62	0.200000
63	0.050000
64	0.050000
65	0.200000
66	0.100000
67	0.000000
68	0.050000
69	0.000000
70	0.050000
71	0.000000
72	0.200000
73	0.350000
74	0.150000
75	0.150000
76	0.000000
77	0.000000
78	0.000000
79	0.000000
80	0.050000
81	0.200000
82	0.200000
83	0.100000
84	0.200000
85	0.000000
86	0.100000
87	0.050000
88	0.050000
89	0.000000
90	0.050000
91	0.050000
92	0.250000
93	0.000000
94	0.000000
95	0.250000
96	0.150000
97	0.000000
98	0.150000
99	0.200000
100	0.200000
101	0.000000
102	0.000000
103	0.000000
104	0.050000
105	0.000000
106	0.100000
107	0.000000
108	0.000000
109	0.100000
110	0.050000
111	0.000000
112	0.050000
113	0.000000
114	0.100000
115	0.000000
116	0.000000
117	0.250000
118	0.300000
119	0.000000
120	0.100000
121	0.050000
122	0.200000
123	0.400000
124	0.000000
125	0.000000
126	0.000000
127	0.350000
128	0.100000
129	0.150000
130	0.050000
131	0.300000
132	0.050000
133	0.000000
134	0.050000
135	0.050000
136	0.200000
137	0.150000
138	0.000000
139	0.150000
140	0.250000
141	0.000000
142	0.200000
143	0.150000
144	0.050000
145	0.050000
146	0.350000
147	0.200000
148	0.200000
149	0.350000
150	0.250000
151	0.600000
152	0.050000
153	0.000000
154	0.000000
155	0.150000
156	0.100000
157	0.250000
158	0.050000
159	0.050000
160	0.000000
161	0.150000
162	0.050000
163	0.200000
164	0.000000
165	0.000000
166	0.050000
167	0.000000
168	0.000000
169	0.600000
170	0.100000
171	0.050000
172	0.000000
173	0.250000
174	0.000000
175	0.700000
176	0.000000
177	0.300000
178	0.000000
179	0.150000
180	0.000000
181	0.250000
182	0.300000
183	0.050000
184	0.000000
185	0.000000
186	0.050000
187	0.150000
188	0.000000
189	0.050000
190	0.050000
191	0.050000
192	0.300000
193	0.350000
194	0.000000
195	0.650000
196	0.050000
197	0.050000
198	0.300000
199	0.150000
200	0.000000
201	0.050000
202	0.350000
203	0.000000
204	0.500000
205	0.400000
206	0.150000
207	0.050000
208	0.150000
209	0.000000
210	0.000000
211	0.000000
212	0.100000
213	0.050000
214	0.000000
215	0.100000
216	0.300000
217	0.000000
218	0.050000
219	0.050000
220	0.250000
221	0.000000
222	0.150000
223	0.300000
224	0.500000
225	0.450000
226	0.000000
227	0.050000
228	0.000000
229	0.350000
230	0.150000
231	0.100000
232	0.050000
233	0.100000
234	0.000000
235	0.150000
236	0.300000
237	0.050000
238	0.000000
239	0.100000
240	0.150000
241	0.050000
242	0.250000
243	0.050000
244	0.200000
245	0.200000
246	0.000000
247	0.050000
248	0.000000
249	0.100000
250	0.000000
251	0.100000
252	0.000000
253	0.100000
254	0.000000
255	0.600000
256	0.050000
257	0.250000
258	0.350000
259	0.250000
260	0.000000
261	0.000000
262	0.050000
263	0.550000
264	0.400000
265	0.300000
266	0.150000
267	0.100000
268	0.250000
269	0.050000
270	0.200000
271	0.050000
272	0.700000
273	0.200000
274	0.200000
275	0.100000
276	0.050000
277	0.250000
278	0.000000
279	0.000000
280	0.000000
281	0.050000
282	0.000000
283	0.100000
284	0.400000
285	0.100000
286	0.250000
287	0.050000
288	0.100000
289	0.050000
290	0.000000
291	0.050000
292	0.100000
293	0.200000
294	0.050000
295	0.450000
296	0.000000
297	0.100000
298	0.050000
299	0.100000
300	0.200000
301	0.100000
302	0.800000
303	0.150000
304	0.000000
305	0.000000
306	0.200000
307	0.150000
308	0.300000
309	0.200000
310	0.200000
311	0.150000
312	0.050000
313	0.050000
314	0.250000
315	0.000000
316	0.000000
317	0.000000
318	0.050000
319	0.550000
320	0.000000
321	0.400000
322	0.050000
323	0.100000
324	0.100000
325	0.000000
326	0.700000
327	0.100000
328	0.000000
329	0.500000
330	0.000000
331	0.350000
332	0.200000
333	0.200000
334	0.000000
335	0.250000
336	0.150000
337	0.150000
338	0.400000
339	0.000000
340	0.100000
341	0.000000
342	0.300000
343	0.100000
344	0.150000
345	0.000000
346	0.400000
347	0.050000
348	0.050000
349	0.150000
350	0.100000
351	0.000000
352	0.100000
353	0.050000
354	0.050000
355	0.450000
356	0.000000
357	0.000000
358	0.050000
359	0.100000
360	0.150000
361	0.000000
362	0.050000
363	0.000000
364	0.050000
365	0.050000
366	0.200000
367	0.000000
368	0.100000
369	0.000000
370	0.100000
371	0.200000
372	0.050000
373	0.200000
374	0.200000
375	0.050000
376	0.050000
377	0.300000
378	0.050000
379	0.000000
380	0.050000
381	0.000000
382	0.000000
383	0.050000
384	0.050000
385	0.350000
386	0.450000
387	0.150000
388	0.000000
389	0.000000
390	0.250000
391	0.000000
392	0.350000
393	0.050000
394	0.000000
395	0.050000
396	0.050000
397	0.050000
398	0.450000
399	0.000000
400	0.350000
401	0.050000
402	0.050000
403	0.100000
404	0.000000
405	0.000000
406	0.400000
407	0.050000
408	0.100000
409	0.100000
410	0.000000
411	0.550000
412	0.200000
413	0.050000
414	0.100000
415	0.250000
416	0.100000
417	0.000000
418	0.200000
419	0.350000
420	0.050000
421	0.000000
422	0.100000
423	0.100000
424	0.850000
425	0.100000
426	0.300000
427	0.000000
428	0.250000
429	0.250000
430	0.000000
431	0.400000
432	0.000000
433	0.000000
434	0.000000
435	0.100000
436	0.300000
437	0.200000
438	0.400000
439	0.100000
440	0.050000
441	0.150000
442	0.300000
443	0.050000
444	0.200000
445	0.250000
446	0.000000
447	0.000000
448	0.050000
449	0.000000
450	0.000000
451	0.100000
452	0.200000
453	0.550000
454	0.450000
455	0.000000
456	0.250000
457	0.050000
458	0.000000
459	0.050000
460	0.050000
461	0.300000
462	0.100000
463	0.000000
464	0.100000
465	0.150000
466	0.100000
467	0.250000
468	0.100000
469	0.200000
470	0.000000
471	0.150000
472	0.150000
473	0.000000
474	0.050000
475	0.000000
476	0.100000
477	0.000000
478	0.050000
479	0.100000
480	0.050000
481	0.000000
482	0.650000
483	0.050000
484	0.050000
485	0.100000
486	0.050000
487	0.100000
488	0.050000
489	0.100000
490	0.050000
491	0.150000
492	0.000000
493	0.050000
494	0.200000
495	0.100000
496	0.150000
497	0.000000
498	0.100000
499	0.200000
500	0.200000
501	0.000000
502	0.200000
503	0.000000
504	0.000000
505	0.100000
506	0.050000
507	0.000000
508	0.200000
509	0.400000
510	0.000000
511	0.050000
512	0.000000
513	0.050000
514	0.250000
515	0.250000
516	0.200000
517	0.100000
518	0.200000
519	0.000000
520	0.200000
521	0.000000
522	0.100000
523	0.150000
524	0.350000
525	0.100000
526	0.050000
527	0.100000
528	0.100000
529	0.250000
530	0.150000
531	0.800000
532	0.150000
533	0.400000
534	0.150000
535	0.000000
536	0.050000
537	0.150000
538	0.150000
539	0.050000
540	0.200000
541	0.500000
542	0.000000
543	0.200000
544	0.150000
545	0.000000
546	0.250000
547	0.200000
548	0.000000
549	0.700000
550	0.600000
551	0.100000
552	0.050000
553	0.000000
554	0.050000
555	0.000000
556	0.350000
557	0.050000
558	0.450000
559	0.100000
560	0.000000
561	0.050000
562	0.050000
563	0.000000
564	0.100000
565	0.100000
566	0.250000
567	0.000000
568	0.100000
569	0.000000
570	0.000000
571	0.250000
572	0.000000
573	0.100000
574	0.050000
575	0.300000
576	0.200000
577	0.550000
578	0.100000
579	0.150000
580	0.000000
581	0.000000
582	0.000000
583	0.000000
584	0.150000
585	0.100000
586	0.050000
587	0.050000
588	0.200000
589	0.000000
590	0.000000
591	0.150000
592	0.200000
593	0.000000
594	0.050000
595	0.100000
596	0.000000
597	0.000000
598	0.250000
599	0.050000
600	0.050000
601	0.350000
602	0.000000
603	0.150000
604	0.200000
605	0.150000
606	0.000000
607	0.000000
608	0.100000
609	0.350000
610	0.200000
611	0.300000
612	0.000000
613	0.400000
614	0.000000
615	0.250000
616	0.100000
617	0.050000
618	0.000000
619	0.050000
620	0.050000
621	0.300000
622	0.200000
623	0.200000
624	0.350000
625	0.000000
626	0.250000
627	0.000000
628	0.000000
629	0.000000
630	0.200000
631	0.200000
632	0.000000
633	0.000000
634	0.100000
635	0.100000
636	0.000000
637	0.450000
638	0.000000
639	0.200000
640	0.100000
641	0.400000
642	0.050000
643	0.100000
644	0.050000
645	0.150000
646	0.250000
647	0.100000
648	0.200000
649	0.150000
650	0.000000
651	0.150000
652	0.150000
653	0.050000
654	0.200000
655	0.350000
656	0.300000
657	0.050000
658	0.050000
659	0.000000
660	0.500000
661	0.150000
662	0.200000
663	0.000000
664	0.250000
665	0.000000
666	0.000000
667	0.050000
668	0.050000
669	0.300000
670	0.000000
671	0.100000
672	0.200000
673	0.250000
674	0.300000
675	0.000000
676	0.200000
677	0.050000
678	0.250000
679	0.100000
680	0.050000
681	0.000000
682	0.200000
683	0.050000
684	0.000000
685	0.000000
686	0.100000
687	0.100000
688	0.000000
689	0.050000
690	0.150000
691	0.050000
692	0.400000
693	0.000000
694	0.100000
695	0.200000
696	0.450000
697	0.200000
698	0.350000
699	0.650000
700	0.000000
701	0.050000
702	0.050000
703	0.000000
704	0.000000
705	0.200000
706	0.050000
707	0.050000
708	0.000000
709	0.000000
710	0.450000
711	0.250000
712	0.250000
713	0.100000
714	0.400000
715	0.100000
716	0.250000
717	0.000000
718	0.100000
719	0.050000
720	0.300000
721	0.500000
722	0.200000
723	0.050000
724	0.100000
725	0.150000
726	0.000000
727	0.200000
728	0.100000
729	0.050000
730	0.100000
731	0.000000
732	0.000000
733	0.050000
734	0.000000
735	0.150000
736	0.250000
737	0.500000
738	0.000000
739	0.150000
740	0.000000
741	0.000000
742	0.000000
743	0.050000
744	0.450000
745	0.000000
746	0.350000
747	0.200000
748	0.050000
749	0.200000
750	0.100000
751	0.000000
752	0.950000
753	0.150000
754	0.100000
755	0.550000
756	0.150000
757	0.300000
758	0.000000
759	0.000000
760	0.000000
761	0.050000
762	0.100000
763	0.050000
764	0.050000
765	0.150000
766	0.000000
767	0.100000
768	0.050000
769	0.000000
770	0.600000
771	0.000000
772	0.150000
773	0.200000
774	0.200000
775	0.000000
776	0.250000
777	0.450000
778	0.600000
779	0.050000
780	0.250000
781	0.250000
782	0.000000
783	0.000000
784	0.100000
785	0.050000
786	0.000000
787	0.150000
788	0.300000
789	0.350000
790	0.200000
791	0.300000
792	0.250000
793	0.150000
794	0.150000
795	0.100000
796	0.350000
797	0.000000
798	0.600000
799	0.000000
800	0.150000
801	0.350000
802	0.650000
803	0.100000
804	0.150000
805	0.000000
806	0.100000
807	0.000000
808	0.750000
809	0.000000
810	0.450000
811	0.450000
812	0.000000
813	0.050000
814	0.100000
815	0.000000
816	0.250000
817	0.350000
818	0.100000
819	0.150000
820	0.000000
821	0.000000
822	0.200000
823	0.150000
824	0.400000
825	0.050000
826	0.000000
827	0.050000
828	0.100000
829	0.350000
830	0.200000
831	0.000000
832	0.050000
833	0.100000
834	0.000000
835	0.000000
836	0.000000
837	0.050000
838	0.050000
839	0.400000
840	0.150000
841	0.000000
842	0.100000
843	0.200000
844	0.100000
845	0.150000
846	0.400000
847	0.000000
848	0.200000
849	0.000000
850	0.100000
851	0.250000
852	0.000000
853	0.050000
854	0.450000
855	0.050000
856	0.000000
857	0.050000
858	0.200000
859	0.000000
860	0.000000
861	0.250000
862	0.050000
863	0.250000
864	0.050000
865	0.100000
866	0.050000
867	0.100000
868	0.000000
869	0.500000
870	0.050000
871	0.000000
872	0.200000
873	0.050000
874	0.000000
875	0.100000
876	0.100000
877	0.750000
878	0.000000
879	0.000000
880	0.050000
881	0.750000
882	0.100000
883	0.050000
884	0.200000
885	0.200000
886	0.000000
887	0.100000
888	0.200000
889	0.550000
890	0.050000
891	0.250000
892	0.100000
893	0.000000
894	0.250000
895	0.100000
896	0.000000
897	0.250000
898	0.200000
899	0.550000
900	0.050000
901	0.050000
902	0.000000
903	0.000000
904	0.250000
905	0.250000
906	0.000000
907	0.050000
908	0.050000
909	0.150000
910	0.000000
911	0.350000
912	0.050000
913	0.000000
914	0.150000
915	0.000000
916	0.100000
917	0.050000
918	0.050000
919	0.200000
920	0.000000
921	0.200000
922	0.600000
923	0.000000
924	0.300000
925	0.000000
926	0.100000
927	0.000000
928	0.000000
929	0.200000
930	0.100000
931	0.000000
932	0.050000
933	0.100000
934	0.300000
935	0.100000
936	0.200000
937	0.350000
938	0.000000
939	0.100000
940	0.100000
941	0.050000
942	0.000000
943	0.150000
944	0.100000
945	0.250000
946	0.100000
947	0.000000
948	0.350000
949	0.200000
950	0.000000
951	0.000000
952	0.200000
953	0.300000
954	0.050000
955	0.300000
956	0.150000
957	0.450000
958	0.100000
959	0.150000
960	0.150000
961	0.100000
962	0.050000
963	0.250000
964	0.100000
965	0.150000
966	0.000000
967	0.050000
968	0.050000
969	0.050000
970	0.050000
971	0.550000
972	0.050000
973	0.350000
974	0.150000
975	0.350000
976	0.000000
977	0.250000
978	0.000000
979	0.100000
980	0.400000
981	0.300000
982	0.000000
983	0.100000
984	0.350000
985	0.300000
986	0.000000
987	0.100000
988	0.450000
989	0.000000
990	0.050000
991	0.000000
992	0.050000
993	0.150000
994	0.150000
995	0.000000
996	0.250000
997	0.100000
998	0.150000
999	0.000000
1000	0.150000
1001	0.150000
1002	0.000000
1003	0.050000
1004	0.000000
1005	0.150000
1006	0.100000
1007	0.050000
1008	0.050000
1009	0.050000
1010	0.750000
1011	0.050000
1012	0.050000
1013	0.050000
1014	0.050000
1015	0.300000
1016	0.050000
1017	0.000000
1018	0.200000
1019	0.550000
1020	0.000000
1021	0.350000
1022	0.000000
1023	0.000000
1024	0.050000
1025	0.000000
1026	0.000000
1027	0.050000
1028	0.050000
1029	0.050000
1030	0.100000
1031	0.100000
1032	0.150000
1033	0.100000
1034	0.000000
1035	0.000000
1036	0.050000
1037	0.000000
1038	0.100000
1039	0.000000
1040	0.300000
1041	0.100000
1042	0.000000
1043	0.000000
1044	0.000000
1045	0.000000
1046	0.000000
1047	0.050000
1048	0.100000
1049	0.150000
1050	0.100000
1051	0.400000
1052	0.000000
1053	0.300000
1054	0.000000
1055	0.050000
1056	0.000000
1057	0.050000
1058	0.250000
1059	0.700000
1060	0.000000
1061	0.050000
1062	0.050000
1063	0.250000
1064	0.300000
1065	0.000000
1066	0.000000
1067	0.150000
1068	0.250000
1069	0.000000
1070	0.000000
1071	0.050000
1072	0.100000
1073	0.200000
1074	0.050000
1075	0.000000
1076	0.000000
1077	0.400000
1078	0.000000
1079	0.200000
1080	0.000000
1081	0.100000
1082	0.100000
1083	0.050000
1084	0.250000
1085	0.100000
1086	0.200000
1087	0.250000
1088	0.750000
1089	0.150000
1090	0.150000
1091	0.000000
1092	0.000000
1093	0.050000
1094	0.150000
1095	0.000000
1096	0.050000
1097	0.100000
1098	0.000000
1099	0.050000
1100	0.000000
1101	0.400000
1102	0.000000
1103	0.000000
1104	0.050000
1105	0.200000
1106	0.000000
1107	0.050000
1108	0.050000
1109	0.050000
1110	0.100000
1111	0.000000
1112	0.700000
1113	0.350000
1114	0.000000
1115	0.350000
1116	0.000000
1117	0.750000
1118	0.000000
1119	0.150000
1120	0.700000
1121	0.050000
1122	0.100000
1123	0.000000
1124	0.750000
1125	0.500000
1126	0.050000
1127	0.150000
1128	0.050000
1129	0.050000
1130	0.250000
1131	0.150000
1132	0.150000
1133	0.000000
1134	0.400000
1135	0.150000
1136	0.000000
1137	0.500000
1138	0.000000
1139	0.100000
1140	0.350000
1141	0.550000
1142	0.250000
1143	0.000000
1144	0.100000
1145	0.250000
1146	0.000000
1147	0.250000
1148	0.000000
1149	0.150000
1150	0.850000
1151	0.600000
1152	0.200000
1153	0.050000
1154	0.000000
1155	0.300000
1156	0.000000
1157	0.150000
1158	0.050000
1159	0.000000
1160	0.050000
1161	0.050000
1162	0.150000
1163	0.000000
1164	0.250000
1165	0.200000
1166	0.100000
1167	0.100000
1168	0.100000
1169	0.000000
1170	0.150000
1171	0.000000
1172	0.300000
1173	0.100000
1174	0.000000
1175	0.000000
1176	0.150000
1177	0.200000
1178	0.000000
1179	0.500000
1180	0.000000
1181	0.550000
1182	0.400000
1183	0.450000
1184	0.000000
1185	0.100000
1186	0.100000
1187	0.000000
1188	0.100000
1189	0.000000
1190	0.100000
1191	0.050000
1192	0.100000
1193	0.050000
1194	0.150000
1195	0.000000
1196	0.050000
1197	0.050000
1198	0.150000
1199	0.250000
1200	0.050000
1201	0.150000
1202	0.550000
1203	0.300000
1204	0.250000
1205	0.150000
1206	0.000000
1207	0.450000
1208	0.100000
1209	0.100000
1210	0.050000
1211	0.450000
1212	0.000000
1213	0.000000
1214	0.050000
1215	0.150000
1216	0.400000
1217	0.100000
1218	0.350000
1219	0.050000
1220	0.000000
1221	0.000000
1222	0.100000
1223	0.100000
1224	0.600000
1225	0.050000
1226	0.000000
1227	0.000000
1228	0.350000
1229	0.100000
1230	0.300000
1231	0.150000
1232	0.050000
1233	0.300000
1234	0.200000
1235	0.000000
1236	0.050000
1237	0.050000
1238	0.100000
1239	0.150000
1240	0.000000
1241	0.100000
1242	0.300000
1243	0.400000
1244	0.050000
1245	0.100000
1246	0.850000
1247	0.000000
1248	0.000000
1249	0.050000
1250	0.000000
1251	0.100000
1252	0.000000
1253	0.050000
1254	0.000000
1255	0.000000
1256	0.000000
1257	0.000000
1258	0.100000
1259	0.150000
1260	0.500000
1261	0.350000
1262	0.050000
1263	0.150000
1264	0.650000
1265	0.100000
1266	0.150000
1267	0.100000
1268	0.150000
1269	0.100000
1270	0.000000
1271	0.250000
1272	0.200000
1273	0.100000
1274	0.300000
1275	0.050000
1276	0.000000
1277	0.050000
1278	0.150000
1279	0.300000
1280	0.000000
1281	0.050000
1282	0.050000
1283	0.100000
1284	0.250000
1285	0.800000
1286	0.000000
1287	0.100000
1288	0.000000
1289	0.150000
1290	0.050000
1291	0.200000
1292	0.000000
1293	0.000000
1294	0.100000
1295	0.000000
1296	0.050000
1297	0.350000
1298	0.650000
1299	0.300000
1300	0.050000
1301	0.300000
1302	0.100000
1303	0.700000
1304	0.350000
1305	0.000000
1306	0.300000
1307	0.050000
1308	0.200000
1309	0.000000
1310	0.000000
1311	0.300000
1312	0.000000
1313	0.050000
1314	0.000000
1315	0.100000
1316	0.100000
1317	0.500000
1318	0.000000
1319	0.050000
1320	0.250000
1321	0.100000
1322	0.350000
1323	0.200000
1324	0.100000
1325	0.550000
1326	0.000000
1327	0.000000
1328	0.000000
1329	0.250000
1330	0.000000
1331	0.050000
1332	0.000000
1333	0.450000
1334	0.100000
1335	0.200000
1336	0.100000
1337	0.000000
1338	0.150000
1339	0.200000
1340	0.300000
1341	0.000000
1342	0.250000
1343	0.400000
1344	0.250000
1345	0.350000
1346	0.000000
1347	0.000000
1348	0.200000
1349	0.050000
1350	0.250000
1351	0.050000
1352	0.200000
1353	0.100000
1354	0.400000
1355	0.050000
1356	0.550000
1357	0.000000
1358	0.000000
1359	0.050000
1360	0.100000
1361	0.150000
1362	0.150000
1363	0.000000
1364	0.100000
1365	0.050000
1366	0.200000
1367	0.150000
1368	0.150000
1369	0.400000
1370	0.100000
1371	0.050000
1372	0.250000
1373	0.150000
1374	0.000000
1375	0.050000
1376	0.000000
1377	0.050000
1378	0.000000
1379	0.050000
1380	0.150000
1381	0.150000
1382	0.000000
1383	0.550000
1384	0.050000
1385	0.050000
1386	0.150000
1387	0.150000
1388	0.000000
1389	0.500000
1390	0.500000
1391	0.450000
1392	0.300000
1393	0.100000
1394	0.000000
1395	0.450000
1396	0.450000
1397	0.150000
1398	0.000000
1399	0.350000
1400	0.150000
1401	0.100000
1402	0.100000
1403	0.150000
1404	0.050000
1405	0.050000
1406	0.000000
1407	0.000000
1408	0.000000
1409	0.250000
1410	0.050000
1411	0.050000
1412	0.000000
1413	0.150000
1414	0.000000
1415	0.150000
1416	0.000000
1417	0.000000
1418	0.000000
1419	0.000000
1420	0.500000
1421	0.250000
1422	0.450000
1423	0.000000
1424	0.000000
1425	0.400000
1426	0.350000
1427	0.050000
1428	0.050000
1429	0.050000
1430	0.200000
1431	0.000000
1432	0.100000
1433	0.000000
1434	0.050000
1435	0.000000
1436	0.100000
1437	0.250000
1438	0.000000
1439	0.050000
1440	0.250000
1441	0.000000
1442	0.000000
1443	0.000000
1444	0.000000
1445	0.050000
1446	0.100000
1447	0.750000
1448	0.550000
1449	0.650000
1450	0.050000
1451	0.450000
1452	0.000000
1453	0.000000
1454	0.000000
1455	0.150000
1456	0.000000
1457	0.050000
1458	0.000000
1459	0.000000
1460	0.000000
1461	0.050000
1462	0.050000
1463	0.050000
1464	0.200000
1465	0.150000
1466	0.050000
1467	0.050000
1468	0.350000
1469	0.050000
1470	0.250000
1471	0.100000
1472	0.050000
1473	0.000000
1474	0.250000
1475	0.050000
1476	0.350000
1477	0.050000
1478	0.000000
1479	0.100000
1480	0.000000
1481	0.400000
1482	0.050000
1483	0.450000
1484	0.100000
1485	0.050000
1486	0.000000
1487	0.000000
1488	0.100000
1489	0.400000
1490	0.050000
1491	0.500000
1492	0.150000
1493	0.000000
1494	0.200000
1495	0.050000
1496	0.200000
1497	0.050000
1498	0.150000
1499	0.400000
1500	0.100000
1501	0.250000
1502	0.000000
1503	0.100000
1504	0.100000
1505	0.050000
1506	0.150000
1507	0.000000
1508	0.000000
1509	0.300000
1510	0.000000
1511	0.000000
1512	0.050000
1513	0.150000
1514	0.350000
1515	0.200000
1516	0.200000
1517	0.050000
1518	0.150000
1519	0.150000
1520	0.050000
1521	0.000000
1522	0.050000
1523	0.150000
1524	0.250000
1525	0.000000
1526	0.050000
1527	0.250000
1528	0.250000
1529	0.000000
1530	0.250000
1531	0.000000
1532	0.100000
1533	0.050000
1534	0.050000
1535	0.000000
1536	0.100000
1537	0.000000
1538	0.050000
1539	0.000000
1540	0.150000
1541	0.000000
1542	0.250000
1543	0.100000
1544	0.100000
1545	0.100000
1546	0.350000
1547	0.150000
1548	0.000000
1549	0.100000
1550	0.150000
1551	0.150000
1552	0.250000
1553	0.150000
1554	0.000000
1555	0.200000
1556	0.300000
1557	0.100000
1558	0.150000
1559	0.000000
1560	0.050000
1561	0.050000
1562	0.000000
1563	0.200000
1564	0.000000
1565	0.000000
1566	0.050000
1567	0.200000
1568	0.000000
1569	0.100000
1570	0.000000
1571	0.350000
1572	0.000000
1573	0.000000
1574	0.000000
1575	0.100000
1576	0.000000
1577	0.300000
1578	0.000000
1579	0.450000
1580	0.050000
1581	0.050000
1582	0.000000
1583	0.100000
1584	0.400000
1585	0.200000
1586	0.550000
1587	0.250000
1588	0.000000
1589	0.050000
1590	0.000000
1591	0.300000
1592	0.450000
1593	0.100000
1594	0.000000
1595	0.100000
1596	0.000000
1597	0.500000
1598	0.000000
1599	0.400000
1600	0.200000
1601	0.050000
1602	0.500000
1603	0.000000
1604	0.000000
1605	0.250000
1606	0.150000
1607	0.050000
1608	0.050000
1609	0.200000
1610	0.000000
1611	0.400000
1612	0.200000
1613	0.600000
1614	0.000000
1615	0.000000
1616	0.050000
1617	0.550000
1618	0.100000
1619	0.000000
1620	0.000000
1621	0.000000
1622	0.000000
1623	0.150000
1624	0.100000
1625	0.000000
1626	0.000000
1627	0.150000
1628	0.500000
1629	0.000000
1630	0.000000
1631	0.000000
1632	0.150000
1633	0.000000
1634	0.000000
1635	0.350000
1636	0.200000
1637	0.000000
1638	0.150000
1639	0.450000
1640	0.000000
1641	0.350000
1642	0.000000
1643	0.050000
1644	0.150000
1645	0.150000
1646	0.050000
1647	0.450000
1648	0.100000
1649	0.200000
1650	0.200000
1651	0.050000
1652	0.000000
1653	0.000000
1654	0.100000
1655	0.250000
1656	0.000000
1657	0.000000
1658	0.650000
1659	0.050000
1660	0.000000
1661	0.000000
1662	0.150000
1663	0.000000
1664	0.050000
1665	0.100000
1666	0.750000
1667	0.000000
1668	0.000000
1669	0.000000
1670	0.000000
1671	0.200000
1672	0.200000
1673	0.050000
1674	0.000000
1675	0.100000
1676	0.400000
1677	0.050000
1678	0.150000
1679	0.200000
1680	0.650000
1681	0.100000
1682	0.000000
1683	0.000000
1684	0.000000
1685	0.150000
1686	0.000000
1687	0.100000
1688	0.100000
1689	0.200000
1690	0.100000
1691	0.100000
1692	0.200000
1693	0.250000
1694	0.550000
1695	0.250000
1696	0.100000
1697	0.400000
1698	0.300000
1699	0.200000
1700	0.000000
1701	0.250000
1702	0.200000
1703	0.100000
1704	0.050000
1705	0.000000
1706	0.050000
1707	0.050000
1708	0.050000
1709	0.000000
1710	0.000000
1711	0.000000
1712	0.550000
1713	0.000000
1714	0.050000
1715	0.100000
1716	0.050000
1717	0.100000
1718	0.000000
1719	0.000000
1720	0.050000
1721	0.050000
1722	0.350000
1723	0.050000
1724	0.000000
1725	0.150000
1726	0.000000
1727	0.150000
1728	0.050000
1729	0.000000
1730	0.000000
1731	0.050000
1732	0.050000
1733	0.600000
1734	0.000000
1735	0.050000
1736	0.000000
1737	0.150000
1738	0.100000
1739	0.100000
1740	0.200000
1741	0.200000
1742	0.200000
1743	0.100000
1744	0.000000
1745	0.050000
1746	0.200000
1747	0.050000
1748	0.450000
1749	0.450000
1750	0.150000
1751	0.100000
1752	0.450000
1753	0.600000
1754	0.050000
1755	0.350000
1756	0.150000
1757	0.300000
1758	0.200000
1759	0.000000
1760	0.000000
1761	0.050000
1762	0.100000
1763	0.000000
1764	0.250000
1765	0.150000
1766	0.050000
1767	0.450000
1768	0.000000
1769	0.050000
1770	0.000000
1771	0.150000
1772	0.000000
1773	0.000000
1774	0.000000
1775	0.400000
1776	0.350000
1777	0.050000
1778	0.150000
1779	0.000000
1780	0.450000
1781	0.100000
1782	0.050000
1783	0.050000
1784	0.350000
1785	0.050000
1786	0.150000
1787	0.100000
1788	0.100000
1789	0.000000
1790	0.350000
1791	0.100000
1792	0.050000
1793	0.300000
1794	0.250000
1795	0.200000
1796	0.050000
1797	0.150000
1798	0.100000
1799	0.050000
1800	0.400000
1801	0.000000
1802	0.100000
1803	0.000000
1804	0.200000
1805	0.200000
1806	0.050000
1807	0.200000
1808	0.000000
1809	0.050000
1810	0.000000
1811	0.050000
1812	0.550000
1813	0.000000
1814	0.050000
1815	0.050000
1816	0.050000
1817	0.300000
1818	0.050000
1819	0.250000
1820	0.600000
1821	0.000000
1822	0.300000
1823	0.000000
1824	0.050000
1825	0.100000
1826	0.000000
1827	0.200000
1828	0.400000
1829	0.150000
1830	0.100000
1831	0.350000
1832	0.000000
1833	0.100000
1834	0.000000
1835	0.700000
1836	0.350000
1837	0.450000
1838	0.000000
1839	0.050000
1840	0.000000
1841	0.000000
1842	0.100000
1843	0.150000
1844	0.000000
1845	0.000000
1846	0.050000
1847	0.050000
1848	0.000000
1849	0.100000
1850	0.250000
1851	0.350000
1852	0.100000
1853	0.050000
1854	0.350000
1855	0.050000
1856	0.200000
1857	0.200000
1858	0.200000
1859	0.050000
1860	0.150000
1861	0.250000
1862	0.100000
1863	0.150000
1864	0.000000
1865	0.150000
1866	0.150000
1867	0.000000
1868	0.100000
1869	0.050000
1870	0.100000
1871	0.150000
1872	0.050000
1873	0.300000
1874	0.150000
1875	0.550000
1876	0.150000
1877	0.000000
1878	0.000000
1879	0.600000
1880	0.650000
1881	0.000000
1882	0.300000
1883	0.100000
1884	0.550000
1885	0.000000
1886	0.050000
1887	0.250000
1888	0.050000
1889	0.200000
1890	0.350000
1891	0.400000
1892	0.000000
1893	0.000000
1894	0.000000
1895	0.100000
1896	0.200000
1897	0.300000
1898	0.050000
1899	0.650000
1900	0.050000
1901	0.200000
1902	0.000000
1903	0.500000
1904	0.200000
1905	0.100000
1906	0.100000
1907	0.000000
1908	0.100000
1909	0.100000
1910	0.000000
1911	0.100000
1912	0.550000
1913	0.050000
1914	0.050000
1915	0.000000
1916	0.200000
1917	0.100000
1918	0.050000
1919	0.000000
1920	0.350000
1921	0.000000
1922	0.300000
1923	0.000000
1924	0.000000
1925	0.300000
1926	0.100000
1927	0.050000
1928	0.000000
1929	0.000000
1930	0.100000
1931	0.000000
1932	0.100000
1933	0.000000
1934	0.000000
1935	0.000000
1936	0.000000
1937	0.150000
1938	0.050000
1939	0.300000
1940	0.050000
1941	0.650000
1942	0.000000
1943	0.250000
1944	0.000000
1945	0.150000
1946	0.050000
1947	0.050000
1948	0.000000
1949	0.200000
1950	0.000000
1951	0.050000
1952	0.000000
1953	0.050000
1954	0.000000
1955	0.050000
1956	0.000000
1957	0.100000
1958	0.500000
1959	0.000000
1960	0.050000
1961	0.050000
1962	0.050000
1963	0.000000
1964	0.000000
1965	0.200000
1966	0.000000
1967	0.050000
1968	0.350000
1969	0.150000
1970	0.000000
1971	0.100000
1972	0.200000
1973	0.150000
1974	0.250000
1975	0.000000
1976	0.100000
1977	0.150000
1978	0.200000
1979	0.000000
1980	0.900000
1981	0.050000
1982	0.100000
1983	0.350000
1984	0.150000
1985	0.000000
1986	0.050000
1987	0.000000
1988	0.300000
1989	0.000000
1990	0.000000
1991	0.100000
1992	0.050000
1993	0.000000
1994	0.050000
1995	0.200000
1996	0.350000
1997	0.000000
1998	0.450000
1999	0.150000
2000	0.100000
2001	0.000000
2002	0.050000
2003	0.000000
2004	0.000000
2005	0.050000
2006	0.000000
2007	0.100000
2008	0.200000
2009	0.150000
2010	0.600000
2011	0.150000
2012	0.150000
2013	0.050000
2014	0.200000
2015	0.750000
2016	0.500000
2017	0.350000
2018	0.050000
2019	0.050000
2020	0.500000
2021	0.000000
2022	0.250000
2023	0.250000
2024	0.000000
2025	0.350000
2026	0.050000
2027	0.150000
2028	0.050000
2029	0.150000
2030	0.400000
2031	0.050000
2032	0.050000
2033	0.000000
2034	0.000000
2035	0.300000
2036	0.050000
2037	0.000000
2038	0.400000
2039	0.200000
2040	0.100000
2041	0.700000
2042	0.450000
2043	0.050000
2044	0.100000
2045	0.000000
2046	0.300000
2047	0.400000
2048	0.050000
2049	0.000000
2050	0.350000
2051	0.150000
2052	0.000000
2053	0.050000
2054	0.400000
2055	0.050000
2056	0.450000
2057	0.100000
2058	0.100000
2059	0.200000
2060	0.250000
2061	0.000000
2062	0.000000
2063	0.550000
2064	0.000000
2065	0.100000
2066	0.100000
2067	0.100000
2068	0.150000
2069	0.050000
2070	0.350000
2071	0.400000
2072	0.050000
2073	0.650000
2074	0.050000
2075	0.000000
2076	0.100000
2077	0.500000
2078	0.100000
2079	0.050000
2080	0.050000
2081	0.000000
2082	0.150000
2083	0.050000
2084	0.150000
2085	0.000000
2086	0.000000
2087	0.000000
2088	0.050000
2089	0.050000
2090	0.100000
2091	0.000000
2092	0.300000
2093	0.050000
2094	0.050000
2095	0.100000
2096	0.400000
2097	0.300000
2098	0.200000
2099	0.000000
2100	0.350000
2101	0.050000
2102	0.350000
2103	0.150000
2104	0.050000
2105	0.550000
2106	0.500000
2107	0.100000
2108	0.050000
2109	0.100000
2110	0.050000
2111	0.050000
2112	0.100000
2113	0.000000
2114	0.250000
2115	0.200000
2116	0.450000
2117	0.050000
2118	0.050000
2119	0.150000
2120	0.050000
2121	0.000000
2122	0.300000
2123	0.000000
2124	0.050000
2125	0.150000
2126	0.050000
2127	0.150000
2128	0.050000
2129	0.000000
2130	0.050000
2131	0.400000
2132	0.000000
2133	0.000000
2134	0.050000
2135	0.100000
2136	0.000000
2137	0.050000
2138	0.000000
2139	0.050000
2140	0.250000
2141	0.000000
2142	0.000000
2143	0.150000
2144	0.000000
2145	0.150000
2146	0.100000
2147	0.000000
2148	0.000000
2149	0.050000
2150	0.000000
2151	0.050000
2152	0.000000
2153	0.300000
2154	0.100000
2155	0.000000
2156	0.050000
2157	0.050000
2158	0.350000
2159	0.000000
2160	0.050000
2161	0.050000
2162	0.100000
2163	0.150000
2164	0.100000
2165	0.500000
2166	0.300000
2167	0.000000
2168	0.150000
2169	0.050000
2170	0.000000
2171	0.150000
2172	0.200000
2173	0.150000
2174	0.000000
2175	0.450000
2176	0.150000
2177	0.350000
2178	0.200000
2179	0.000000
2180	0.100000
2181	0.650000
2182	0.000000
2183	0.050000
2184	0.050000
2185	0.600000
2186	0.200000
2187	0.050000
2188	0.300000
2189	0.050000
2190	0.400000
2191	0.000000
2192	0.050000
2193	0.050000
2194	0.100000
2195	0.000000
2196	0.000000
2197	0.000000
2198	0.000000
2199	0.000000
2200	0.000000
2201	0.150000
2202	0.000000
2203	0.100000
2204	0.000000
2205	0.450000
2206	0.150000
2207	0.000000
2208	0.250000
2209	0.000000
2210	0.000000
2211	0.000000
2212	0.200000
2213	0.050000
2214	0.050000
2215	0.150000
2216	0.000000
2217	0.000000
2218	0.000000
2219	0.000000
2220	0.050000
2221	0.200000
2222	0.000000
2223	0.000000
2224	0.000000
2225	0.300000
2226	0.050000
2227	0.200000
2228	0.000000
2229	0.050000
2230	0.000000
2231	0.150000
2232	0.050000
2233	0.050000
2234	0.000000
2235	0.200000
2236	0.000000
2237	0.000000
2238	0.000000
2239	0.150000
2240	0.400000
2241	0.000000
2242	0.350000
2243	0.000000
2244	0.500000
2245	0.000000
2246	0.200000
2247	0.350000
2248	0.050000
2249	0.050000
2250	0.050000
2251	0.000000
2252	0.000000
2253	0.000000
2254	0.000000
2255	0.100000
2256	0.100000
2257	0.100000
2258	0.050000
2259	0.100000
2260	0.000000
2261	0.150000
2262	0.400000
2263	0.200000
2264	0.150000
2265	0.050000
2266	0.100000
2267	0.000000
2268	0.000000
2269	0.000000
2270	0.200000
2271	0.300000
2272	0.200000
2273	0.000000
2274	0.100000
2275	0.050000
2276	0.050000
2277	0.050000
2278	0.050000
2279	0.000000
2280	0.000000
2281	0.150000
2282	0.200000
2283	0.050000
2284	0.100000
2285	0.150000
2286	0.100000
2287	0.050000
2288	0.650000
2289	0.200000
2290	0.050000
2291	0.000000
2292	0.100000
2293	0.100000
2294	0.050000
2295	0.000000
2296	0.050000
2297	0.050000
2298	0.200000
2299	0.000000
2300	0.100000
2301	0.000000
2302	0.400000
2303	0.350000
2304	0.400000
2305	0.000000
2306	0.000000
2307	0.300000
2308	0.100000
2309	0.050000
2310	0.250000
2311	0.000000
2312	0.000000
2313	0.000000
2314	0.050000
2315	0.000000
2316	0.050000
2317	0.100000
2318	0.050000
2319	0.050000
2320	0.000000
2321	0.150000
2322	0.100000
2323	0.200000
2324	0.050000
2325	0.000000
2326	0.000000
2327	0.000000
2328	0.000000
2329	0.000000
2330	0.200000
2331	0.050000
2332	0.000000
2333	0.000000
2334	0.250000
2335	0.050000
2336	0.000000
2337	0.000000
2338	0.400000
2339	0.000000
2340	0.450000
2341	0.150000
2342	0.300000
2343	0.000000
2344	0.350000
2345	0.050000
2346	0.050000
2347	0.100000
2348	0.150000
2349	0.050000
2350	0.050000
2351	0.250000
2352	0.000000
2353	0.100000
2354	0.050000
2355	0.150000
2356	0.000000
2357	0.000000
2358	0.100000
2359	0.050000
2360	0.000000
2361	0.000000
2362	0.000000
2363	0.050000
2364	0.000000
2365	0.100000
2366	0.050000
2367	0.050000
2368	0.000000
2369	0.000000
2370	0.200000
2371	0.150000
2372	0.100000
2373	0.000000
2374	0.300000
2375	0.000000
2376	0.450000
2377	0.050000
2378	0.300000
2379	0.100000
2380	0.300000
2381	0.000000
2382	0.100000
2383	0.350000
2384	0.050000
2385	0.100000
2386	0.100000
2387	0.000000
2388	0.050000
2389	0.000000
2390	0.050000
2391	0.400000
2392	0.050000
2393	0.450000
2394	0.050000
2395	0.200000
2396	0.000000
2397	0.000000
2398	0.000000
2399	0.050000
2400	0.300000
2401	0.250000
2402	0.100000
2403	0.450000
2404	0.250000
2405	0.100000
2406	0.150000
2407	0.100000
2408	0.000000
2409	0.250000
2410	0.000000
2411	0.150000
2412	0.000000
2413	0.000000
2414	0.300000
2415	0.050000
2416	0.050000
2417	0.000000
2418	0.000000
2419	0.500000
2420	0.050000
2421	0.200000
2422	0.000000
2423	0.050000
2424	0.250000
2425	0.050000
2426	0.050000
2427	0.000000
2428	0.050000
2429	0.050000
2430	0.000000
2431	0.150000
2432	0.150000
2433	0.000000
2434	0.050000
2435	0.250000
2436	0.300000
2437	0.000000
2438	0.150000
2439	0.050000
2440	0.000000
2441	0.000000
2442	0.000000
2443	0.000000
2444	0.000000
2445	0.000000
2446	0.600000
2447	0.000000
2448	0.150000
2449	0.050000
2450	0.050000
2451	0.050000
2452	0.000000
2453	0.500000
2454	0.100000
2455	0.050000
2456	0.000000
2457	0.550000
2458	0.050000
2459	0.100000
2460	0.050000
2461	0.250000
2462	0.300000
2463	0.050000
2464	0.050000
2465	0.300000
2466	0.050000
2467	0.100000
2468	0.200000
2469	0.300000
2470	0.000000
2471	0.050000
2472	0.200000
2473	0.000000
2474	0.100000
2475	0.000000
2476	0.050000
2477	0.150000
2478	0.350000
2479	0.000000
2480	0.150000
2481	0.050000
2482	0.050000
2483	0.000000
2484	0.750000
2485	0.250000
2486	0.100000
2487	0.050000
2488	0.050000
2489	0.250000
2490	0.000000
2491	0.300000
2492	0.350000
2493	0.150000
2494	0.050000
2495	0.000000
2496	0.600000
2497	0.000000
2498	0.000000
2499	0.000000
2500	0.150000
2501	0.150000
2502	0.000000
2503	0.000000
2504	0.400000
2505	0.150000
2506	0.300000
2507	0.500000
2508	0.050000
2509	0.100000
2510	0.050000
2511	0.000000
2512	0.100000
2513	0.050000
2514	0.000000
2515	0.000000
2516	0.000000
2517	0.200000
2518	0.050000
2519	0.000000
2520	0.000000
2521	0.150000
2522	0.000000
2523	0.100000
2524	0.000000
2525	0.050000
2526	0.250000
2527	0.050000
2528	0.050000
2529	0.500000
2530	0.050000
2531	0.050000
2532	0.000000
2533	0.000000
2534	0.050000
2535	0.150000
2536	0.000000
2537	0.650000
2538	0.050000
2539	0.000000
2540	0.000000
2541	0.000000
2542	0.050000
2543	0.000000
2544	0.550000
2545	0.100000
2546	0.000000
2547	0.350000
2548	0.050000
2549	0.050000
2550	0.000000
2551	0.000000
2552	0.000000
2553	0.000000
2554	0.000000
2555	0.250000
2556	0.100000
2557	0.100000
2558	0.000000
2559	0.150000
2560	0.050000
2561	0.100000
2562	0.100000
2563	0.000000
2564	0.050000
2565	0.250000
2566	0.350000
2567	0.300000
2568	0.050000
2569	0.000000
2570	0.150000
2571	0.000000
2572	0.500000
2573	0.200000
2574	0.100000
2575	0.100000
2576	0.000000
2577	0.000000
2578	0.150000
2579	0.150000
2580	0.000000
2581	0.050000
2582	0.000000
2583	0.200000
2584	0.000000
2585	0.200000
2586	0.000000
2587	0.000000
2588	0.000000
2589	0.200000
2590	0.200000
2591	0.200000
2592	0.200000
2593	0.200000
2594	0.250000
2595	0.100000
2596	0.050000
2597	0.000000
2598	0.100000
2599	0.250000
2600	0.050000
2601	0.000000
2602	0.100000
2603	0.000000
2604	0.200000
2605	0.300000
2606	0.000000
2607	0.150000
2608	0.200000
2609	0.100000
2610	0.000000
2611	0.450000
2612	0.100000
2613	0.050000
2614	0.000000
2615	0.200000
2616	0.050000
2617	0.000000
2618	0.000000
2619	0.450000
2620	0.550000
2621	0.600000
2622	0.000000
2623	0.000000
2624	0.250000
2625	0.000000
2626	0.050000
2627	0.300000
2628	0.050000
2629	0.400000
2630	0.000000
2631	0.050000
2632	0.000000
2633	0.000000
2634	0.200000
2635	0.000000
2636	0.000000
2637	0.100000
2638	0.500000
2639	0.000000
2640	0.000000
2641	0.400000
2642	0.000000
2643	0.300000
2644	0.100000
2645	0.150000
2646	0.100000
2647	0.050000
2648	0.300000
2649	0.150000
2650	0.050000
2651	0.050000
2652	0.050000
2653	0.050000
2654	0.000000
2655	0.000000
2656	0.200000
2657	0.100000
2658	0.050000
2659	0.200000
2660	0.000000
2661	0.000000
2662	0.000000
2663	0.300000
2664	0.300000
2665	0.450000
2666	0.150000
2667	0.000000
2668	0.000000
2669	0.100000
2670	0.200000
2671	0.000000
2672	0.100000
2673	0.050000
2674	0.050000
2675	0.100000
2676	0.050000
2677	0.000000
2678	0.100000
2679	0.350000
2680	0.150000
2681	0.000000
2682	0.050000
2683	0.150000
2684	0.250000
2685	0.350000
2686	0.000000
2687	0.000000
2688	0.400000
2689	0.150000
2690	0.150000
2691	0.550000
2692	0.000000
2693	0.100000
2694	0.000000
2695	0.100000
2696	0.000000
2697	0.000000
2698	0.000000
2699	0.250000
2700	0.050000
2701	0.050000
2702	0.150000
2703	0.100000
2704	0.000000
2705	0.150000
2706	0.150000
2707	0.000000
2708	0.000000
2709	0.050000
2710	0.000000
2711	0.050000
2712	0.000000
2713	0.150000
2714	0.050000
2715	0.100000
2716	0.200000
2717	0.100000
2718	0.000000
2719	0.000000
2720	0.000000
2721	0.000000
2722	0.150000
2723	0.000000
2724	0.050000
2725	0.000000
2726	0.050000
2727	0.000000
2728	0.150000
2729	0.100000
2730	0.100000
2731	0.250000
2732	0.050000
2733	0.000000
2734	0.050000
2735	0.000000
2736	0.000000
2737	0.150000
2738	0.000000
2739	0.000000
2740	0.300000
2741	0.050000
2742	0.150000
2743	0.000000
2744	0.050000
2745	0.250000
2746	0.050000
2747	0.250000
2748	0.100000
2749	0.200000
2750	0.300000
2751	0.100000
2752	0.200000
2753	0.300000
2754	0.000000
2755	0.050000
2756	0.400000
2757	0.000000
2758	0.000000
2759	0.050000
2760	0.200000
2761	0.550000
2762	0.050000
2763	0.050000
2764	0.250000
2765	0.100000
2766	0.150000
2767	0.050000
2768	0.050000
2769	0.100000
2770	0.100000
2771	0.350000
2772	0.150000
2773	0.100000
2774	0.250000
2775	0.050000
2776	0.200000
2777	0.150000
2778	0.050000
2779	0.150000
2780	0.000000
2781	0.200000
2782	0.000000
2783	0.050000
2784	0.100000
2785	0.200000
2786	0.400000
2787	0.200000
2788	0.000000
2789	0.300000
2790	0.250000
2791	0.000000
2792	0.050000
2793	0.550000
2794	0.300000
2795	0.000000
2796	0.500000
2797	0.000000
2798	0.050000
2799	0.050000
2800	0.000000
2801	0.100000
2802	0.100000
2803	0.100000
2804	0.250000
2805	0.100000
2806	0.050000
2807	0.450000
2808	0.150000
2809	0.200000
2810	0.300000
2811	0.050000
2812	0.050000
2813	0.050000
2814	0.250000
2815	0.000000
2816	0.050000
2817	0.400000
2818	0.700000
2819	0.000000
2820	0.450000
2821	0.100000
2822	0.150000
2823	0.050000
2824	0.200000
2825	0.150000
2826	0.300000
2827	0.100000
2828	0.000000
2829	0.000000
2830	0.150000
2831	0.100000
2832	0.100000
2833	0.050000
2834	0.000000
2835	0.050000
2836	0.050000
2837	0.300000
2838	0.100000
2839	0.000000
2840	0.250000
2841	0.300000
2842	0.200000
2843	0.000000
2844	0.150000
2845	0.100000
2846	0.050000
2847	0.250000
2848	0.150000
2849	0.150000
2850	0.000000
2851	0.050000
2852	0.000000
2853	0.050000
2854	0.150000
2855	0.200000
2856	0.100000
2857	0.250000
2858	0.000000
2859	0.050000
2860	0.400000
2861	0.000000
2862	0.150000
2863	0.000000
2864	0.050000
2865	0.150000
2866	0.200000
2867	0.000000
2868	0.450000
2869	0.000000
2870	0.100000
2871	0.000000
2872	0.300000
2873	0.300000
2874	0.050000
2875	0.050000
2876	0.100000
2877	0.100000
2878	0.450000
2879	0.000000
2880	0.100000
2881	0.050000
2882	0.050000
2883	0.050000
2884	0.000000
2885	0.000000
2886	0.000000
2887	0.550000
2888	0.300000
2889	0.100000
2890	0.050000
2891	0.050000
2892	0.050000
2893	0.050000
2894	0.000000
2895	0.300000
2896	0.250000
2897	0.300000
2898	0.200000
2899	0.300000
2900	0.450000
2901	0.100000
2902	0.100000
2903	0.250000
2904	0.000000
2905	0.250000
2906	0.200000
2907	0.550000
2908	0.000000
2909	0.550000
2910	0.250000
2911	0.150000
2912	0.050000
2913	0.200000
2914	0.100000
2915	0.200000
2916	0.100000
2917	0.100000
2918	0.400000
2919	0.100000
2920	0.050000
2921	0.000000
2922	0.100000
2923	0.100000
2924	0.150000
2925	0.000000
2926	0.050000
2927	0.100000
2928	0.300000
2929	0.400000
2930	0.000000
2931	0.200000
2932	0.000000
2933	0.350000
2934	0.150000
2935	0.000000
2936	0.000000
2937	0.100000
2938	0.300000
2939	0.350000
2940	0.050000
2941	0.200000
2942	0.000000
2943	0.200000
2944	0.200000
2945	0.050000
2946	0.300000
2947	0.100000
2948	0.050000
2949	0.000000
2950	0.000000
2951	0.200000
2952	0.300000
2953	0.100000
2954	0.000000
2955	0.300000
2956	0.000000
2957	0.100000
2958	0.050000
2959	0.000000
2960	0.100000
2961	0.050000
2962	0.150000
2963	0.100000
2964	0.150000
2965	0.100000
2966	0.250000
2967	0.150000
2968	0.000000
2969	0.450000
2970	0.000000
2971	0.000000
2972	0.000000
2973	0.100000
2974	0.250000
2975	0.100000
2976	0.100000
2977	0.000000
2978	0.000000
2979	0.050000
2980	0.150000
2981	0.050000
2982	0.000000
2983	0.000000
2984	0.100000
2985	0.050000
2986	0.400000
2987	0.050000
2988	0.050000
2989	0.250000
2990	0.100000
2991	0.100000
2992	0.000000
2993	0.150000
2994	0.000000
2995	0.300000
2996	0.100000
2997	0.350000
2998	0.000000
2999	0.000000
3000	0.050000
3001	0.100000
3002	0.150000
3003	0.100000
3004	0.100000
3005	0.050000
3006	0.250000
3007	0.050000
3008	0.000000
3009	0.000000
3010	0.050000
3011	0.200000
3012	0.400000
3013	0.050000
3014	0.100000
3015	0.000000
3016	0.050000
3017	0.400000
3018	0.600000
3019	0.100000
3020	0.100000
3021	0.050000
3022	0.200000
3023	0.100000
3024	0.050000
3025	0.000000
3026	0.000000
3027	0.050000
3028	0.000000
3029	0.600000
3030	0.000000
3031	0.050000
3032	0.200000
3033	0.400000
3034	0.050000
3035	0.300000
3036	0.100000
3037	0.000000
3038	0.100000
3039	0.000000
3040	0.050000
3041	0.100000
3042	0.000000
3043	0.000000
3044	0.000000
3045	0.500000
3046	0.000000
3047	0.050000
3048	0.300000
3049	0.000000
3050	0.000000
3051	0.300000
3052	0.000000
3053	0.150000
3054	0.400000
3055	0.150000
3056	0.300000
3057	0.250000
3058	0.300000
3059	0.250000
3060	0.000000
3061	0.150000
3062	0.100000
3063	0.200000
3064	0.250000
3065	0.250000
3066	0.050000
3067	0.400000
3068	0.150000
3069	0.300000
3070	0.100000
3071	0.000000
3072	0.200000
3073	0.150000
3074	0.150000
3075	0.250000
3076	0.050000
3077	0.250000
3078	0.050000
3079	0.250000
3080	0.500000
3081	0.550000
3082	0.150000
3083	0.050000
3084	0.050000
3085	0.000000
3086	0.100000
3087	0.250000
3088	0.050000
3089	0.050000
3090	0.200000
3091	0.100000
3092	0.000000
3093	0.050000
3094	0.050000
3095	0.100000
3096	0.200000
3097	0.050000
3098	0.200000
3099	0.100000
3100	0.100000
3101	0.200000
3102	0.050000
3103	0.150000
3104	0.050000
3105	0.250000
3106	0.100000
3107	0.050000
3108	0.550000
3109	0.000000
3110	0.400000
3111	0.000000
3112	0.300000
3113	0.050000
3114	0.100000
3115	0.000000
3116	0.200000
3117	0.100000
3118	0.700000
3119	0.100000
3120	0.000000
3121	0.250000
3122	0.050000
3123	0.050000
3124	0.000000
3125	0.200000
3126	0.100000
3127	0.000000
3128	0.150000
3129	0.750000
3130	0.200000
3131	0.050000
3132	0.000000
3133	0.000000
3134	0.150000
3135	0.000000
3136	0.150000
3137	0.000000
3138	0.300000
3139	0.000000
3140	0.400000
3141	0.100000
3142	0.250000
3143	0.550000
3144	0.000000
3145	0.250000
3146	0.100000
3147	0.350000
3148	0.400000
3149	0.000000
3150	0.050000
3151	0.300000
3152	0.000000
3153	0.000000
3154	0.200000
3155	0.100000
3156	0.000000
3157	0.300000
3158	0.300000
3159	0.150000
3160	0.200000
3161	0.250000
3162	0.050000
3163	0.700000
3164	0.000000
3165	0.100000
3166	0.200000
3167	0.150000
3168	0.000000
3169	0.200000
3170	0.000000
3171	0.050000
3172	0.200000
3173	0.250000
3174	0.100000
3175	0.100000
3176	0.000000
3177	0.100000
3178	0.300000
3179	0.000000
3180	0.200000
3181	0.000000
3182	0.350000
3183	0.050000
3184	0.150000
3185	0.100000
3186	0.100000
3187	0.050000
3188	0.050000
3189	0.100000
3190	0.100000
3191	0.150000
3192	0.450000
3193	0.250000
3194	0.050000
3195	0.300000
3196	0.250000
3197	0.000000
3198	0.100000
3199	0.250000
3200	0.150000
3201	0.200000
3202	0.050000
3203	0.350000
3204	0.050000
3205	0.650000
3206	0.000000
3207	0.150000
3208	0.250000
3209	0.000000
3210	0.050000
3211	0.000000
3212	0.150000
3213	0.150000
3214	0.050000
3215	0.000000
3216	0.300000
3217	0.450000
3218	0.050000
3219	0.150000
3220	0.050000
3221	0.050000
3222	0.100000
3223	0.050000
3224	0.450000
3225	0.050000
3226	0.300000
3227	0.100000
3228	0.150000
3229	0.200000
3230	0.150000
3231	0.350000
3232	0.000000
3233	0.000000
3234	0.000000
3235	0.000000
3236	0.050000
3237	0.150000
3238	0.050000
3239	0.050000
3240	0.350000
3241	0.000000
3242	0.200000
3243	0.250000
3244	0.100000
3245	0.000000
3246	0.150000
3247	0.100000
3248	0.050000
3249	0.000000
3250	0.200000
3251	0.050000
3252	0.000000
3253	0.150000
3254	0.050000
3255	0.000000
3256	0.200000
3257	0.100000
3258	0.050000
3259	0.650000
3260	0.350000
3261	0.150000
3262	0.000000
3263	0.150000
3264	0.000000
3265	0.500000
3266	0.100000
3267	0.200000
3268	0.300000
3269	0.350000
3270	0.200000
3271	0.150000
3272	0.150000
3273	0.000000
3274	0.150000
3275	0.050000
3276	0.000000
3277	0.300000
3278	0.000000
3279	0.050000
3280	0.450000
3281	0.600000
3282	0.000000
3283	0.000000
3284	0.000000
3285	0.200000
3286	0.000000
3287	0.050000
3288	0.100000
3289	0.100000
3290	0.050000
3291	0.100000
3292	0.500000
3293	0.050000
3294	0.000000
3295	0.050000
3296	0.050000
3297	0.100000
3298	0.000000
3299	0.300000
3300	0.300000
3301	0.150000
3302	0.250000
3303	0.100000
3304	0.100000
3305	0.000000
3306	0.150000
3307	0.050000
3308	0.450000
3309	0.100000
3310	0.000000
3311	0.600000
3312	0.350000
3313	0.500000
3314	0.050000
3315	0.050000
3316	0.300000
3317	0.300000
3318	0.100000
3319	0.000000
3320	0.150000
3321	0.100000
3322	0.100000
3323	0.250000
3324	0.050000
3325	0.000000
3326	0.000000
3327	0.250000
3328	0.000000
3329	0.100000
3330	0.100000
3331	0.300000
3332	0.050000
3333	0.400000
3334	0.050000
3335	0.050000
3336	0.500000
3337	0.300000
3338	0.100000
3339	0.200000
3340	0.100000
3341	0.100000
3342	0.000000
3343	0.050000
3344	0.150000
3345	0.050000
3346	0.100000
3347	0.150000
3348	0.000000
3349	0.100000
3350	0.100000
3351	0.000000
3352	0.000000
3353	0.350000
3354	0.150000
3355	0.000000
3356	0.350000
3357	0.300000
3358	0.550000
3359	0.050000
3360	0.000000
3361	0.100000
3362	0.000000
3363	0.150000
3364	0.050000
3365	0.000000
3366	0.000000
3367	0.300000
3368	0.100000
3369	0.000000
3370	0.050000
3371	0.500000
3372	0.050000
3373	0.050000
3374	0.050000
3375	0.000000
3376	0.000000
3377	0.000000
3378	0.100000
3379	0.050000
3380	0.250000
3381	0.050000
3382	0.000000
3383	0.100000
3384	0.100000
3385	0.000000
3386	0.000000
3387	0.100000
3388	0.000000
3389	0.600000
3390	0.100000
3391	0.750000
3392	0.250000
3393	0.350000
3394	0.250000
3395	0.050000
3396	0.000000
3397	0.000000
3398	0.050000
3399	0.150000
3400	0.350000
3401	0.350000
3402	0.200000
3403	0.050000
3404	0.050000
3405	0.100000
3406	0.050000
3407	0.150000
3408	0.150000
3409	0.000000
3410	0.650000
3411	0.600000
3412	0.350000
3413	0.100000
3414	0.500000
3415	0.150000
3416	0.350000
3417	0.050000
3418	0.250000
3419	0.250000
3420	0.300000
3421	0.050000
3422	0.100000
3423	0.400000
3424	0.050000
3425	0.400000
3426	0.150000
3427	0.000000
3428	0.100000
3429	0.050000
3430	0.300000
3431	0.050000
3432	0.000000
3433	0.250000
3434	0.350000
3435	0.150000
3436	0.100000
3437	0.100000
3438	0.050000
3439	0.000000
3440	0.100000
3441	0.450000
3442	0.600000
3443	0.000000
3444	0.000000
3445	0.250000
3446	0.000000
3447	0.300000
3448	0.100000
3449	0.250000
3450	0.200000
3451	0.250000
3452	0.200000
3453	0.350000
3454	0.350000
3455	0.050000
3456	0.200000
3457	0.150000
3458	0.000000
3459	0.000000
3460	0.300000
3461	0.100000
3462	0.600000
3463	0.100000
3464	0.400000
3465	0.050000
3466	0.050000
3467	0.100000
3468	0.100000
3469	0.300000
3470	0.000000
3471	0.500000
3472	0.050000
3473	0.000000
3474	0.550000
3475	0.700000
3476	0.000000
3477	0.000000
3478	0.000000
3479	0.150000
3480	0.000000
3481	0.400000
3482	0.250000
3483	0.200000
3484	0.050000
3485	0.150000
3486	0.000000
3487	0.500000
3488	0.000000
3489	0.400000
3490	0.200000
3491	0.250000
3492	0.000000
3493	0.300000
3494	0.000000
3495	0.050000
3496	0.050000
3497	0.100000
3498	0.000000
3499	0.200000
3500	0.050000
3501	0.200000
3502	0.250000
3503	0.400000
3504	0.150000
3505	0.050000
3506	0.150000
3507	0.600000
3508	0.100000
3509	0.400000
3510	0.150000
3511	0.150000
3512	0.300000
3513	0.200000
3514	0.150000
3515	0.150000
3516	0.300000
3517	0.100000
3518	0.200000
3519	0.150000
3520	0.200000
3521	0.050000
3522	0.050000
3523	0.200000
3524	0.000000
3525	0.050000
3526	0.350000
3527	0.050000
3528	0.000000
3529	0.350000
3530	0.000000
3531	0.100000
3532	0.050000
3533	0.050000
3534	0.150000
3535	0.050000
3536	0.100000
3537	0.000000
3538	0.000000
3539	0.750000
3540	0.300000
3541	0.000000
3542	0.000000
3543	0.000000
3544	0.000000
3545	0.050000
3546	0.200000
3547	0.150000
3548	0.000000
3549	0.000000
3550	0.300000
3551	0.100000
3552	0.000000
3553	0.000000
3554	0.000000
3555	0.000000
3556	0.550000
3557	0.400000
3558	0.350000
3559	0.050000
3560	0.000000
3561	0.250000
3562	0.700000
3563	0.000000
3564	0.150000
3565	0.350000
3566	0.050000
3567	0.250000
3568	0.100000
3569	0.100000
3570	0.000000
3571	0.100000
3572	0.050000
3573	0.050000
3574	0.000000
3575	0.000000
3576	0.300000
3577	0.050000
3578	0.250000
3579	0.150000
3580	0.300000
3581	0.050000
3582	0.000000
3583	0.000000
3584	0.000000
3585	0.000000
3586	0.100000
3587	0.050000
3588	0.250000
3589	0.400000
3590	0.550000
3591	0.200000
3592	0.300000
3593	0.050000
3594	0.200000
3595	0.050000
3596	0.050000
3597	0.000000
3598	0.100000
3599	0.250000
3600	0.250000
3601	0.100000
3602	0.050000
3603	0.050000
3604	0.050000
3605	0.300000
3606	0.050000
3607	0.100000
3608	0.000000
3609	0.000000
3610	0.150000
3611	0.000000
3612	0.150000
3613	0.000000
3614	0.300000
3615	0.150000
3616	0.000000
3617	0.000000
3618	0.700000
3619	0.000000
3620	0.300000
3621	0.400000
3622	0.050000
3623	0.000000
3624	0.400000
3625	0.000000
3626	0.600000
3627	0.000000
3628	0.000000
3629	0.150000
3630	0.200000
3631	0.000000
3632	0.000000
3633	0.150000
3634	0.000000
3635	0.100000
3636	0.000000
3637	0.050000
3638	0.150000
3639	0.050000
3640	0.000000
3641	0.600000
3642	0.000000
3643	0.500000
3644	0.050000
3645	0.200000
3646	0.150000
3647	0.000000
3648	0.450000
3649	0.000000
3650	0.900000
3651	0.200000
3652	0.300000
3653	0.000000
3654	0.250000
3655	0.300000
3656	0.000000
3657	0.050000
3658	0.000000
3659	0.400000
3660	0.100000
3661	0.150000
3662	0.000000
3663	0.000000
3664	0.100000
3665	0.150000
3666	0.100000
3667	0.000000
3668	0.000000
3669	0.550000
3670	0.050000
3671	0.100000
3672	0.000000
3673	0.350000
3674	0.200000
3675	0.550000
3676	0.050000
3677	0.000000
3678	0.050000
3679	0.300000
3680	0.000000
3681	0.450000
3682	0.050000
3683	0.400000
3684	0.300000
3685	0.450000
3686	0.250000
3687	0.100000
3688	0.150000
3689	0.000000
3690	0.100000
3691	0.400000
3692	0.000000
3693	0.500000
3694	0.200000
3695	0.150000
3696	0.100000
3697	0.150000
3698	0.000000
3699	0.000000
3700	0.000000
3701	0.100000
3702	0.050000
3703	0.000000
3704	0.150000
3705	0.750000
3706	0.000000
3707	0.000000
3708	0.000000
3709	0.050000
3710	0.000000
3711	0.150000
3712	0.050000
3713	0.750000
3714	0.000000
3715	0.250000
3716	0.250000
3717	0.500000
3718	0.350000
3719	0.050000
3720	0.000000
3721	0.300000
3722	0.000000
3723	0.050000
3724	0.550000
3725	0.050000
3726	0.200000
3727	0.200000
3728	0.250000
3729	0.650000
3730	0.100000
3731	0.100000
3732	0.400000
3733	0.300000
3734	0.000000
3735	0.050000
3736	0.300000
3737	0.000000
3738	0.050000
3739	0.000000
3740	0.000000
3741	0.250000
3742	0.350000
3743	0.200000
3744	0.000000
3745	0.000000
3746	0.500000
3747	0.050000
3748	0.000000
3749	0.000000
3750	0.050000
3751	0.550000
3752	0.150000
3753	0.150000
3754	0.000000
3755	0.200000
3756	0.250000
3757	0.400000
3758	0.200000
3759	0.150000
3760	0.450000
3761	0.400000
3762	0.200000
3763	0.350000
3764	0.000000
3765	0.000000
3766	0.000000
3767	0.100000
3768	0.450000
3769	0.300000
3770	0.200000
3771	0.000000
3772	0.000000
3773	0.300000
3774	0.100000
3775	0.150000
3776	0.000000
3777	0.100000
3778	0.250000
3779	0.000000
3780	0.600000
3781	0.000000
3782	0.000000
3783	0.050000
3784	0.000000
3785	0.050000
3786	0.000000
3787	0.000000
3788	0.000000
3789	0.250000
3790	0.150000
3791	0.000000
3792	0.400000
3793	0.000000
3794	0.000000
3795	0.050000
3796	0.100000
3797	0.100000
3798	0.050000
3799	0.050000
3800	0.050000
3801	0.000000
3802	0.000000
3803	0.000000
3804	0.100000
3805	0.000000
3806	0.000000
3807	0.350000
3808	0.400000
3809	0.100000
3810	0.050000
3811	0.100000
3812	0.200000
3813	0.000000
3814	0.000000
3815	0.050000
3816	0.050000
3817	0.100000
3818	0.050000
3819	0.250000
3820	0.050000
3821	0.500000
3822	0.200000
3823	0.400000
3824	0.450000
3825	0.500000
3826	0.050000
3827	0.300000
3828	0.050000
3829	0.100000
3830	0.000000
3831	0.150000
3832	0.200000
3833	0.300000
3834	0.000000
3835	0.000000
3836	0.100000
3837	0.050000
3838	0.000000
3839	0.000000
3840	0.150000
3841	0.200000
3842	0.300000
3843	0.000000
3844	0.000000
3845	0.150000
3846	0.000000
3847	0.450000
3848	0.050000
3849	0.000000
3850	0.300000
3851	0.050000
3852	0.000000
3853	0.550000
3854	0.200000
3855	0.150000
3856	0.000000
3857	0.100000
3858	0.100000
3859	0.200000
3860	0.050000
3861	0.250000
3862	0.100000
3863	0.050000
3864	0.150000
3865	0.000000
3866	0.150000
3867	0.050000
3868	0.150000
3869	0.000000
3870	0.000000
3871	0.050000
3872	0.150000
3873	0.000000
3874	0.300000
3875	0.050000
3876	0.200000
3877	0.000000
3878	0.400000
3879	0.050000
3880	0.200000
3881	0.050000
3882	0.050000
3883	0.100000
3884	0.550000
3885	0.300000
3886	0.350000
3887	0.300000
3888	0.200000
3889	0.150000
3890	0.300000
3891	0.050000
3892	0.300000
3893	0.000000
3894	0.150000
3895	0.050000
3896	0.300000
3897	0.000000
3898	0.050000
3899	0.050000
3900	0.350000
3901	0.050000
3902	0.000000
3903	0.000000
3904	0.050000
3905	0.300000
3906	0.050000
3907	0.000000
3908	0.100000
3909	0.050000
3910	0.350000
3911	0.000000
3912	0.300000
3913	0.300000
3914	0.200000
3915	0.000000
3916	0.700000
3917	0.300000
3918	0.000000
3919	0.100000
3920	0.100000
3921	0.000000
3922	0.500000
3923	0.150000
3924	0.050000
3925	0.300000
3926	0.000000
3927	0.050000
3928	0.050000
3929	0.250000
3930	0.300000
3931	0.400000
3932	0.050000
3933	0.150000
3934	0.500000
3935	0.050000
3936	0.050000
3937	0.250000
3938	0.100000
3939	0.050000
3940	0.250000
3941	0.200000
3942	0.550000
3943	0.000000
3944	0.050000
3945	0.450000
3946	0.400000
3947	0.250000
3948	0.000000
3949	0.000000
3950	0.000000
3951	0.100000
3952	0.050000
3953	0.150000
3954	0.050000
3955	0.000000
3956	0.000000
3957	0.300000
3958	0.050000
3959	0.000000
3960	0.100000
3961	0.100000
3962	0.000000
3963	0.400000
3964	0.100000
3965	0.400000
3966	0.150000
3967	0.200000
3968	0.050000
3969	0.000000
3970	0.350000
3971	0.250000
3972	0.000000
3973	0.050000
3974	0.250000
3975	0.000000
3976	0.300000
3977	0.150000
3978	0.150000
3979	0.100000
3980	0.000000
3981	0.100000
3982	0.050000
3983	0.000000
3984	0.100000
3985	0.000000
3986	0.000000
3987	0.050000
3988	0.100000
3989	0.050000
3990	0.100000
3991	0.000000
3992	0.200000
3993	0.200000
3994	0.100000
3995	0.250000
3996	0.050000
3997	0.250000
3998	0.200000
3999	0.400000
4000	0.250000
4001	0.200000
4002	0.050000
4003	0.000000
4004	0.000000
4005	0.350000
4006	0.200000
4007	0.300000
4008	0.000000
4009	0.050000
4010	0.000000
4011	0.200000
4012	0.100000
4013	0.250000
4014	0.050000
4015	0.000000
4016	0.400000
4017	0.000000
4018	0.050000
4019	0.050000
4020	0.050000
4021	0.100000
4022	0.400000
4023	0.200000
4024	0.050000
4025	0.000000
4026	0.000000
4027	0.100000
4028	0.000000
4029	0.000000
4030	0.000000
4031	0.000000
4032	0.150000
4033	0.550000
4034	0.050000
4035	0.000000
4036	0.300000
4037	0.000000
4038	0.050000
4039	0.050000
4040	0.050000
4041	0.150000
4042	0.350000
4043	0.000000
4044	0.000000
4045	0.000000
4046	0.100000
4047	0.100000
4048	0.300000
4049	0.000000
4050	0.300000
4051	0.000000
4052	0.000000
4053	0.200000
4054	0.050000
4055	0.150000
4056	0.000000
4057	0.000000
4058	0.400000
4059	0.000000
4060	0.250000
4061	0.000000
4062	0.100000
4063	0.050000
4064	0.350000
4065	0.050000
4066	0.350000
4067	0.050000
4068	0.050000
4069	0.000000
4070	0.250000
4071	0.050000
4072	0.250000
4073	0.000000
4074	0.000000
4075	0.150000
4076	0.000000
4077	0.100000
4078	0.050000
4079	0.050000
4080	0.200000
4081	0.100000
4082	0.200000
4083	0.400000
4084	0.000000
4085	0.350000
4086	0.200000
4087	0.100000
4088	0.000000
4089	0.500000
4090	0.400000
4091	0.000000
4092	0.050000
4093	0.100000
4094	0.300000
4095	0.150000
4096	0.400000
4097	0.100000
4098	0.050000
4099	0.400000
4100	0.000000
4101	0.000000
4102	0.000000
4103	0.000000
4104	0.300000
4105	0.000000
4106	0.000000
4107	0.500000
4108	0.000000
4109	0.050000
4110	0.000000
4111	0.050000
4112	0.050000
4113	0.000000
4114	0.400000
4115	0.250000
4116	0.400000
4117	0.200000
4118	0.150000
4119	0.000000
4120	0.050000
4121	0.050000
4122	0.200000
4123	0.250000
4124	0.350000
4125	0.000000
4126	0.050000
4127	0.200000
4128	0.000000
4129	0.050000
4130	0.000000
4131	0.000000
4132	0.450000
4133	0.100000
4134	0.050000
4135	0.000000
4136	0.000000
4137	0.050000
4138	0.200000
4139	0.000000
4140	0.400000
4141	0.100000
4142	0.000000
4143	0.000000
4144	0.200000
4145	0.000000
4146	0.100000
4147	0.050000
4148	0.000000
4149	0.100000
4150	0.000000
4151	0.000000
4152	0.200000
4153	0.000000
4154	0.100000
4155	0.000000
4156	0.600000
4157	0.050000
4158	0.000000
4159	0.100000
4160	0.100000
4161	0.100000
4162	0.000000
4163	0.050000
4164	0.150000
4165	0.000000
4166	0.000000
4167	0.550000
4168	0.000000
4169	0.400000
4170	0.150000
4171	0.400000
4172	0.050000
4173	0.100000
4174	0.100000
4175	0.000000
4176	0.100000
4177	0.150000
4178	0.050000
4179	0.250000
4180	0.050000
4181	0.000000
4182	0.200000
4183	0.450000
4184	0.000000
4185	0.000000
4186	0.250000
4187	0.100000
4188	0.000000
4189	0.100000
4190	0.050000
4191	0.000000
4192	0.000000
4193	0.200000
4194	0.100000
4195	0.150000
4196	0.000000
4197	0.000000
4198	0.000000
4199	0.000000
4200	0.050000
4201	0.000000
4202	0.000000
4203	0.150000
4204	0.200000
4205	0.050000
4206	0.000000
4207	0.000000
4208	0.000000
4209	0.000000
4210	0.050000
4211	0.000000
4212	0.050000
4213	0.500000
4214	0.050000
4215	0.300000
4216	0.000000
4217	0.150000
4218	0.100000
4219	0.000000
4220	0.000000
4221	0.000000
4222	0.000000
4223	0.000000
4224	0.000000
4225	0.200000
4226	0.100000
4227	0.200000
4228	0.100000
4229	0.000000
4230	0.000000
4231	0.150000
4232	0.100000
4233	0.350000
4234	0.250000
4235	0.000000
4236	0.050000
4237	0.050000
4238	0.450000
4239	0.100000
4240	0.000000
4241	0.050000
4242	0.150000
4243	0.000000
4244	0.000000
4245	0.050000
4246	0.000000
4247	0.000000
4248	0.050000
4249	0.000000
4250	0.100000
4251	0.050000
4252	0.000000
4253	0.400000
4254	0.000000
4255	0.000000
4256	0.000000
4257	0.050000
4258	0.200000
4259	0.050000
4260	0.200000
4261	0.000000
4262	0.000000
4263	0.000000
4264	0.000000
4265	0.100000
4266	0.000000
4267	0.000000
4268	0.000000
4269	0.250000
4270	0.000000
4271	0.150000
4272	0.000000
4273	0.000000
4274	0.050000
4275	0.050000
4276	0.000000
4277	0.700000
4278	0.000000
4279	0.250000
4280	0.100000
4281	0.150000
4282	0.000000
4283	0.050000
4284	0.000000
4285	0.150000
4286	0.000000
4287	0.000000
4288	0.000000
4289	0.000000
4290	0.100000
4291	0.200000
4292	0.100000
4293	0.000000
4294	0.050000
4295	0.000000
4296	0.000000
4297	0.050000
4298	0.050000
4299	0.000000
4300	0.150000
4301	0.050000
4302	0.000000
4303	0.350000
4304	0.200000
4305	0.500000
4306	0.000000
4307	0.100000
4308	0.200000
4309	0.000000
4310	0.300000
4311	0.150000
4312	0.400000
4313	0.400000
4314	0.000000
4315	0.100000
4316	0.100000
4317	0.050000
4318	0.300000
4319	0.050000
4320	0.100000
4321	0.050000
4322	0.600000
4323	0.000000
4324	0.000000
4325	0.000000
4326	0.050000
4327	0.150000
4328	0.300000
4329	0.000000
4330	0.050000
4331	0.000000
4332	0.000000
4333	0.050000
4334	0.000000
4335	0.100000
4336	0.000000
4337	0.000000
4338	0.000000
4339	0.000000
4340	0.050000
4341	0.150000
4342	0.100000
4343	0.000000
4344	0.750000
4345	0.300000
4346	0.100000
4347	0.000000
4348	0.000000
4349	0.050000
4350	0.000000
4351	0.050000
4352	0.050000
4353	0.000000
4354	0.200000
4355	0.050000
4356	0.400000
4357	0.000000
4358	0.000000
4359	0.200000
4360	0.000000
4361	0.200000
4362	0.200000
4363	0.300000
4364	0.100000
4365	0.000000
4366	0.000000
4367	0.250000
4368	0.200000
4369	0.000000
4370	0.100000
4371	0.050000
4372	0.000000
4373	0.000000
4374	0.250000
4375	0.050000
4376	0.100000
4377	0.000000
4378	0.150000
4379	0.800000
4380	0.150000
4381	0.250000
4382	0.000000
4383	0.000000
4384	0.050000
4385	0.000000
4386	0.900000
4387	0.600000
4388	0.450000
4389	0.050000
4390	0.000000
4391	0.000000
4392	0.100000
4393	0.100000
4394	0.000000
4395	0.150000
4396	0.050000
4397	0.050000
4398	0.200000
4399	0.050000
4400	0.000000
4401	0.350000
4402	0.100000
4403	0.350000
4404	0.000000
4405	0.100000
4406	0.600000
4407	0.000000
4408	0.150000
4409	0.050000
4410	0.100000
4411	0.400000
4412	0.000000
4413	0.050000
4414	0.000000
4415	0.400000
4416	0.150000
4417	0.100000
4418	0.100000
4419	0.000000
4420	0.050000
4421	0.000000
4422	0.500000
4423	0.100000
4424	0.150000
4425	0.750000
4426	0.100000
4427	0.000000
4428	0.050000
4429	0.000000
4430	0.050000
4431	0.200000
4432	0.000000
4433	0.400000
4434	0.000000
4435	0.000000
4436	0.050000
4437	0.150000
4438	0.050000
4439	0.050000
4440	0.050000
4441	0.050000
4442	0.000000
4443	0.050000
4444	0.400000
4445	0.050000
4446	0.400000
4447	0.250000
4448	0.550000
4449	0.350000
4450	0.100000
4451	0.150000
4452	0.050000
4453	0.150000
4454	0.150000
4455	0.100000
4456	0.000000
4457	0.300000
4458	0.500000
4459	0.100000
4460	0.200000
4461	0.100000
4462	0.050000
4463	0.050000
4464	0.000000
4465	0.000000
4466	0.100000
4467	0.000000
4468	0.000000
4469	0.000000
4470	0.150000
4471	0.100000
4472	0.400000
4473	0.150000
4474	0.000000
4475	0.000000
4476	0.250000
4477	0.250000
4478	0.300000
4479	0.050000
4480	0.200000
4481	0.050000
4482	0.650000
4483	0.150000
4484	0.250000
4485	0.050000
4486	0.050000
4487	0.000000
4488	0.100000
4489	0.650000
4490	0.350000
4491	0.050000
4492	0.050000
4493	0.000000
4494	0.100000
4495	0.000000
4496	0.100000
4497	0.300000
4498	0.100000
4499	0.200000
4500	0.000000
4501	0.150000
4502	0.400000
4503	0.000000
4504	0.050000
4505	0.250000
4506	0.200000
4507	0.500000
4508	0.600000
4509	0.300000
4510	0.250000
4511	0.150000
4512	0.250000
4513	0.150000
4514	0.000000
4515	0.100000
4516	0.000000
4517	0.450000
4518	0.000000
4519	0.150000
4520	0.050000
4521	0.500000
4522	0.200000
4523	0.200000
4524	0.500000
4525	0.000000
4526	0.050000
4527	0.000000
4528	0.100000
4529	0.000000
4530	0.100000
4531	0.400000
4532	0.200000
4533	0.100000
4534	0.000000
4535	0.400000
4536	0.100000
4537	0.000000
4538	0.000000
4539	0.000000
4540	0.000000
4541	0.000000
4542	0.000000
4543	0.850000
4544	0.050000
4545	0.150000
4546	0.100000
4547	0.000000
4548	0.000000
4549	0.000000
4550	0.000000
4551	0.100000
4552	0.250000
4553	0.100000
4554	0.100000
4555	0.050000
4556	0.100000
4557	0.050000
4558	0.050000
4559	0.000000
4560	0.600000
4561	0.050000
4562	0.400000
4563	0.250000
4564	0.050000
4565	0.100000
4566	0.000000
4567	0.000000
4568	0.200000
4569	0.000000
4570	0.050000
4571	0.000000
4572	0.100000
4573	0.150000
4574	0.000000
4575	0.000000
4576	0.000000
4577	0.100000
4578	0.350000
4579	0.450000
4580	0.100000
4581	0.000000
4582	0.050000
4583	0.100000
4584	0.000000
4585	0.300000
4586	0.100000
4587	0.100000
4588	0.150000
4589	0.100000
4590	0.100000
4591	0.400000
4592	0.300000
4593	0.200000
4594	0.100000
4595	0.150000
4596	0.050000
4597	0.000000
4598	0.200000
4599	0.150000
4600	0.400000
4601	0.400000
4602	0.000000
4603	0.050000
4604	0.100000
4605	0.000000
4606	0.050000
4607	0.450000
4608	0.250000
4609	0.100000
4610	0.300000
4611	0.400000
4612	0.000000
4613	0.050000
4614	0.050000
4615	0.200000
4616	0.050000
4617	0.000000
4618	0.100000
4619	0.000000
4620	0.100000
4621	0.200000
4622	0.050000
4623	0.050000
4624	0.050000
4625	0.100000
4626	0.200000
4627	0.000000
4628	0.050000
4629	0.000000
4630	0.100000
4631	0.150000
4632	0.000000
4633	0.150000
4634	0.300000
4635	0.350000
4636	0.000000
4637	0.050000
4638	0.050000
4639	0.050000
4640	0.150000
4641	0.000000
4642	0.000000
4643	0.100000
4644	0.150000
4645	0.050000
4646	0.150000
4647	0.350000
4648	0.050000
4649	0.000000
4650	0.500000
4651	0.000000
4652	0.050000
4653	0.050000
4654	0.050000
4655	0.350000
4656	0.150000
4657	0.100000
4658	0.300000
4659	0.250000
4660	0.000000
4661	0.200000
4662	0.050000
4663	0.050000
4664	0.000000
4665	0.000000
4666	0.150000
4667	0.150000
4668	0.150000
4669	0.000000
4670	0.050000
4671	0.150000
4672	0.050000
4673	0.500000
4674	0.050000
4675	0.300000
4676	0.150000
4677	0.000000
4678	0.000000
4679	0.050000
4680	0.200000
4681	0.150000
4682	0.400000
4683	0.000000
4684	0.050000
4685	0.200000
4686	0.200000
4687	0.150000
4688	0.050000
4689	0.000000
4690	0.250000
4691	0.000000
4692	0.000000
4693	0.150000
4694	0.100000
4695	0.000000
4696	0.000000
4697	0.000000
4698	0.000000
4699	0.100000
4700	0.350000
4701	0.100000
4702	0.100000
4703	0.000000
4704	0.150000
4705	0.000000
4706	0.300000
4707	0.050000
4708	0.650000
4709	0.000000
4710	0.050000
4711	0.300000
4712	0.000000
4713	0.000000
4714	0.100000
4715	0.300000
4716	0.000000
4717	0.050000
4718	0.100000
4719	0.000000
4720	0.050000
4721	0.050000
4722	0.150000
4723	0.000000
4724	0.000000
4725	0.450000
4726	0.000000
4727	0.100000
4728	0.400000
4729	0.250000
4730	0.000000
4731	0.050000
4732	0.500000
4733	0.050000
4734	0.300000
4735	0.000000
4736	0.100000
4737	0.000000
4738	0.100000
4739	0.050000
4740	0.000000
4741	0.050000
4742	0.100000
4743	0.000000
4744	0.150000
4745	0.100000
4746	0.000000
4747	0.200000
4748	0.500000
4749	0.000000
4750	0.150000
4751	0.000000
4752	0.000000
4753	0.050000
4754	0.000000
4755	0.050000
4756	0.000000
4757	0.100000
4758	0.000000
4759	0.050000
4760	0.050000
4761	0.000000
4762	0.100000
4763	0.050000
4764	0.000000
4765	0.500000
4766	0.000000
4767	0.000000
4768	0.000000
4769	0.100000
4770	0.000000
4771	0.000000
4772	0.150000
4773	0.050000
4774	0.350000
4775	0.050000
4776	0.050000
4777	0.150000
4778	0.000000
4779	0.200000
4780	0.100000
4781	0.150000
4782	0.250000
4783	0.000000
4784	0.150000
4785	0.250000
4786	0.550000
4787	0.000000
4788	0.000000
4789	0.300000
4790	0.200000
4791	0.300000
4792	0.000000
4793	0.000000
4794	0.350000
4795	0.150000
4796	0.300000
4797	0.000000
4798	0.200000
4799	0.050000
4800	0.200000
4801	0.300000
4802	0.550000
4803	0.050000
4804	0.000000
4805	0.000000
4806	0.000000
4807	0.050000
4808	0.200000
4809	0.050000
4810	0.000000
4811	0.000000
4812	0.050000
4813	0.100000
4814	0.200000
4815	0.100000
4816	0.050000
4817	0.100000
4818	0.050000
4819	0.100000
4820	0.000000
4821	0.150000
4822	0.000000
4823	0.550000
4824	0.500000
4825	0.150000
4826	0.500000
4827	0.000000
4828	0.000000
4829	0.250000
4830	0.150000
4831	0.150000
4832	0.000000
4833	0.050000
4834	0.500000
4835	0.200000
4836	0.100000
4837	0.000000
4838	0.000000
4839	0.000000
4840	0.050000
4841	0.200000
4842	0.200000
4843	0.050000
4844	0.100000
4845	0.100000
4846	0.050000
4847	0.200000
4848	0.150000
4849	0.050000
4850	0.050000
4851	0.000000
4852	0.000000
4853	0.100000
4854	0.200000
4855	0.350000
4856	0.050000
4857	0.150000
4858	0.100000
4859	0.050000
4860	0.000000
4861	0.200000
4862	0.300000
4863	0.000000
4864	0.100000
4865	0.350000
4866	0.000000
4867	0.600000
4868	0.150000
4869	0.350000
4870	0.000000
4871	0.000000
4872	0.000000
4873	0.000000
4874	0.000000
4875	0.050000
4876	0.000000
4877	0.050000
4878	0.000000
4879	0.400000
4880	0.000000
4881	0.100000
4882	0.050000
4883	0.050000
4884	0.750000
4885	0.050000
4886	0.050000
4887	0.300000
4888	0.150000
4889	0.350000
4890	0.050000
4891	0.000000
4892	0.000000
4893	0.150000
4894	0.200000
4895	0.100000
4896	0.000000
4897	0.250000
4898	0.250000
4899	0.200000
4900	0.000000
4901	0.250000
4902	0.250000
4903	0.000000
4904	0.200000
4905	0.200000
4906	0.450000
4907	0.100000
4908	0.150000
4909	0.150000
4910	0.200000
4911	0.200000
4912	0.000000
4913	0.050000
4914	0.050000
4915	0.300000
4916	0.000000
4917	0.150000
4918	0.350000
4919	0.100000
4920	0.100000
4921	0.250000
4922	0.100000
4923	0.150000
4924	0.000000
4925	0.000000
4926	0.000000
4927	0.300000
4928	0.050000
4929	0.000000
4930	0.000000
4931	0.050000
4932	0.350000
4933	0.100000
4934	0.300000
4935	0.100000
4936	0.100000
4937	0.050000
4938	0.000000
4939	0.250000
4940	0.050000
4941	0.100000
4942	0.200000
4943	0.100000
4944	0.100000
4945	0.500000
4946	0.250000
4947	0.150000
4948	0.500000
4949	0.000000
4950	0.350000
4951	0.300000
4952	0.000000
4953	0.100000
4954	0.050000
4955	0.000000
4956	0.150000
4957	0.000000
4958	0.200000
4959	0.200000
4960	0.050000
4961	0.100000
4962	0.200000
4963	0.000000
4964	0.350000
4965	0.150000
4966	0.100000
4967	0.000000
4968	0.050000
4969	0.000000
4970	0.000000
4971	0.000000
4972	0.400000
4973	0.000000
4974	0.000000
4975	0.150000
4976	0.000000
4977	0.100000
4978	0.050000
4979	0.200000
4980	0.250000
4981	0.150000
4982	0.000000
4983	0.000000
4984	0.000000
4985	0.050000
4986	0.050000
4987	0.050000
4988	0.150000
4989	0.050000
4990	0.000000
4991	0.000000
4992	0.000000
4993	0.050000
4994	0.150000
4995	0.200000
4996	0.050000
4997	0.000000
4998	0.000000
4999	0.000000
5000	0.050000
5001	0.100000
5002	0.350000
5003	0.100000
5004	0.050000
5005	0.150000
5006	0.000000
5007	0.100000
5008	0.250000
5009	0.100000
5010	0.100000
5011	0.200000
5012	0.000000
5013	0.000000
5014	0.150000
5015	0.600000
5016	0.000000
5017	0.050000
5018	0.250000
5019	0.250000
5020	0.050000
5021	0.200000
5022	0.000000
5023	0.000000
5024	0.050000
5025	0.050000
5026	0.500000
5027	0.050000
5028	0.000000
5029	0.000000
5030	0.000000
5031	0.050000
5032	0.050000
5033	0.000000
5034	0.300000
5035	0.000000
5036	0.050000
5037	0.250000
5038	0.200000
5039	0.050000
5040	0.000000
5041	0.200000
5042	0.300000
5043	0.000000
5044	0.100000
5045	0.000000
5046	0.650000
5047	0.250000
5048	0.050000
5049	0.150000
5050	0.100000
5051	0.000000
5052	0.000000
5053	0.350000
5054	0.400000
5055	0.000000
5056	0.050000
5057	0.200000
5058	0.000000
5059	0.000000
5060	0.100000
5061	0.450000
5062	0.050000
5063	0.150000
5064	0.150000
5065	0.100000
5066	0.000000
5067	0.000000
5068	0.000000
5069	0.000000
5070	0.400000
5071	0.100000
5072	0.100000
5073	0.050000
5074	0.400000
5075	0.100000
5076	0.100000
5077	0.400000
5078	0.100000
5079	0.050000
5080	0.000000
5081	0.200000
5082	0.100000
5083	0.200000
5084	0.200000
5085	0.200000
5086	0.200000
5087	0.300000
5088	0.100000
5089	0.000000
5090	0.600000
5091	0.150000
5092	0.100000
5093	0.050000
5094	0.300000
5095	0.000000
5096	0.350000
5097	0.100000
5098	0.050000
5099	0.050000
5100	0.400000
5101	0.000000
5102	0.300000
5103	0.500000
5104	0.200000
5105	0.050000
5106	0.100000
5107	0.300000
5108	0.200000
5109	0.050000
5110	0.000000
5111	0.400000
5112	0.200000
5113	0.400000
5114	0.150000
5115	0.200000
5116	0.100000
5117	0.050000
5118	0.300000
5119	0.100000
5120	0.500000
5121	0.100000
5122	0.100000
5123	0.000000
5124	0.400000
5125	0.000000
5126	0.150000
5127	0.050000
5128	0.100000
5129	0.200000
5130	0.050000
5131	0.550000
5132	0.000000
5133	0.000000
5134	0.000000
5135	0.100000
5136	0.350000
5137	0.150000
5138	0.000000
5139	0.150000
5140	0.000000
5141	0.000000
5142	0.150000
5143	0.250000
5144	0.000000
5145	0.000000
5146	0.000000
5147	0.100000
5148	0.150000
5149	0.050000
5150	0.000000
5151	0.000000
5152	0.000000
5153	0.100000
5154	0.000000
5155	0.000000
5156	0.600000
5157	0.050000
5158	0.050000
5159	0.000000
5160	0.000000
5161	0.250000
5162	0.050000
5163	0.600000
5164	0.100000
5165	0.150000
5166	0.250000
5167	0.050000
5168	0.050000
5169	0.100000
5170	0.100000
5171	0.000000
5172	0.350000
5173	0.150000
5174	0.000000
5175	0.000000
5176	0.100000
5177	0.150000
5178	0.050000
5179	0.150000
5180	0.200000
5181	0.100000
5182	0.100000
5183	0.000000
5184	0.050000
5185	0.000000
5186	0.000000
5187	0.200000
5188	0.250000
5189	0.100000
5190	0.000000
5191	0.050000
5192	0.000000
5193	0.300000
5194	0.000000
5195	0.000000
5196	0.150000
5197	0.000000
5198	0.250000
5199	0.250000
5200	0.000000
5201	0.050000
5202	0.000000
5203	0.100000
5204	0.000000
5205	0.350000
5206	0.100000
5207	0.050000
5208	0.100000
5209	0.200000
5210	0.100000
5211	0.050000
5212	0.150000
5213	0.000000
5214	0.100000
5215	0.050000
5216	0.000000
5217	0.400000
5218	0.050000
5219	0.150000
5220	0.550000
5221	0.000000
5222	0.500000
5223	0.200000
5224	0.050000
5225	0.350000
5226	0.150000
5227	0.050000
5228	0.100000
5229	0.200000
5230	0.250000
5231	0.100000
5232	0.100000
5233	0.100000
5234	0.250000
5235	0.100000
5236	0.300000
5237	0.100000
5238	0.000000
5239	0.500000
5240	0.000000
5241	0.200000
5242	0.350000
5243	0.050000
5244	0.000000
5245	0.000000
5246	0.050000
5247	0.050000
5248	0.050000
5249	0.300000
5250	0.200000
5251	0.300000
5252	0.100000
5253	0.200000
5254	0.050000
5255	0.150000
5256	0.600000
5257	0.200000
5258	0.050000
5259	0.000000
5260	0.100000
5261	0.150000
5262	0.050000
5263	0.100000
5264	0.400000
5265	0.400000
5266	0.050000
5267	0.050000
5268	0.200000
5269	0.300000
5270	0.100000
5271	0.500000
5272	0.000000
5273	0.250000
5274	0.000000
5275	0.000000
5276	0.150000
5277	0.300000
5278	0.150000
5279	0.200000
5280	0.000000
5281	0.300000
5282	0.000000
5283	0.050000
5284	0.050000
5285	0.000000
5286	0.250000
5287	0.150000
5288	0.000000
5289	0.100000
5290	0.050000
5291	0.200000
5292	0.000000
5293	0.200000
5294	0.150000
5295	0.000000
5296	0.150000
5297	0.000000
5298	0.000000
5299	0.050000
5300	0.400000
5301	0.150000
5302	0.250000
5303	0.300000
5304	0.000000
5305	0.200000
5306	0.650000
5307	0.000000
5308	0.000000
5309	0.000000
5310	0.000000
5311	0.050000
5312	0.700000
5313	0.000000
5314	0.000000
5315	0.050000
5316	0.000000
5317	0.500000
5318	0.100000
5319	0.000000
5320	0.000000
5321	0.250000
5322	0.000000
5323	0.300000
5324	0.150000
5325	0.000000
5326	0.000000
5327	0.150000
5328	0.000000
5329	0.500000
5330	0.050000
5331	0.150000
5332	0.150000
5333	0.200000
5334	0.000000
5335	0.300000
5336	0.050000
5337	0.000000
5338	0.000000
5339	0.500000
5340	0.100000
5341	0.000000
5342	0.200000
5343	0.050000
5344	0.100000
5345	0.000000
5346	0.000000
5347	0.150000
5348	0.000000
5349	0.150000
5350	0.450000
5351	0.000000
5352	0.150000
5353	0.300000
5354	0.050000
5355	0.450000
5356	0.000000
5357	0.050000
5358	0.050000
5359	0.350000
5360	0.050000
5361	0.200000
5362	0.050000
5363	0.100000
5364	0.200000
5365	0.000000
5366	0.200000
5367	1.000000
5368	0.100000
5369	0.250000
5370	0.000000
5371	0.500000
5372	0.000000
5373	0.200000
5374	0.000000
5375	0.050000
5376	0.150000
5377	0.150000
5378	0.000000
5379	0.050000
5380	0.050000
5381	0.000000
5382	0.050000
5383	0.050000
5384	0.000000
5385	0.100000
5386	0.100000
5387	0.750000
5388	0.000000
5389	0.200000
5390	0.400000
5391	0.000000
5392	0.050000
5393	0.000000
5394	0.400000
5395	0.050000
5396	0.150000
5397	0.550000
5398	0.000000
5399	0.050000
5400	0.000000
5401	0.050000
5402	0.100000
5403	0.100000
5404	0.550000
5405	0.100000
5406	0.200000
5407	0.100000
5408	0.000000
5409	0.000000
5410	0.000000
5411	0.000000
5412	0.250000
5413	0.250000
5414	0.000000
5415	0.150000
5416	0.150000
5417	0.000000
5418	0.450000
5419	0.150000
5420	0.000000
5421	0.000000
5422	0.000000
5423	0.150000
5424	0.350000
5425	0.000000
5426	0.000000
5427	0.200000
5428	0.350000
5429	0.000000
5430	0.000000
5431	0.000000
5432	0.050000
5433	0.400000
5434	0.350000
5435	0.050000
5436	0.000000
5437	0.350000
5438	0.050000
5439	0.000000
5440	0.050000
5441	0.450000
5442	0.100000
5443	0.100000
5444	0.050000
5445	0.350000
5446	0.100000
5447	0.050000
5448	0.300000
5449	0.250000
5450	0.250000
5451	0.100000
5452	0.350000
5453	0.300000
5454	0.150000
5455	0.100000
5456	0.000000
5457	0.150000
5458	0.500000
5459	0.100000
5460	0.150000
5461	0.000000
5462	0.000000
5463	0.200000
5464	0.100000
5465	0.050000
5466	0.250000
5467	0.000000
5468	0.100000
5469	0.200000
5470	0.100000
5471	0.100000
5472	0.250000
5473	0.200000
5474	0.200000
5475	0.550000
5476	0.050000
5477	0.100000
5478	0.050000
5479	0.100000
5480	0.100000
5481	0.000000
5482	0.650000
5483	0.100000
5484	0.300000
5485	0.300000
5486	0.000000
5487	0.250000
5488	0.400000
5489	0.100000
5490	0.000000
5491	0.100000
5492	0.250000
5493	0.650000
5494	0.100000
5495	0.000000
5496	0.050000
5497	0.250000
5498	0.050000
5499	0.000000
5500	0.000000
5501	0.000000
5502	0.100000
5503	0.000000
5504	0.300000
5505	0.100000
5506	0.100000
5507	0.000000
5508	0.050000
5509	0.000000
5510	0.250000
5511	0.450000
5512	0.100000
5513	0.000000
5514	0.000000
5515	0.250000
5516	0.050000
5517	0.400000
5518	0.200000
5519	0.150000
5520	0.100000
5521	0.100000
5522	0.600000
5523	0.250000
5524	0.000000
5525	0.000000
5526	0.050000
5527	0.000000
5528	0.050000
5529	0.000000
5530	0.100000
5531	0.000000
5532	0.000000
5533	0.150000
5534	0.100000
5535	0.300000
5536	0.350000
5537	0.050000
5538	0.000000
5539	0.250000
5540	0.000000
5541	0.100000
5542	0.000000
5543	0.500000
5544	0.100000
5545	0.200000
5546	0.000000
5547	0.100000
5548	0.050000
5549	0.000000
5550	0.350000
5551	0.000000
5552	0.000000
5553	0.350000
5554	0.100000
5555	0.350000
5556	0.050000
5557	0.350000
5558	0.050000
5559	0.050000
5560	0.100000
5561	0.050000
5562	0.050000
5563	0.150000
5564	0.000000
5565	0.100000
5566	0.050000
5567	0.050000
5568	0.350000
5569	0.050000
5570	0.250000
5571	0.100000
5572	0.350000
5573	0.200000
5574	0.350000
5575	0.000000
5576	0.250000
5577	0.000000
5578	0.100000
5579	0.000000
5580	0.100000
5581	0.000000
5582	0.100000
5583	0.150000
5584	0.000000
5585	0.400000
5586	0.050000
5587	0.000000
5588	0.050000
5589	0.000000
5590	0.050000
5591	0.100000
5592	0.300000
5593	0.150000
5594	0.000000
5595	0.400000
5596	0.500000
5597	0.300000
5598	0.100000
5599	0.250000
5600	0.050000
5601	0.100000
5602	0.150000
5603	0.150000
5604	0.050000
5605	0.200000
5606	0.050000
5607	0.050000
5608	0.050000
5609	0.050000
5610	0.050000
5611	0.050000
5612	0.050000
5613	0.050000
5614	0.550000
5615	0.250000
5616	0.300000
5617	0.050000
5618	0.100000
5619	0.150000
5620	0.200000
5621	0.650000
5622	0.000000
5623	0.600000
5624	0.200000
5625	0.100000
5626	0.000000
5627	0.600000
5628	0.050000
5629	0.150000
5630	0.450000
5631	0.050000
5632	0.100000
5633	0.200000
5634	0.300000
5635	0.000000
5636	0.650000
5637	0.100000
5638	0.050000
5639	0.100000
5640	0.000000
5641	0.100000
5642	0.000000
5643	0.500000
5644	0.050000
5645	0.500000
5646	0.100000
5647	0.100000
5648	0.150000
5649	0.000000
5650	0.250000
5651	0.000000
5652	0.000000
5653	0.100000
5654	0.200000
5655	0.000000
5656	0.000000
5657	0.150000
5658	0.050000
5659	0.000000
5660	0.050000
5661	0.100000
5662	0.050000
5663	0.450000
5664	0.650000
5665	0.100000
5666	0.000000
5667	0.300000
5668	0.100000
5669	0.000000
5670	0.350000
5671	0.200000
5672	0.000000
5673	0.050000
5674	0.150000
5675	0.500000
5676	0.000000
5677	0.150000
5678	0.250000
5679	0.000000
5680	0.000000
5681	0.050000
5682	0.450000
5683	0.200000
5684	0.500000
5685	0.050000
5686	0.300000
5687	0.000000
5688	0.050000
5689	0.450000
5690	0.100000
5691	0.000000
5692	0.150000
5693	0.050000
5694	0.050000
5695	0.050000
5696	0.050000
5697	0.000000
5698	0.200000
5699	0.400000
5700	0.050000
5701	0.300000
5702	0.100000
5703	0.000000
5704	0.000000
5705	0.050000
5706	0.250000
5707	0.050000
5708	0.150000
5709	0.250000
5710	0.350000
5711	0.000000
5712	0.100000
5713	0.000000
5714	0.050000
5715	0.050000
5716	0.350000
5717	0.250000
5718	0.100000
5719	0.000000
5720	0.250000
5721	0.050000
5722	0.350000
5723	0.350000
5724	0.250000
5725	0.050000
5726	0.400000
5727	0.000000
5728	0.000000
5729	0.000000
5730	0.650000
5731	0.150000
5732	0.100000
5733	0.300000
5734	0.400000
5735	0.100000
5736	0.150000
5737	0.000000
5738	0.400000
5739	0.000000
5740	0.100000
5741	0.000000
5742	0.000000
5743	0.050000
5744	0.250000
5745	0.350000
5746	0.200000
5747	0.500000
5748	0.050000
5749	0.300000
5750	0.150000
5751	0.000000
5752	0.050000
5753	0.150000
5754	0.250000
5755	0.050000
5756	0.100000
5757	0.250000
5758	0.150000
5759	0.350000
5760	0.000000
5761	0.100000
5762	0.050000
5763	0.650000
5764	0.050000
5765	0.250000
5766	0.000000
5767	0.050000
5768	0.000000
5769	0.000000
5770	0.050000
5771	0.000000
5772	0.000000
5773	0.150000
5774	0.100000
5775	0.000000
5776	0.550000
5777	0.300000
5778	0.000000
5779	0.200000
5780	0.200000
5781	0.000000
5782	0.100000
5783	0.000000
5784	0.000000
5785	0.600000
5786	0.050000
5787	0.350000
5788	0.250000
5789	0.000000
5790	0.200000
5791	0.300000
5792	0.200000
5793	0.000000
5794	0.000000
5795	0.550000
5796	0.000000
5797	0.050000
5798	0.150000
5799	0.150000
5800	0.000000
5801	0.150000
5802	0.050000
5803	0.100000
5804	0.000000
5805	0.050000
5806	0.000000
5807	0.250000
5808	0.250000
5809	0.350000
5810	0.150000
5811	0.100000
5812	0.350000
5813	0.100000
5814	0.100000
5815	0.200000
5816	0.000000
5817	0.000000
5818	0.100000
5819	0.100000
5820	0.100000
5821	0.150000
5822	0.000000
5823	0.250000
5824	0.400000
5825	0.100000
5826	0.150000
5827	0.000000
5828	0.000000
5829	0.300000
5830	0.100000
5831	0.900000
5832	0.300000
5833	0.050000
5834	0.050000
5835	0.050000
5836	0.150000
5837	0.200000
5838	0.050000
5839	0.000000
5840	0.050000
5841	0.400000
5842	0.050000
5843	0.200000
5844	0.050000
5845	0.250000
5846	0.150000
5847	0.300000
5848	0.350000
5849	0.050000
5850	0.000000
5851	0.200000
5852	0.200000
5853	0.250000
5854	0.100000
5855	0.050000
5856	0.100000
5857	0.050000
5858	0.050000
5859	0.050000
5860	0.000000
5861	0.150000
5862	0.200000
5863	0.000000
5864	0.150000
5865	0.300000
5866	0.050000
5867	0.000000
5868	0.100000
5869	0.200000
5870	0.150000
5871	0.150000
5872	0.100000
5873	0.050000
5874	0.250000
5875	0.250000
5876	0.100000
5877	0.000000
5878	0.150000
5879	0.050000
5880	0.500000
5881	0.150000
5882	0.050000
5883	0.000000
5884	0.150000
5885	0.150000
5886	0.500000
5887	0.100000
5888	0.400000
5889	0.150000
5890	0.300000
5891	0.050000
5892	0.200000
5893	0.050000
5894	0.150000
5895	0.000000
5896	0.000000
5897	0.000000
5898	0.000000
5899	0.000000
5900	0.000000
5901	0.050000
5902	0.200000
5903	0.150000
5904	0.000000
5905	0.150000
5906	0.150000
5907	0.000000
5908	0.200000
5909	0.000000
5910	0.050000
5911	0.200000
5912	0.000000
5913	0.000000
5914	0.000000
5915	0.200000
5916	0.200000
5917	0.500000
5918	0.000000
5919	0.000000
5920	0.250000
5921	0.350000
5922	0.100000
5923	0.000000
5924	0.000000
5925	0.300000
5926	0.050000
5927	0.100000
5928	0.050000
5929	0.000000
5930	0.150000
5931	0.200000
5932	0.050000
5933	0.000000
5934	0.100000
5935	0.000000
5936	0.000000
5937	0.000000
5938	0.250000
5939	0.200000
5940	0.000000
5941	0.000000
5942	0.100000
5943	0.100000
5944	0.000000
5945	0.000000
5946	0.000000
5947	0.000000
5948	0.050000
5949	0.150000
5950	0.400000
5951	0.150000
5952	0.150000
5953	0.200000
5954	0.250000
5955	0.500000
5956	0.200000
5957	0.200000
5958	0.150000
5959	0.000000
5960	0.200000
5961	0.150000
5962	0.100000
5963	0.400000
5964	0.200000
5965	0.000000
5966	0.200000
5967	0.000000
5968	0.100000
5969	0.000000
5970	0.000000
5971	0.200000
5972	0.250000
5973	0.150000
5974	0.000000
5975	0.200000
5976	0.200000
5977	0.000000
5978	0.350000
5979	0.000000
5980	0.150000
5981	0.050000
5982	0.600000
5983	0.100000
5984	0.100000
5985	0.150000
5986	0.100000
5987	0.200000
5988	0.050000
5989	0.000000
5990	0.200000
5991	0.000000
5992	0.050000
5993	0.000000
5994	0.000000
5995	0.150000
5996	0.250000
5997	0.050000
5998	0.100000
5999	0.000000
6000	0.050000
6001	0.150000
6002	0.100000
6003	0.050000
6004	0.050000
6005	0.000000
6006	0.000000
6007	0.250000
6008	0.050000
6009	0.050000
6010	0.450000
6011	0.250000
6012	0.000000
6013	0.050000
6014	0.000000
6015	0.000000
6016	0.350000
6017	0.000000
6018	0.100000
6019	0.000000
6020	0.150000
6021	0.200000
6022	0.250000
6023	0.050000
6024	0.050000
6025	0.250000
6026	0.200000
6027	0.100000
6028	0.000000
6029	0.000000
6030	0.000000
6031	0.050000
6032	0.000000
6033	0.100000
6034	0.000000
6035	0.000000
6036	0.250000
6037	0.400000
6038	0.000000
6039	0.050000
6040	0.400000
