1,1
1,2
1,3
2,2
2,4
2,5
3,3
3,6
4,3
4,7
5,3
6,8
6,9
6,10
7,3
7,6
8,2
8,4
9,8
10,4
10,8
10,10
11,3
11,6
11,7
12,3
12,11
13,1
13,2
14,7
15,4
15,6
15,8
16,7
16,10
17,6
17,7
18,10
19,3
20,8
21,3
21,7
21,8
22,7
22,9
22,10
23,10
24,7
24,12
25,6
25,7
26,7
27,7
28,6
29,4
29,12
30,7
31,7
32,7
32,12
33,4
33,6
34,2
34,3
34,7
35,6
35,7
36,7
37,13
38,3
39,3
39,6
40,7
41,7
41,14
42,7
42,8
42,9
43,7
44,4
44,8
45,3
45,7
46,6
46,7
47,9
47,10
48,1
48,2
48,6
48,15
49,6
49,7
50,9
50,10
51,7
51,8
51,10
52,3
53,7
54,2
54,3
55,7
56,2
56,4
56,5
57,7
58,6
58,7
59,7
59,16
60,2
60,4
60,5
61,7
61,10
62,7
63,3
64,3
64,6
65,3
66,10
66,12
67,7
68,3
68,6
69,3
70,3
70,8
70,9
70,10
70,11
71,8
72,3
72,7
73,7
73,15
74,6
74,7
75,3
75,7
76,10
76,12
77,13
78,7
79,7
79,10
80,7
81,6
81,7
81,9
82,7
83,7
84,3
84,7
85,6
85,7
86,4
86,7
87,2
87,3
88,3
89,8
89,10
90,7
92,7
92,10
93,3
93,6
94,7
95,8
95,10
96,3
97,7
98,8
98,10
99,13
100,7
100,10
101,3
102,3
103,10
104,3
105,6
105,7
106,3
106,7
107,2
107,3
107,4
107,15
108,13
109,3
110,7
110,8
110,14
111,7
111,10
112,4
112,8
112,9
113,7
113,16
114,7
115,3
116,13
117,9
118,3
118,6
119,3
120,7
121,7
122,3
122,6
123,6
123,7
123,16
124,7
125,3
126,2
126,4
126,5
127,7
128,13
129,3
129,6
130,7
131,6
131,7
132,10
133,3
133,7
134,13
135,3
136,13
137,13
138,7
139,7
139,8
140,6
140,7
141,3
142,7
143,7
144,3
145,8
146,2
146,4
147,7
148,7
149,7
149,9
149,10
150,7
151,6
151,7
151,14
152,11
153,3
153,4
153,8
153,9
154,7
155,7
155,14
156,3
157,3
157,14
158,2
158,4
159,7
160,4
160,8
160,12
160,16
161,7
161,10
161,14
162,13
163,6
163,8
163,10
164,9
164,10
164,16
164,17
165,8
165,10
166,3
166,7
167,7
168,4
168,6
168,7
168,8
169,2
169,4
169,7
170,8
170,9
170,10
171,3
172,8
172,10
172,12
173,4
173,8
173,12
174,3
175,7
176,3
177,11
178,3
179,6
179,7
180,3
181,2
181,8
182,6
182,7
183,10
184,7
185,10
185,12
186,3
187,3
188,11
189,3
190,10
191,7
192,13
193,7
194,7
195,3
195,6
195,7
196,11
196,12
197,7
198,8
198,9
198,12
199,7
199,15
200,10
201,7
202,6
202,7
203,3
204,8
205,3
205,7
206,13
207,6
207,7
208,4
208,8
209,7
210,18
211,7
212,3
213,7
214,7
215,6
215,7
216,3
217,7
217,10
218,3
218,7
219,7
220,11
222,6
222,7
223,3
224,3
224,6
224,7
225,7
225,10
226,10
227,8
228,3
229,7
229,10
230,7
230,10
231,3
232,3
232,7
233,7
234,3
235,3
235,7
236,3
236,6
237,3
237,6
238,2
238,4
239,1
239,2
239,3
239,6
240,10
241,2
241,7
242,7
242,15
243,3
244,1
244,2
245,7
245,9
246,13
247,5
247,6
247,7
247,10
248,3
249,6
249,7
250,2
250,3
251,8
252,3
252,6
253,7
253,11
254,7
255,3
256,3
256,12
257,10
257,16
258,2
258,3
258,4
258,5
258,6
259,7
259,9
259,10
260,4
260,5
260,8
260,12
261,7
262,2
262,7
263,7
264,7
265,6
265,7
266,6
266,7
266,14
266,18
267,3
268,7
269,7
270,6
270,7
271,7
272,7
273,7
273,11
274,3
275,3
276,3
276,6
277,7
278,3
279,7
280,7
280,10
281,7
282,7
283,7
283,9
284,8
284,9
285,7
285,11
286,8
286,10
286,12
287,3
287,6
288,8
288,10
289,3
289,6
290,7
290,9
291,10
292,7
292,8
292,10
293,6
293,7
293,9
293,10
294,3
294,6
295,3
295,6
296,7
296,9
297,7
298,3
299,7
300,7
301,6
301,7
302,6
302,7
303,4
303,8
303,18
304,3
304,7
305,3
306,7
307,7
308,7
309,7
310,3
311,10
311,11
312,3
313,1
313,2
314,7
315,8
316,4
316,8
316,12
317,2
317,3
317,5
318,7
319,10
320,10
320,17
321,7
322,3
322,7
324,3
325,3
326,7
327,3
327,8
327,12
327,15
328,11
329,4
329,8
329,12
330,3
330,11
331,7
332,11
332,12
333,3
334,7
335,10
335,16
336,7
336,14
337,7
338,10
338,12
339,3
339,6
340,4
340,7
341,7
342,3
342,6
343,2
344,3
345,3
345,7
346,7
346,15
347,7
348,3
349,4
349,8
349,10
350,7
350,10
350,16
351,3
351,6
351,7
352,3
353,6
353,8
353,10
354,7
355,2
355,3
356,3
356,6
356,14
357,3
357,6
358,7
359,3
359,6
359,7
360,3
360,8
361,6
361,7
362,2
362,4
362,6
363,13
364,1
364,2
364,15
365,7
366,11
367,3
367,5
367,9
368,3
368,8
368,18
369,7
370,3
371,3
371,7
372,3
372,7
373,10
374,2
374,3
375,7
376,8
376,10
377,6
377,8
377,10
378,3
378,6
379,8
379,12
380,3
380,4
380,6
380,8
381,7
382,7
382,11
383,18
384,8
385,7
386,7
387,3
387,8
388,7
389,6
389,7
389,14
390,3
390,7
390,8
391,7
391,9
392,2
392,4
393,8
394,8
395,7
396,7
397,11
398,13
399,7
400,7
401,8
401,10
402,3
403,3
403,7
403,9
404,13
405,8
405,12
406,7
407,10
407,11
408,7
409,7
410,3
411,3
412,7
413,3
414,3
415,3
415,10
416,18
417,3
417,6
418,7
419,3
420,3
420,8
421,2
421,4
422,10
423,8
423,10
424,7
425,6
425,7
426,10
426,11
426,12
427,6
427,10
427,16
428,7
429,3
430,7
431,7
431,9
432,3
432,18
433,3
434,4
434,8
434,9
435,3
435,12
436,7
436,10
437,3
438,3
438,8
439,7
440,3
440,6
441,3
442,8
442,12
443,13
444,3
444,6
445,3
446,6
446,7
447,3
447,6
448,7
449,3
450,3
450,7
451,6
451,7
451,16
452,7
453,3
454,7
454,10
455,2
455,4
455,7
456,7
457,8
457,10
458,7
458,18
459,8
460,3
461,6
461,7
462,4
462,8
463,7
463,9
463,10
464,4
464,8
464,9
464,10
465,7
465,8
465,14
466,3
466,8
466,14
467,3
468,3
468,6
469,6
469,7
470,3
471,3
471,6
472,3
472,7
473,3
473,14
474,8
474,10
475,7
476,3
476,7
477,7
478,3
479,8
480,4
480,8
480,12
481,7
481,10
482,10
483,7
484,2
484,4
485,3
485,8
486,3
487,3
487,18
488,7
489,3
490,10
491,7
492,3
492,16
493,7
493,8
493,9
494,8
494,10
495,7
496,3
496,6
496,7
497,3
497,6
498,6
498,7
499,3
499,6
500,3
501,7
502,2
502,8
503,7
504,8
504,12
505,3
506,7
507,7
507,8
508,7
509,6
509,7
510,7
511,7
511,8
512,11
512,12
513,3
513,6
513,16
514,3
515,7
516,3
516,7
516,14
517,7
517,8
517,16
518,3
519,10
519,12
520,3
521,9
521,10
522,7
522,8
523,7
524,7
525,7
526,7
527,7
527,14
528,7
529,7
530,7
531,2
531,7
532,3
532,9
532,11
533,8
534,6
534,7
535,7
536,7
537,3
537,7
538,7
539,3
539,6
540,10
541,12
541,17
542,3
543,3
543,6
543,10
544,8
545,7
546,2
546,4
546,8
546,12
547,4
547,8
547,10
548,8
549,13
550,3
550,6
551,2
551,3
551,15
552,3
552,4
552,8
553,18
554,10
555,6
555,8
555,9
556,13
557,7
558,1
558,2
558,4
558,5
558,8
559,3
560,7
561,10
562,3
562,7
563,7
564,3
565,11
566,3
566,6
567,7
568,3
568,7
569,2
569,3
570,3
570,7
571,7
572,7
573,7
574,3
574,7
575,2
575,3
576,3
577,2
577,4
578,7
578,16
579,10
580,7
581,13
582,3
583,3
583,7
584,7
585,3
586,2
586,3
587,3
587,6
587,10
588,1
588,2
588,3
588,15
589,8
589,10
589,12
590,4
590,7
590,18
591,7
591,8
591,10
592,4
592,7
592,8
592,9
593,7
593,10
594,1
594,2
594,15
595,1
595,2
595,15
596,1
596,2
597,3
597,6
598,3
599,18
600,10
601,7
602,13
603,3
604,13
605,6
605,7
606,11
607,7
608,7
608,9
608,10
609,2
609,4
610,1
610,4
610,8
610,11
610,12
611,8
611,11
611,12
612,3
613,6
613,7
614,7
614,10
615,7
616,1
616,2
617,7
618,3
618,6
619,3
620,7
621,7
623,6
624,7
624,8
624,10
625,7
626,3
627,7
627,10
628,7
628,10
629,7
630,6
630,7
631,1
631,2
631,15
632,14
633,3
634,3
635,3
635,7
636,7
637,3
638,6
639,3
640,7
640,10
641,3
642,7
643,3
644,3
645,7
647,7
647,14
648,4
648,8
648,16
649,3
649,7
650,7
651,3
652,16
653,4
653,5
653,8
654,6
654,7
655,3
656,3
657,3
657,7
658,7
659,9
659,10
660,7
661,1
661,2
661,15
662,10
663,3
664,3
665,14
666,7
667,8
668,7
669,7
670,7
671,3
671,12
672,7
673,1
673,2
673,3
673,4
673,5
674,4
674,12
675,7
675,8
675,10
676,7
678,7
678,10
679,7
680,12
681,9
682,7
682,13
683,13
684,7
685,7
687,6
687,7
688,3
688,4
688,8
688,14
690,6
691,3
691,6
692,8
692,10
692,12
693,7
694,8
695,10
695,16
696,10
697,6
697,7
698,7
699,7
700,3
701,7
702,7
703,7
704,4
704,8
705,3
706,7
707,9
707,10
707,17
708,3
708,6
709,1
709,2
710,3
711,2
711,4
712,7
713,7
714,18
715,7
716,9
717,3
718,3
718,12
719,3
720,1
721,7
722,13
723,7
724,7
724,11
725,3
726,7
727,13
728,3
729,7
730,7
731,10
731,16
732,9
733,4
733,8
733,10
734,3
735,3
735,11
736,4
736,6
736,8
736,10
737,8
737,12
738,7
739,3
741,1
741,12
742,10
742,11
743,3
744,7
745,1
745,3
745,10
746,17
747,3
748,8
748,10
748,12
749,7
750,12
750,14
751,3
752,3
752,6
753,3
753,7
754,2
754,4
755,2
755,7
756,13
757,7
758,7
759,13
760,14
761,4
762,3
762,9
763,7
764,6
764,7
765,3
765,7
766,7
767,7
768,7
769,13
770,7
771,3
771,7
772,3
773,7
774,7
775,11
776,3
776,7
777,14
778,7
779,6
779,7
780,8
780,12
780,14
781,7
782,10
783,1
783,2
783,15
784,3
785,3
786,8
786,10
787,13
788,3
788,5
788,6
788,12
789,7
790,7
791,13
792,5
793,7
794,3
794,7
795,7
796,7
797,3
798,4
798,8
798,10
799,3
799,11
800,7
800,16
801,2
801,3
802,6
802,7
803,6
804,3
804,6
805,7
806,7
807,3
807,6
808,2
808,4
809,4
809,8
810,2
810,3
810,5
811,3
812,7
813,3
814,7
815,8
815,10
815,16
816,7
818,3
819,3
819,7
820,7
821,6
822,7
823,7
824,7
825,3
825,6
826,7
827,7
828,2
828,4
829,3
829,15
830,3
831,7
832,7
832,10
833,3
834,3
835,7
836,4
836,8
836,10
837,2
837,3
838,3
838,6
838,7
839,8
839,10
840,3
841,11
842,11
843,7
844,7
845,7
846,7
847,3
847,7
848,7
849,4
849,8
849,10
849,12
850,7
850,9
851,7
852,3
852,6
853,7
854,7
855,7
856,3
857,7
858,7
858,8
858,9
859,13
860,3
861,8
861,10
862,7
863,3
864,3
864,7
865,7
866,6
866,7
866,9
866,10
867,3
867,9
868,3
869,9
870,3
871,3
872,7
873,7
874,7
874,9
875,7
876,8
877,7
878,7
879,11
880,10
880,12
881,2
881,3
882,7
882,10
884,7
885,2
885,5
885,7
886,8
887,7
888,1
888,2
889,6
890,10
891,10
891,11
892,3
892,6
892,7
893,7
894,6
895,7
896,7
897,4
897,14
898,3
898,6
899,6
899,15
900,6
900,15
901,3
901,15
902,6
902,7
903,10
903,16
904,10
904,16
905,3
906,10
906,16
907,3
907,6
907,15
908,7
908,10
909,3
909,7
910,3
910,9
911,3
911,6
911,10
911,16
912,6
912,7
912,14
913,16
913,17
914,6
914,15
915,3
915,6
916,3
916,6
917,2
917,7
918,15
919,2
919,4
919,7
919,15
920,6
920,7
920,14
921,3
922,17
923,7
924,7
924,10
924,12
924,16
925,4
925,6
926,7
927,3
928,6
928,10
929,10
930,6
930,10
930,17
931,6
931,10
931,16
932,6
933,3
933,6
933,10
934,3
935,3
935,15
936,3
936,6
937,3
937,6
938,15
939,3
939,7
940,4
940,8
941,4
942,9
942,16
942,17
943,6
943,7
944,7
945,3
945,6
945,15
946,3
946,7
946,14
947,3
948,7
949,7
950,16
951,3
952,3
952,4
953,7
954,7
955,3
956,6
956,7
957,7
958,3
958,16
959,7
960,7
960,9
961,7
962,7
962,9
963,15
964,18
965,10
966,7
967,18
968,11
968,12
969,4
969,6
969,8
969,14
970,3
970,7
971,7
972,7
973,7
974,6
974,7
975,3
975,15
976,6
976,14
977,16
978,7
979,7
979,14
980,8
981,7
982,7
983,6
984,3
984,7
985,13
986,2
986,4
987,6
987,7
988,3
988,7
989,7
990,4
990,8
990,10
991,7
991,14
992,10
993,7
994,7
996,7
996,8
996,18
997,7
997,10
998,8
998,9
999,9
1000,9
1001,3
1002,3
1003,7
1003,10
1004,8
1004,10
1005,2
1005,3
1006,7
1007,2
1007,3
1007,18
1008,18
1009,2
1009,4
1009,5
1010,2
1010,3
1011,2
1011,3
1011,4
1012,2
1012,7
1013,2
1013,7
1014,2
1014,3
1014,7
1015,2
1015,4
1016,2
1016,3
1017,2
1017,4
1018,2
1018,3
1018,16
1019,2
1019,4
1019,5
1019,12
1020,3
1021,2
1021,3
1022,1
1022,2
1022,15
1023,1
1023,2
1024,1
1024,2
1024,15
1025,1
1025,2
1026,2
1026,7
1027,7
1028,2
1028,3
1028,15
1029,1
1029,2
1029,15
1030,1
1030,2
1030,4
1030,15
1031,2
1031,4
1031,15
1032,1
1032,2
1032,15
1033,1
1033,2
1034,9
1035,15
1036,8
1036,10
1037,8
1037,10
1037,12
1038,7
1039,13
1040,7
1041,7
1042,3
1043,6
1043,7
1044,7
1045,3
1045,7
1046,6
1046,7
1047,8
1047,10
1049,4
1049,8
1050,7
1050,13
1051,7
1052,7
1053,7
1053,9
1054,7
1055,10
1056,7
1057,3
1057,6
1057,15
1058,7
1059,6
1059,7
1060,3
1060,7
1061,7
1061,9
1062,7
1063,7
1064,1
1064,2
1064,3
1065,16
1066,3
1066,6
1066,15
1067,3
1067,6
1067,15
1068,9
1068,17
1069,10
1069,17
1070,4
1071,6
1071,14
1073,2
1073,3
1073,4
1073,5
1075,3
1076,10
1077,3
1077,12
1078,3
1078,14
1079,3
1080,3
1081,3
1081,15
1082,7
1083,3
1083,15
1084,7
1084,9
1085,4
1085,7
1086,10
1086,16
1087,15
1088,6
1088,15
1089,9
1089,10
1090,7
1090,14
1091,3
1092,10
1092,16
1093,7
1093,15
1094,6
1094,7
1094,14
1095,7
1096,7
1097,2
1097,5
1097,7
1097,12
1098,3
1099,7
1100,6
1100,8
1101,6
1101,8
1102,8
1103,7
1104,7
1105,11
1106,13
1107,3
1108,13
1109,7
1110,8
1111,13
1112,7
1112,8
1113,3
1114,7
1115,3
1115,7
1116,7
1117,7
1118,4
1118,18
1119,7
1120,7
1121,7
1122,13
1123,13
1124,7
1125,3
1126,3
1126,5
1127,4
1127,8
1127,10
1127,12
1128,11
1129,4
1129,8
1129,10
1129,12
1130,11
1131,7
1132,7
1133,3
1133,7
1134,7
1134,8
1135,3
1136,3
1137,6
1138,13
1139,7
1140,7
1141,7
1142,7
1143,3
1144,13
1145,13
1146,3
1146,7
1147,13
1148,1
1148,3
1149,7
1149,13
1150,7
1151,1
1151,3
1151,10
1152,9
1152,10
1152,17
1153,17
1154,17
1155,7
1156,7
1157,7
1158,3
1159,6
1160,3
1161,7
1162,3
1163,7
1164,7
1165,7
1165,10
1166,3
1167,3
1168,11
1169,13
1170,8
1171,3
1172,3
1172,6
1172,7
1173,7
1174,3
1175,3
1175,12
1176,7
1177,7
1178,7
1178,14
1179,7
1179,9
1179,17
1180,3
1181,8
1183,6
1183,7
1183,14
1184,3
1184,14
1185,7
1186,7
1187,7
1188,3
1188,6
1189,13
1190,7
1191,13
1192,13
1193,7
1194,3
1196,4
1196,7
1196,8
1196,12
1196,14
1197,3
1197,4
1197,6
1197,8
1198,4
1198,8
1199,12
1200,8
1200,10
1200,12
1200,14
1201,8
1201,18
1202,3
1203,7
1204,4
1204,14
1205,1
1205,2
1205,8
1205,10
1205,12
1205,14
1206,12
1207,7
1208,7
1208,14
1209,18
1210,4
1210,6
1210,8
1210,12
1210,14
1211,3
1211,6
1211,7
1212,10
1212,16
1213,7
1213,9
1214,8
1214,10
1214,11
1214,12
1215,3
1215,4
1215,8
1215,11
1215,12
1216,4
1216,6
1217,7
1217,14
1218,8
1218,10
1219,10
1219,11
1220,3
1220,8
1220,15
1221,7
1221,8
1221,9
1222,7
1222,8
1222,14
1223,1
1223,3
1224,7
1224,14
1225,7
1226,3
1226,6
1227,7
1227,9
1227,10
1228,7
1230,3
1230,6
1231,7
1232,12
1232,16
1233,7
1233,8
1233,14
1234,3
1234,9
1235,3
1236,3
1236,7
1237,7
1238,3
1240,8
1240,10
1240,12
1241,3
1241,11
1242,7
1242,8
1242,14
1243,3
1243,7
1244,3
1244,6
1244,7
1245,7
1246,7
1247,6
1247,7
1248,9
1248,10
1248,17
1249,10
1250,7
1250,14
1251,7
1252,10
1252,16
1252,17
1253,7
1253,12
1254,4
1255,3
1255,11
1256,3
1256,14
1257,3
1258,11
1259,3
1259,4
1259,7
1260,9
1260,10
1260,17
1261,3
1261,4
1261,8
1261,11
1262,4
1262,14
1263,7
1263,14
1264,6
1264,7
1264,8
1264,10
1264,16
1265,3
1265,6
1266,18
1267,10
1267,17
1268,7
1269,3
1269,10
1269,16
1270,3
1270,12
1271,7
1272,7
1272,14
1273,3
1273,7
1274,1
1274,4
1274,10
1274,12
1275,4
1275,8
1276,3
1276,7
1277,6
1277,7
1277,8
1278,3
1278,11
1279,3
1279,7
1280,7
1281,3
1282,1
1282,2
1282,15
1283,18
1284,16
1284,17
1285,3
1286,6
1286,7
1287,4
1287,7
1287,8
1288,3
1288,7
1288,15
1289,13
1289,14
1290,6
1290,7
1291,4
1291,8
1292,3
1293,7
1294,3
1294,14
1295,7
1296,6
1296,7
1297,3
1298,7
1298,14
1298,15
1299,7
1299,14
1300,7
1301,12
1302,7
1303,4
1304,3
1304,8
1304,18
1305,7
1306,7
1306,12
1307,3
1307,6
1308,3
1309,6
1309,7
1310,13
1311,3
1312,7
1313,9
1314,6
1315,13
1316,7
1317,3
1318,3
1318,7
1319,13
1320,8
1320,10
1320,11
1320,12
1321,11
1322,11
1323,11
1324,11
1325,11
1326,11
1327,11
1328,11
1329,11
1330,3
1330,11
1331,11
1332,10
1332,11
1333,11
1334,11
1334,12
1335,8
1335,11
1336,11
1337,11
1339,6
1339,11
1340,11
1341,11
1342,11
1343,10
1344,10
1344,17
1345,11
1346,11
1347,11
1348,11
1349,11
1350,11
1351,7
1352,9
1352,10
1353,3
1353,6
1354,7
1355,10
1355,11
1356,4
1356,8
1356,12
1357,6
1357,7
1358,7
1358,10
1359,2
1359,3
1359,4
1360,7
1361,13
1362,7
1363,7
1364,8
1365,7
1366,7
1367,2
1367,3
1368,7
1369,7
1369,10
1370,8
1370,10
1371,4
1371,8
1371,12
1372,4
1372,8
1372,12
1373,4
1373,8
1373,12
1374,4
1374,8
1374,12
1375,4
1375,8
1375,12
1376,4
1376,8
1376,12
1377,3
1377,4
1377,8
1377,9
1378,3
1378,8
1378,18
1379,3
1379,8
1379,18
1380,3
1380,6
1380,15
1381,3
1381,6
1381,15
1382,7
1382,8
1383,8
1383,12
1384,7
1385,8
1386,18
1387,8
1387,11
1388,8
1388,11
1389,8
1389,11
1390,3
1391,3
1391,8
1391,12
1391,14
1392,3
1392,7
1393,6
1393,7
1394,3
1395,3
1395,7
1396,7
1396,9
1396,12
1397,7
1398,6
1398,14
1399,7
1400,7
1401,7
1404,7
1404,9
1405,1
1405,3
1406,7
1407,10
1407,11
1408,6
1408,8
1408,14
1409,3
1409,6
1410,3
1410,7
1411,7
1412,7
1413,7
1414,3
1415,6
1415,7
1415,9
1416,7
1416,15
1417,7
1419,7
1420,13
1421,13
1422,10
1422,16
1423,7
1424,8
1425,3
1426,2
1427,10
1428,7
1429,8
1430,10
1431,3
1431,8
1432,8
1433,3
1433,11
1434,8
1436,3
1437,7
1438,8
1438,10
1439,3
1440,3
1441,3
1441,6
1442,7
1443,13
1444,3
1445,3
1445,14
1446,3
1447,9
1448,13
1449,3
1450,14
1453,3
1453,6
1454,3
1455,3
1455,6
1456,3
1457,3
1457,6
1458,6
1459,10
1459,16
1460,2
1460,3
1460,16
1461,3
1462,13
1463,3
1463,6
1464,16
1465,7
1466,7
1466,9
1467,3
1467,7
1468,3
1468,6
1470,13
1471,7
1472,9
1472,10
1473,3
1473,7
1473,8
1473,9
1474,2
1474,3
1475,6
1476,3
1476,7
1477,6
1479,6
1479,8
1479,10
1480,7
1480,8
1480,10
1482,3
1482,7
1483,7
1483,10
1484,16
1485,3
1486,7
1487,7
1487,15
1488,7
1488,8
1488,10
1488,14
1489,1
1489,2
1489,15
1490,3
1493,6
1494,3
1495,2
1495,4
1495,8
1496,6
1496,7
1497,8
1498,6
1498,7
1499,4
1499,8
1499,10
1500,3
1500,9
1501,9
1502,6
1503,3
1504,7
1507,7
1507,14
1508,7
1509,7
1510,7
1511,3
1513,3
1514,6
1515,7
1515,10
1516,3
1517,3
1518,8
1518,10
1519,7
1520,6
1522,7
1523,6
1523,8
1523,9
1524,7
1525,2
1525,4
1525,5
1525,8
1526,3
1527,8
1527,12
1528,3
1529,7
1531,7
1532,3
1533,7
1534,7
1535,6
1535,7
1537,3
1538,2
1538,4
1539,3
1539,9
1541,3
1541,6
1542,3
1542,6
1542,7
1543,7
1544,4
1544,8
1544,10
1544,12
1545,7
1546,3
1547,2
1547,7
1548,7
1549,6
1549,7
1550,3
1550,6
1551,2
1551,4
1551,7
1552,4
1552,8
1552,10
1553,3
1554,6
1554,7
1555,7
1556,6
1556,8
1556,10
1557,7
1558,3
1559,7
1561,3
1562,4
1562,8
1562,9
1563,7
1564,3
1564,6
1565,3
1565,10
1566,1
1566,2
1566,3
1566,4
1566,15
1567,7
1568,7
1568,9
1568,16
1569,3
1569,6
1570,12
1571,3
1571,6
1572,7
1573,8
1573,10
1573,12
1574,6
1575,7
1577,7
1578,9
1579,7
1580,3
1580,4
1580,8
1580,12
1581,3
1582,2
1582,4
1583,2
1583,5
1584,7
1584,12
1585,3
1586,7
1586,8
1586,14
1587,4
1587,8
1588,2
1588,3
1589,7
1589,9
1589,16
1590,8
1590,10
1590,12
1590,16
1591,4
1591,8
1591,10
1591,12
1592,2
1592,3
1593,3
1593,6
1594,7
1595,2
1595,4
1595,7
1596,7
1597,6
1597,8
1597,10
1597,16
1598,7
1598,9
1598,10
1599,8
1600,6
1600,7
1601,7
1601,9
1601,17
1602,3
1603,10
1603,12
1604,3
1604,8
1605,4
1605,6
1606,4
1606,8
1608,8
1608,10
1609,7
1610,8
1610,10
1611,7
1612,3
1613,7
1614,3
1615,4
1615,10
1616,8
1616,10
1616,14
1617,9
1617,10
1617,16
1617,17
1619,7
1619,14
1620,7
1620,9
1620,10
1621,7
1622,3
1622,7
1623,11
1624,7
1625,10
1625,16
1626,7
1626,8
1626,10
1627,8
1627,9
1627,16
1628,7
1629,3
1629,6
1630,3
1630,7
1631,10
1632,3
1632,6
1633,7
1635,7
1636,8
1636,10
1639,6
1639,7
1640,3
1641,3
1642,3
1642,7
1643,6
1643,7
1644,10
1644,11
1644,16
1645,9
1645,10
1645,11
1645,16
1646,3
1647,9
1647,10
1648,3
1648,7
1648,10
1649,13
1650,7
1651,7
1652,13
1653,7
1653,10
1653,12
1654,2
1654,5
1654,7
1655,11
1656,6
1657,13
1658,6
1658,10
1659,7
1660,7
1661,10
1662,9
1663,3
1664,7
1665,3
1666,6
1667,7
1667,8
1668,7
1669,6
1670,7
1670,14
1671,9
1672,7
1673,7
1674,6
1674,7
1674,10
1675,9
1675,10
1676,4
1676,8
1676,12
1676,14
1677,3
1678,7
1679,3
1680,6
1680,7
1681,4
1681,8
1682,7
1683,6
1683,7
1683,10
1684,6
1685,6
1686,9
1686,10
1687,8
1687,10
1688,1
1688,2
1688,15
1689,3
1689,16
1690,8
1690,11
1690,12
1692,11
1692,12
1693,7
1694,7
1695,7
1696,7
1696,14
1697,9
1698,3
1699,7
1701,3
1701,7
1702,2
1702,3
1702,5
1703,3
1704,7
1705,7
1706,7
1707,2
1707,3
1708,7
1709,10
1710,7
1711,3
1711,7
1711,9
1711,16
1713,2
1713,3
1714,6
1715,10
1716,7
1717,10
1717,11
1718,10
1719,7
1720,4
1720,8
1720,12
1721,6
1721,7
1722,6
1722,8
1722,10
1723,3
1723,7
1724,7
1725,7
1726,7
1727,7
1728,7
1729,7
1729,9
1730,7
1731,3
1732,3
1732,9
1732,10
1732,16
1733,6
1733,7
1734,3
1734,7
1735,6
1735,7
1738,3
1739,2
1739,8
1740,7
1740,8
1741,7
1742,9
1743,13
1744,4
1744,8
1744,10
1746,3
1747,3
1747,7
1748,10
1748,12
1748,17
1749,6
1750,2
1750,4
1750,5
1750,12
1752,8
1752,10
1753,3
1754,8
1754,10
1754,16
1755,6
1756,11
1757,7
1758,7
1759,7
1760,3
1760,15
1762,8
1762,11
1762,12
1764,3
1764,10
1765,7
1765,9
1767,6
1767,7
1768,7
1769,8
1769,10
1770,6
1770,10
1771,11
1772,3
1772,8
1772,15
1773,7
1773,8
1774,3
1774,7
1776,7
1777,3
1777,6
1779,4
1779,10
1779,12
1780,13
1781,7
1782,3
1782,6
1783,10
1783,16
1783,17
1784,3
1784,7
1785,8
1785,9
1787,13
1788,7
1788,8
1789,7
1791,7
1791,9
1792,8
1792,10
1793,3
1794,3
1794,7
1795,7
1796,7
1796,8
1797,13
1798,10
1799,7
1799,9
1801,6
1801,7
1801,8
1804,7
1804,9
1805,7
1805,9
1805,10
1805,16
1806,2
1806,3
1806,4
1807,7
1809,3
1809,7
1809,9
1810,7
1811,7
1812,2
1812,3
1812,7
1814,7
1815,7
1816,3
1816,7
1817,3
1817,6
1817,7
1819,7
1820,7
1821,3
1821,6
1822,2
1822,3
1824,3
1824,10
1825,7
1825,8
1826,2
1826,4
1827,3
1827,13
1829,6
1829,7
1830,3
1831,8
1831,10
1831,12
1832,7
1832,8
1833,7
1833,8
1833,10
1834,7
1834,10
1835,6
1836,7
1837,3
1839,3
1840,7
1841,7
1841,10
1842,7
1842,9
1843,2
1843,3
1844,7
1845,3
1845,10
1846,7
1847,7
1847,10
1848,2
1848,3
1848,4
1848,5
1849,4
1850,6
1850,7
1851,6
1851,7
1852,7
1852,10
1853,3
1854,3
1854,6
1855,3
1856,13
1856,15
1857,3
1858,3
1858,8
1859,7
1860,7
1861,3
1861,10
1862,11
1862,12
1863,3
1864,3
1865,13
1866,3
1866,8
1867,4
1867,8
1868,7
1868,14
1869,8
1869,10
1870,3
1870,7
1871,3
1871,7
1872,7
1873,7
1874,3
1874,6
1875,3
1876,7
1876,8
1876,10
1876,12
1877,7
1878,3
1878,6
1879,7
1880,7
1881,1
1881,2
1881,4
1881,5
1882,8
1882,12
1883,3
1884,3
1884,7
1885,3
1885,7
1886,3
1887,3
1887,4
1888,3
1888,6
1888,7
1889,10
1890,7
1891,10
1891,11
1892,10
1892,16
1893,7
1894,3
1894,4
1894,6
1895,3
1895,6
1895,7
1896,3
1897,6
1897,7
1898,7
1898,14
1899,4
1899,7
1900,7
1901,13
1902,6
1902,7
1903,3
1904,3
1904,7
1905,7
1906,3
1906,6
1907,1
1907,2
1908,7
1908,10
1909,10
1909,12
1909,16
1910,3
1910,8
1910,9
1911,3
1912,6
1912,8
1912,9
1913,7
1913,16
1914,3
1914,7
1915,7
1916,3
1916,7
1916,8
1917,4
1917,8
1917,10
1917,12
1918,3
1918,7
1918,8
1918,9
1919,2
1919,3
1920,1
1920,2
1920,5
1920,14
1921,10
1921,12
1922,7
1923,3
1924,11
1924,12
1925,6
1925,7
1925,14
1926,15
1927,14
1928,18
1929,7
1930,7
1931,4
1932,15
1933,7
1934,3
1935,7
1936,7
1936,14
1937,3
1938,7
1939,7
1939,14
1940,7
1941,7
1942,7
1943,7
1944,6
1944,7
1944,14
1945,7
1945,9
1946,6
1946,7
1947,6
1947,15
1948,3
1949,7
1950,7
1950,16
1951,15
1952,7
1953,7
1953,8
1953,9
1953,10
1954,7
1954,8
1955,7
1956,7
1957,7
1958,3
1958,7
1959,6
1959,7
1960,7
1960,14
1961,7
1962,7
1963,3
1964,7
1964,16
1965,3
1965,12
1966,3
1967,2
1967,4
1967,5
1968,3
1968,7
1969,11
1970,11
1971,11
1972,11
1973,11
1974,11
1975,11
1976,11
1977,11
1978,11
1979,11
1980,11
1981,11
1982,11
1983,11
1984,11
1985,11
1986,11
1987,11
1988,11
1989,11
1990,11
1991,11
1992,11
1993,11
1994,10
1994,11
1995,10
1995,11
1996,10
1996,11
1997,11
1998,11
1999,11
2000,3
2000,7
2000,8
2000,9
2001,3
2001,7
2001,8
2001,9
2002,3
2002,7
2002,8
2002,9
2003,3
2003,11
2004,3
2004,11
2005,2
2005,4
2005,5
2006,4
2006,6
2006,8
2007,3
2008,7
2008,9
2008,17
2009,10
2009,12
2010,12
2011,3
2011,12
2012,3
2012,12
2012,18
2013,4
2013,8
2014,2
2014,3
2015,2
2015,3
2015,5
2016,2
2016,3
2016,18
2017,2
2017,5
2017,15
2018,1
2018,2
2019,7
2019,8
2020,6
2020,7
2021,5
2021,12
2022,7
2023,7
2023,8
2023,9
2024,7
2024,16
2025,6
2025,7
2026,10
2026,11
2027,3
2027,9
2028,7
2028,8
2028,14
2029,3
2029,6
2030,7
2031,2
2031,3
2032,2
2032,3
2033,1
2033,2
2034,12
2035,2
2035,3
2036,2
2036,3
2037,2
2037,3
2037,4
2038,2
2038,3
2038,12
2039,2
2039,4
2040,2
2040,3
2041,2
2041,3
2041,4
2041,8
2042,2
2042,3
2043,2
2043,4
2043,5
2044,3
2045,2
2045,4
2045,6
2045,7
2046,2
2046,4
2046,12
2047,2
2048,1
2048,2
2049,3
2049,15
2050,2
2050,3
2050,4
2051,2
2051,3
2051,4
2052,2
2052,3
2053,2
2053,3
2053,12
2054,2
2054,3
2054,4
2054,5
2054,12
2055,3
2055,18
2056,2
2056,4
2057,2
2057,4
2058,8
2058,10
2059,2
2059,7
2060,3
2061,13
2062,6
2062,7
2063,6
2063,7
2064,3
2064,13
2065,3
2065,6
2065,7
2066,17
2067,6
2067,7
2067,14
2068,7
2069,7
2070,7
2071,7
2072,3
2073,3
2074,7
2075,7
2075,14
2076,7
2076,16
2077,2
2077,4
2078,1
2078,2
2078,3
2078,15
2079,2
2079,7
2080,1
2080,2
2080,3
2080,6
2080,15
2081,1
2081,2
2081,3
2081,6
2081,15
2082,2
2082,3
2083,2
2083,15
2084,2
2084,15
2085,1
2085,2
2086,5
2086,7
2087,1
2087,2
2087,5
2087,15
2088,3
2088,4
2088,15
2089,1
2089,2
2090,1
2090,2
2091,2
2091,12
2092,1
2092,2
2092,15
2093,2
2093,4
2093,5
2093,12
2094,4
2094,8
2094,12
2095,2
2095,3
2096,1
2096,2
2096,15
2097,2
2097,11
2098,2
2098,3
2099,1
2099,2
2099,4
2099,15
2100,3
2100,5
2100,6
2101,4
2101,7
2102,1
2102,2
2102,3
2102,15
2103,2
2103,4
2104,7
2105,4
2105,5
2105,8
2105,12
2106,7
2106,14
2107,10
2107,11
2108,3
2108,6
2109,3
2110,3
2110,9
2110,10
2111,3
2112,7
2112,9
2113,10
2113,11
2114,7
2115,4
2115,8
2116,1
2116,2
2116,4
2116,12
2117,7
2117,12
2118,10
2118,11
2119,11
2120,7
2120,11
2121,10
2121,11
2122,10
2122,11
2123,1
2123,2
2124,3
2125,6
2125,7
2126,8
2126,9
2126,10
2126,16
2127,6
2127,7
2128,3
2129,13
2130,6
2130,7
2130,9
2131,7
2132,7
2133,3
2133,4
2134,3
2135,4
2135,15
2136,3
2137,1
2137,2
2138,1
2138,2
2138,5
2138,7
2139,1
2139,2
2140,2
2140,5
2140,12
2141,1
2141,2
2141,3
2142,1
2142,2
2142,3
2143,4
2143,5
2143,6
2144,3
2145,3
2145,6
2145,7
2146,6
2146,7
2147,7
2148,3
2148,11
2149,3
2149,11
2150,3
2151,3
2152,2
2152,3
2153,4
2153,8
2154,6
2154,7
2155,3
2156,3
2156,7
2157,6
2158,9
2158,11
2159,9
2159,11
2160,10
2160,11
2161,2
2161,4
2161,5
2162,2
2162,4
2162,5
2163,3
2163,11
2164,7
2165,7
2166,6
2166,7
2167,4
2167,8
2167,11
2168,6
2168,7
2169,3
2170,3
2170,8
2171,3
2171,6
2171,7
2172,3
2173,4
2173,5
2173,12
2174,3
2174,5
2175,6
2175,7
2176,10
2177,3
2177,10
2178,10
2179,10
2180,10
2181,10
2182,7
2182,10
2182,17
2183,10
2184,10
2184,16
2185,10
2186,10
2186,17
2187,10
2187,16
2188,7
2189,1
2190,7
2191,3
2192,7
2193,4
2193,5
2193,8
2194,7
2194,8
2194,9
2195,3
2196,8
2197,7
2198,13
2199,7
2199,9
2200,7
2201,7
2202,7
2202,10
2202,14
2203,10
2203,17
2204,10
2205,3
2206,10
2206,16
2207,7
2208,3
2208,6
2208,10
2208,16
2209,9
2209,10
2210,10
2211,10
2212,10
2213,3
2213,15
2214,10
2215,3
2215,6
2216,7
2217,3
2217,15
2218,7
2219,10
2219,16
2220,7
2221,10
2222,3
2223,3
2224,7
2225,7
2226,7
2227,10
2228,7
2229,7
2230,3
2231,7
2231,9
2232,10
2232,12
2233,7
2234,7
2235,7
2235,14
2236,7
2237,7
2238,3
2238,7
2239,3
2239,7
2240,7
2241,3
2242,7
2243,3
2243,6
2243,7
2244,3
2244,6
2245,3
2245,7
2246,3
2247,3
2248,3
2248,6
2248,7
2249,3
2250,7
2251,3
2252,3
2252,7
2253,3
2253,5
2253,8
2254,7
2255,3
2256,11
2256,12
2257,3
2257,6
2258,8
2259,3
2259,6
2260,8
2260,9
2261,3
2262,3
2262,6
2262,7
2263,10
2264,7
2265,3
2265,4
2266,3
2266,6
2267,10
2267,16
2268,7
2268,9
2269,7
2270,13
2271,7
2272,7
2273,8
2273,10
2274,7
2275,4
2275,8
2275,12
2276,7
2277,7
2278,8
2278,9
2278,10
2279,10
2279,11
2280,9
2281,9
2282,3
2282,7
2283,7
2284,7
2285,7
2286,3
2287,10
2287,12
2287,14
2288,8
2288,10
2288,11
2288,12
2289,3
2289,7
2290,3
2290,7
2291,6
2291,7
2292,6
2293,7
2294,1
2294,2
2295,3
2296,3
2297,6
2297,7
2298,10
2299,3
2300,3
2300,15
2301,3
2302,3
2303,7
2303,15
2304,7
2305,7
2306,3
2307,7
2307,8
2308,8
2308,9
2309,7
2310,7
2311,12
2311,16
2312,7
2313,7
2314,7
2315,10
2315,11
2316,6
2316,7
2317,3
2318,3
2319,3
2320,7
2320,10
2321,3
2322,4
2322,8
2322,10
2322,12
2322,14
2323,13
2324,3
2324,7
2325,3
2326,7
2326,10
2327,11
2328,11
2329,7
2330,13
2331,3
2331,6
2332,7
2332,9
2333,7
2334,8
2334,10
2335,3
2336,7
2337,7
2338,10
2338,11
2338,16
2339,3
2339,6
2340,6
2341,7
2342,3
2343,7
2344,4
2344,7
2344,8
2344,10
2345,7
2346,10
2346,12
2347,8
2348,7
2349,3
2349,10
2350,3
2351,7
2352,3
2352,7
2353,8
2353,10
2354,1
2354,2
2354,3
2355,1
2355,2
2355,3
2356,3
2357,7
2358,7
2359,3
2360,7
2361,3
2362,7
2363,8
2363,12
2364,8
2364,12
2365,8
2365,12
2366,4
2366,8
2366,11
2367,4
2367,8
2367,11
2368,4
2368,8
2368,11
2369,3
2369,6
2370,4
2370,7
2370,8
2371,3
2372,3
2373,4
2373,8
2374,3
2374,7
2375,3
2376,8
2377,11
2377,12
2378,3
2379,3
2380,3
2381,3
2382,3
2383,3
2384,2
2384,3
2385,3
2385,6
2386,7
2387,3
2387,9
2388,6
2388,7
2389,9
2389,10
2389,11
2390,3
2391,9
2391,10
2392,3
2392,7
2393,8
2393,12
2394,1
2394,15
2395,3
2396,3
2396,6
2397,7
2398,7
2399,2
2399,4
2399,5
2400,2
2400,7
2401,18
2402,8
2402,14
2403,8
2404,8
2404,14
2405,3
2405,4
2405,6
2405,8
2406,3
2406,4
2406,6
2406,8
2407,3
2407,12
2408,3
2408,12
2409,7
2409,8
2410,7
2410,8
2411,7
2411,8
2412,7
2412,8
2413,3
2413,16
2414,4
2414,8
2414,16
2415,6
2415,7
2416,3
2417,3
2417,7
2418,3
2419,7
2419,10
2420,7
2421,4
2421,7
2421,8
2422,4
2422,7
2422,8
2423,3
2424,3
2424,6
2425,9
2426,3
2426,6
2426,7
2427,7
2427,8
2427,14
2428,11
2428,12
2429,2
2429,4
2429,7
2430,2
2430,4
2430,7
2431,3
2431,7
2432,7
2433,7
2434,7
2435,7
2436,3
2437,7
2438,7
2438,10
2439,7
2440,7
2441,7
2441,18
2442,7
2443,6
2443,7
2444,3
2444,7
2445,7
2446,10
2447,3
2447,7
2448,11
2448,12
2449,2
2449,4
2450,2
2450,4
2450,12
2451,11
2452,11
2453,5
2453,7
2454,11
2454,12
2455,11
2455,12
2456,11
2456,12
2457,3
2457,8
2458,3
2458,9
2459,11
2460,11
2461,11
2462,11
2463,3
2464,11
2465,11
2466,7
2467,16
2468,3
2468,6
2468,8
2468,10
2469,3
2469,6
2470,3
2470,4
2471,3
2471,4
2472,3
2473,3
2474,7
2475,8
2475,10
2475,16
2476,8
2476,14
2477,4
2478,3
2478,18
2479,7
2479,10
2480,7
2481,6
2481,7
2482,3
2482,6
2483,3
2483,10
2483,11
2484,3
2485,3
2485,6
2486,7
2487,3
2487,8
2488,7
2488,10
2488,11
2489,7
2490,8
2490,10
2491,3
2491,6
2492,3
2493,7
2494,13
2495,1
2495,12
2496,3
2496,6
2497,6
2498,3
2498,12
2499,3
2500,3
2501,7
2502,3
2502,6
2503,7
2504,3
2504,7
2505,10
2506,3
2506,6
2506,7
2507,3
2508,7
2509,3
2510,3
2510,6
2511,9
2512,7
2513,11
2514,11
2515,11
2516,11
2517,11
2518,3
2519,11
2520,7
2521,7
2522,7
2523,7
2523,10
2524,7
2524,8
2525,8
2525,11
2525,12
2526,12
2527,8
2527,10
2527,12
2527,18
2528,4
2528,8
2528,12
2529,8
2529,12
2530,8
2530,12
2531,8
2531,12
2532,8
2532,12
2533,8
2533,12
2534,8
2535,8
2536,7
2537,4
2538,13
2539,3
2540,7
2540,8
2540,9
2540,10
2541,7
2542,3
2542,9
2542,10
2543,3
2544,7
2545,3
2546,7
2547,7
2548,11
2549,8
2549,12
2550,10
2550,11
2551,7
2551,10
2552,3
2553,10
2553,11
2553,12
2554,10
2554,11
2554,12
2555,3
2556,3
2556,6
2556,7
2557,7
2558,3
2558,6
2559,1
2559,2
2560,7
2560,11
2561,9
2561,10
2562,7
2563,7
2564,7
2565,15
2566,1
2566,2
2567,3
2568,8
2568,9
2569,6
2569,7
2570,6
2570,7
2571,8
2571,10
2571,12
2572,3
2572,6
2573,7
2574,3
2575,7
2576,7
2577,3
2577,7
2578,12
2579,7
2580,9
2581,3
2581,6
2582,3
2582,8
2583,16
2584,3
2585,6
2585,7
2586,3
2586,9
2586,10
2587,3
2588,7
2589,3
2589,6
2589,7
2590,7
2591,3
2591,6
2592,7
2593,3
2594,6
2594,7
2594,12
2595,13
2596,3
2596,7
2597,3
2597,6
2598,3
2599,3
2600,8
2600,10
2600,12
2601,3
2602,4
2602,12
2603,7
2604,13
2605,9
2605,10
2606,3
2606,11
2607,7
2608,10
2609,7
2610,7
2611,7
2612,7
2613,8
2613,11
2613,12
2614,8
2614,11
2614,12
2615,4
2615,12
2616,8
2616,9
2617,4
2617,8
2617,10
2617,11
2618,3
2619,7
2620,6
2620,7
2621,6
2621,7
2622,3
2622,5
2623,3
2624,7
2625,8
2626,3
2626,6
2626,7
2627,7
2627,13
2628,4
2628,5
2628,8
2628,12
2629,3
2629,6
2630,7
2631,3
2631,10
2631,17
2632,7
2633,6
2633,11
2634,11
2635,11
2636,11
2637,11
2638,11
2639,7
2640,4
2640,8
2640,12
2641,4
2641,8
2641,12
2642,4
2642,8
2642,12
2643,4
2643,8
2643,12
2644,11
2645,11
2646,11
2647,11
2648,11
2649,11
2650,11
2651,11
2652,11
2653,11
2654,11
2655,11
2656,11
2656,12
2657,3
2657,11
2657,12
2657,15
2658,12
2659,3
2659,13
2660,12
2661,12
2662,8
2662,12
2662,14
2663,12
2664,11
2664,12
2665,12
2666,12
2667,12
2668,11
2668,12
2669,14
2670,14
2671,3
2671,6
2672,7
2672,10
2672,12
2673,7
2674,7
2675,3
2675,6
2675,7
2676,7
2676,10
2677,13
2678,7
2679,6
2679,7
2680,7
2681,3
2681,6
2681,12
2682,7
2683,3
2684,3
2684,7
2685,3
2685,7
2686,7
2686,16
2687,1
2687,2
2688,7
2688,10
2689,13
2690,3
2691,7
2692,6
2692,8
2692,9
2693,13
2694,3
2695,7
2696,3
2697,3
2697,6
2697,7
2698,12
2699,3
2699,8
2699,10
2699,12
2700,1
2700,3
2701,8
2701,12
2701,18
2702,7
2703,7
2704,6
2704,7
2705,7
2706,3
2707,10
2708,6
2709,2
2709,3
2710,11
2711,7
2712,7
2713,10
2713,11
2714,7
2715,3
2715,6
2716,3
2716,11
2717,3
2717,11
2718,3
2719,10
2719,11
2720,2
2720,3
2720,4
2720,8
2721,6
2722,8
2722,10
2722,12
2723,3
2723,4
2723,8
2724,3
2724,6
2725,7
2726,9
2726,17
2727,17
2728,7
2729,7
2730,7
2731,7
2732,7
2733,3
2733,4
2734,7
2735,3
2735,4
2735,8
2736,3
2737,8
2738,3
2738,7
2739,7
2740,11
2741,8
2741,10
2742,3
2742,7
2743,7
2744,7
2745,7
2746,3
2746,11
2746,15
2747,3
2747,11
2748,4
2748,8
2749,7
2749,16
2750,3
2750,7
2751,3
2752,3
2752,16
2753,10
2754,11
2755,7
2756,8
2757,7
2758,7
2759,3
2760,7
2761,1
2761,2
2762,10
2763,8
2763,10
2764,7
2764,9
2764,10
2765,3
2765,7
2766,3
2766,7
2767,3
2768,3
2769,9
2769,16
2770,3
2771,7
2772,3
2773,7
2774,3
2774,6
2775,7
2776,13
2777,7
2778,10
2779,3
2780,3
2780,11
2781,11
2782,11
2783,11
2784,11
2785,11
2786,3
2787,11
2788,3
2789,11
2790,11
2791,3
2792,3
2793,3
2793,11
2794,3
2795,3
2796,3
2797,3
2797,5
2798,3
2799,3
2800,1
2800,2
2801,6
2801,7
2802,6
2802,8
2802,10
2803,10
2804,3
2804,7
2805,3
2805,6
2806,3
2806,10
2807,8
2807,12
2808,8
2808,12
2809,3
2810,1
2810,16
2811,3
2812,8
2812,10
2813,13
2814,11
2815,8
2815,14
2816,8
2816,14
2817,8
2817,14
2818,8
2818,14
2819,10
2820,7
2821,4
2821,7
2822,4
2822,6
2823,7
2823,8
2824,13
2825,7
2826,8
2826,10
2826,11
2827,10
2827,12
2828,2
2828,3
2829,3
2829,7
2830,7
2831,7
2832,7
2833,6
2833,14
2834,3
2834,6
2835,8
2835,10
2836,3
2837,3
2837,6
2838,3
2839,7
2840,10
2841,10
2842,7
2842,9
2843,3
2843,6
2844,7
2844,16
2845,7
2846,2
2847,7
2848,7
2849,3
2849,7
2850,7
2850,10
2851,4
2851,10
2851,12
2852,7
2853,11
2854,11
2855,11
2856,10
2857,1
2857,15
2858,3
2858,7
2859,13
2860,3
2861,3
2861,7
2862,7
2863,3
2863,15
2864,3
2865,3
2866,7
2867,3
2867,11
2868,11
2869,7
2870,3
2871,4
2871,10
2872,5
2872,6
2872,7
2872,8
2873,6
2873,7
2873,16
2874,3
2875,6
2875,7
2875,16
2876,1
2876,2
2877,7
2877,15
2878,11
2879,3
2879,4
2879,8
2880,3
2880,4
2880,8
2881,8
2881,10
2882,7
2883,3
2884,3
2884,6
2885,6
2885,7
2886,2
2886,3
2887,7
2888,3
2888,6
2889,3
2890,7
2890,14
2891,3
2892,7
2892,8
2893,7
2893,8
2894,6
2894,7
2895,4
2896,18
2897,3
2897,14
2898,11
2898,16
2899,1
2899,2
2899,4
2900,11
2900,12
2901,11
2901,12
2902,10
2902,11
2903,10
2903,11
2904,7
2905,4
2905,8
2906,6
2906,7
2907,3
2908,7
2909,13
2910,6
2910,7
2911,7
2912,7
2912,8
2912,9
2913,3
2914,3
2914,7
2915,3
2916,4
2916,8
2916,10
2916,12
2917,9
2917,10
2918,3
2919,6
2919,7
2920,6
2920,7
2921,18
2922,18
2923,3
2924,3
2924,8
2925,7
2926,3
2926,7
2927,6
2927,7
2928,7
2929,7
2930,13
2931,7
2932,7
2933,7
2934,15
2935,3
2935,6
2936,3
2937,3
2938,7
2939,7
2939,10
2940,17
2941,6
2941,14
2941,15
2942,6
2942,7
2943,6
2943,7
2944,8
2944,14
2945,16
2946,3
2946,15
2947,8
2948,8
2949,8
2950,4
2950,6
2950,7
2951,8
2951,18
2952,9
2952,10
2953,2
2953,3
2954,7
2955,7
2956,8
2956,9
2956,10
2957,7
2958,7
2959,7
2960,7
2961,3
2961,7
2962,3
2962,6
2963,7
2963,9
2964,7
2965,8
2966,7
2967,7
2967,10
2968,4
2968,5
2968,12
2969,6
2969,7
2970,4
2970,7
2971,15
2972,7
2972,14
2973,3
2974,10
2974,11
2975,7
2976,7
2976,11
2977,3
2977,7
2978,3
2978,6
2979,7
2980,7
2981,13
2982,10
2982,11
2983,10
2984,13
2985,8
2985,9
2985,12
2986,8
2986,9
2986,12
2987,1
2987,4
2987,17
2988,7
2989,8
2990,8
2991,8
2992,10
2992,11
2993,8
2994,7
2995,11
2996,7
2997,3
2998,6
2999,3
3000,1
3000,4
3000,8
3001,7
3002,13
3003,3
3003,7
3004,3
3004,6
3005,10
3006,7
3007,13
3008,10
3009,7
3010,7
3011,7
3012,3
3013,3
3013,11
3014,3
3015,10
3016,11
3017,11
3018,11
3019,7
3019,9
3020,7
3020,8
3021,11
3022,3
3023,3
3023,6
3024,11
3024,12
3025,18
3026,11
3027,11
3028,3
3029,7
3029,8
3030,3
3030,7
3030,18
3031,3
3032,12
3033,3
3033,12
3034,1
3034,2
3035,3
3035,7
3035,14
3036,4
3037,3
3037,7
3037,18
3038,7
3039,3
3040,3
3041,3
3042,3
3043,3
3044,6
3044,10
3044,16
3045,3
3045,7
3046,3
3046,6
3047,7
3048,3
3049,3
3049,14
3050,7
3051,7
3052,3
3053,7
3053,14
3054,1
3054,2
3055,10
3056,10
3057,3
3058,11
3058,12
3059,7
3060,3
3060,7
3061,3
3061,15
3062,7
3062,8
3062,14
3063,10
3064,10
3065,7
3066,14
3067,3
3067,7
3068,7
3069,7
3070,3
3070,4
3070,12
3071,7
3072,3
3073,6
3073,7
3074,18
3075,10
3076,3
3077,13
3078,7
3079,7
3080,7
3080,12
3081,6
3081,11
3082,8
3082,10
3083,3
3083,7
3084,13
3085,11
3086,3
3087,3
3088,3
3089,7
3090,7
3091,7
3091,14
3092,7
3093,7
3093,18
3094,6
3094,7
3095,7
3096,3
3097,3
3097,6
3098,7
3099,3
3099,6
3100,7
3101,10
3102,10
3103,6
3103,7
3104,3
3104,4
3104,8
3104,9
3105,7
3106,6
3106,7
3107,7
3107,8
3108,3
3108,6
3108,7
3109,7
3110,7
3111,7
3112,7
3113,8
3113,10
3114,1
3114,2
3114,3
3115,7
3116,7
3117,6
3117,7
3117,14
3118,7
3119,11
3120,3
3121,17
3122,6
3122,7
3122,18
3123,3
3124,3
3124,7
3125,7
3126,7
3127,7
3128,7
3129,3
3129,7
3130,3
3131,3
3132,3
3133,3
3134,7
3134,14
3135,7
3136,13
3137,8
3137,14
3138,7
3139,4
3139,8
3140,3
3141,7
3142,13
3142,15
3143,7
3143,14
3144,3
3144,6
3145,7
3146,3
3147,7
3147,10
3148,7
3149,16
3150,7
3151,7
3151,9
3151,16
3152,7
3153,4
3153,5
3153,8
3154,7
3154,14
3155,6
3155,7
3156,3
3156,7
3156,12
3157,2
3157,3
3158,7
3159,1
3159,2
3159,15
3160,7
3161,7
3162,3
3162,7
3163,7
3164,7
3165,7
3165,8
3166,4
3167,7
3168,4
3168,7
3169,7
3170,18
3171,7
3172,4
3173,7
3174,3
3174,7
3175,3
3175,4
3175,12
3176,7
3176,10
3176,16
3177,3
3178,7
3179,7
3180,3
3180,7
3181,7
3182,13
3183,7
3184,3
3184,7
3184,8
3184,9
3185,7
3186,7
3187,7
3188,13
3189,3
3190,4
3190,12
3191,7
3192,7
3193,13
3194,7
3195,7
3196,7
3196,14
3197,8
3198,7
3199,3
3199,6
3199,15
3200,3
3200,7
3201,7
3202,7
3203,10
3204,10
3205,11
3206,6
3207,4
3208,3
3208,8
3209,7
3210,3
3211,7
3212,7
3213,1
3213,2
3214,7
3215,7
3216,11
3217,7
3218,7
3219,10
3220,7
3221,7
3222,7
3223,7
3224,7
3225,3
3225,6
3226,13
3227,3
3227,7
3227,10
3228,3
3229,7
3229,9
3230,10
3231,3
3232,3
3233,3
3234,3
3235,3
3236,18
3237,13
3238,10
3239,3
3240,3
3241,3
3242,3
3243,3
3244,3
3244,6
3245,7
3246,7
3247,3
3247,9
3248,3
3249,10
3250,7
3251,7
3251,16
3252,7
3253,3
3254,3
3255,3
3255,7
3256,8
3256,10
3257,6
3257,7
3257,8
3257,10
3258,3
3259,6
3259,7
3260,7
3261,3
3261,6
3261,7
3262,7
3262,16
3263,3
3264,3
3264,11
3265,8
3265,9
3266,3
3266,7
3266,8
3266,9
3267,8
3267,10
3268,3
3268,8
3269,4
3269,6
3269,12
3270,7
3271,7
3272,7
3272,9
3273,10
3273,11
3273,16
3274,8
3275,3
3275,8
3276,3
3277,7
3278,13
3279,4
3279,8
3280,11
3281,13
3282,3
3283,8
3284,3
3284,6
3285,4
3285,7
3286,3
3287,1
3287,2
3288,7
3289,7
3290,3
3291,10
3292,17
3293,7
3293,12
3294,11
3295,7
3296,7
3297,13
3298,7
3299,3
3299,7
3300,8
3300,12
3301,3
3301,9
3302,3
3303,13
3304,7
3304,9
3305,11
3305,17
3306,3
3307,3
3307,6
3307,7
3308,3
3308,7
3309,3
3310,8
3311,18
3312,7
3313,3
3314,7
3314,8
3315,15
3316,8
3316,10
3317,3
3317,7
3318,10
3319,7
3320,3
3320,6
3321,3
3322,3
3323,3
3323,9
3324,3
3325,3
3325,7
3326,3
3326,12
3327,13
3328,7
3328,9
3329,7
3330,7
3331,7
3332,2
3332,4
3333,7
3334,7
3334,9
3334,10
3334,17
3335,7
3335,9
3336,7
3337,3
3337,7
3338,13
3339,14
3340,11
3340,12
3341,3
3342,7
3342,14
3343,3
3343,6
3343,7
3344,11
3345,2
3345,4
3346,11
3347,7
3348,9
3348,10
3349,3
3350,7
3351,11
3352,7
3353,3
3353,6
3354,12
3355,10
3356,13
3357,6
3357,7
3358,3
3358,6
3359,7
3360,7
3361,3
3362,3
3362,7
3362,9
3363,3
3363,7
3364,9
3364,17
3365,18
3366,4
3366,8
3366,14
3367,14
3368,6
3368,18
3369,9
3370,7
3370,10
3371,7
3372,8
3372,14
3373,18
3374,7
3375,12
3376,6
3377,7
3377,14
3378,7
3379,7
3380,17
3381,3
3381,7
3382,7
3383,7
3383,15
3384,8
3385,3
3386,7
3386,16
3387,3
3388,3
3389,4
3389,8
3390,4
3391,3
3392,3
3393,3
3393,5
3394,3
3394,6
3395,3
3396,2
3396,3
3397,2
3397,3
3398,2
3398,3
3399,2
3399,3
3400,1
3400,2
3401,4
3401,12
3402,7
3403,7
3403,10
3404,7
3404,8
3405,7
3405,8
3406,4
3406,8
3406,14
3407,3
3407,7
3408,7
3409,7
3409,10
3410,3
3410,7
3411,7
3412,4
3413,7
3413,9
3414,6
3415,7
3416,7
3417,3
3417,4
3417,12
3418,7
3418,8
3419,3
3419,9
3420,7
3420,10
3421,3
3422,3
3422,6
3423,7
3424,3
3424,7
3425,7
3426,6
3426,7
3427,9
3428,7
3429,1
3429,3
3430,7
3430,8
3431,7
3431,8
3432,7
3432,8
3433,7
3433,8
3434,7
3434,8
3435,9
3435,17
3436,6
3436,7
3437,7
3438,2
3438,5
3438,8
3439,2
3439,5
3439,8
3440,2
3440,5
3440,8
3441,8
3441,14
3442,8
3443,7
3443,8
3443,10
3444,8
3445,10
3445,16
3446,3
3447,7
3448,3
3448,7
3448,14
3449,7
3450,3
3451,3
3451,7
3452,6
3452,8
3453,6
3453,7
3454,3
3454,6
3455,7
3455,10
3456,7
3457,7
3458,6
3458,7
3459,7
3459,11
3460,3
3461,4
3461,7
3461,10
3462,3
3463,3
3464,10
3464,12
3465,7
3466,3
3466,5
3467,7
3467,18
3468,7
3469,7
3470,4
3470,7
3471,7
3471,12
3472,11
3473,3
3474,10
3474,12
3475,6
3475,7
3476,10
3476,11
3476,16
3477,3
3477,7
3478,7
3479,4
3479,5
3479,6
3480,7
3481,3
3482,7
3483,1
3483,2
3484,10
3485,11
3486,12
3487,18
3488,11
3488,12
3489,4
3489,5
3490,11
3491,3
3492,4
3493,11
3494,4
3494,18
3495,3
3495,7
3496,7
3497,3
3498,7
3499,11
3500,3
3500,7
3501,3
3501,6
3502,7
3503,7
3503,12
3504,3
3504,7
3505,10
3506,3
3506,7
3507,3
3508,18
3509,7
3510,7
3510,10
3511,3
3512,6
3512,7
3513,7
3513,10
3514,7
3515,3
3516,3
3516,6
3517,7
3517,9
3518,7
3518,10
3519,8
3519,14
3520,3
3521,3
3521,7
3521,9
3522,7
3523,8
3523,10
3524,3
3524,6
3525,3
3526,3
3526,7
3527,8
3527,10
3527,12
3528,6
3528,7
3529,9
3529,10
3530,3
3531,3
3531,6
3531,7
3532,3
3533,7
3534,3
3535,3
3535,10
3535,11
3536,3
3536,6
3537,3
3537,7
3538,3
3539,13
3540,6
3540,10
3541,8
3542,7
3543,3
3543,7
3544,3
3545,14
3545,15
3546,7
3546,10
3547,7
3548,3
3548,7
3549,15
3550,11
3551,10
3552,3
3553,7
3553,10
3554,6
3554,7
3555,8
3555,10
3556,3
3556,7
3557,10
3558,7
3559,7
3560,7
3561,7
3562,3
3562,7
3563,8
3563,11
3564,2
3564,3
3565,3
3565,7
3566,3
3566,7
3567,3
3568,7
3569,3
3569,7
3570,7
3571,7
3572,11
3572,12
3573,11
3573,12
3574,11
3574,12
3575,7
3576,8
3576,11
3576,12
3577,7
3578,7
3578,8
3579,7
3580,7
3581,7
3582,7
3583,7
3584,6
3584,7
3584,8
3584,10
3585,4
3585,14
3586,7
3587,11
3588,7
3588,9
3589,11
3590,3
3591,3
3591,7
3592,1
3592,12
3593,8
3593,12
3594,7
3595,3
3596,3
3597,3
3598,7
3599,3
3599,15
3600,3
3600,15
3601,3
3601,18
3602,15
3603,3
3604,15
3605,7
3605,15
3606,15
3607,3
3607,7
3607,18
3608,3
3609,13
3610,15
3611,1
3611,2
3611,3
3612,4
3612,6
3612,15
3613,3
3614,3
3614,6
3615,1
3615,2
3616,3
3616,6
3617,3
3618,3
3619,3
3620,3
3620,7
3621,7
3621,11
3622,3
3623,8
3623,10
3624,8
3625,13
3626,3
3627,10
3627,11
3628,7
3628,8
3628,14
3629,3
3630,11
3631,3
3632,3
3633,8
3634,10
3635,8
3636,7
3637,7
3638,6
3638,8
3638,12
3639,8
3640,3
3640,7
3641,7
3642,18
3643,7
3643,8
3643,14
3644,18
3645,7
3646,3
3647,7
3648,11
3648,12
3649,7
3650,11
3651,11
3652,11
3653,13
3654,7
3654,8
3654,14
3655,7
3656,9
3657,7
3658,12
3659,10
3659,12
3660,10
3660,11
3660,12
3661,10
3661,11
3661,12
3662,10
3662,11
3662,12
3663,10
3663,11
3663,12
3664,10
3664,11
3664,12
3665,10
3665,11
3665,12
3666,10
3666,11
3666,12
3667,3
3667,8
3668,6
3668,7
3669,3
3670,14
3671,3
3671,18
3672,2
3672,4
3673,2
3673,4
3674,2
3674,4
3675,15
3676,7
3676,11
3677,13
3678,7
3679,13
3680,13
3681,18
3682,18
3683,7
3683,17
3684,6
3684,7
3685,3
3685,6
3685,7
3686,10
3687,12
3688,3
3689,3
3690,3
3691,3
3692,3
3692,11
3693,3
3693,11
3694,3
3694,11
3695,3
3695,11
3696,3
3696,11
3696,12
3697,8
3697,10
3697,12
3698,4
3698,8
3698,12
3699,4
3699,6
3699,7
3699,12
3700,7
3700,12
3701,7
3701,9
3701,12
3702,8
3702,12
3703,8
3703,12
3704,8
3704,12
3705,4
3705,6
3705,8
3705,10
3706,10
3706,16
3706,17
3707,7
3708,10
3708,11
3709,11
3710,3
3710,8
3711,7
3712,3
3713,7
3714,7
3715,3
3716,8
3716,9
3717,8
3717,9
3718,13
3719,3
3719,6
3720,7
3721,3
3722,3
3723,7
3724,7
3724,14
3725,1
3725,15
3726,8
3726,10
3727,3
3727,11
3728,10
3729,8
3729,9
3730,7
3730,16
3731,7
3731,10
3732,11
3733,7
3734,7
3735,7
3735,9
3736,7
3737,7
3737,18
3738,7
3739,3
3739,6
3740,3
3740,8
3741,7
3741,9
3742,7
3742,14
3743,3
3743,6
3744,8
3744,9
3745,1
3745,4
3745,12
3746,7
3746,14
3747,7
3748,3
3748,6
3749,7
3750,7
3751,1
3751,2
3751,3
3752,3
3753,7
3753,8
3753,14
3754,1
3754,2
3754,3
3755,4
3755,8
3755,10
3756,7
3757,11
3758,7
3758,10
3758,12
3759,1
3759,2
3759,15
3760,3
3761,7
3761,9
3762,11
3763,8
3763,9
3763,10
3764,8
3764,9
3764,10
3765,6
3765,7
3766,8
3766,14
3767,8
3767,14
3768,8
3768,14
3769,8
3770,4
3770,9
3770,10
3770,12
3771,4
3771,8
3772,11
3773,3
3774,3
3775,1
3775,2
3775,15
3776,1
3776,2
3776,15
3777,3
3777,11
3778,3
3778,7
3779,12
3780,12
3781,8
3781,9
3782,8
3782,9
3783,7
3783,9
3784,3
3785,3
3785,11
3786,3
3787,3
3788,7
3788,16
3789,7
3790,7
3791,7
3792,18
3793,8
3793,12
3794,3
3794,7
3795,7
3796,6
3796,10
3797,10
3798,10
3799,1
3799,2
3800,6
3800,7
3801,7
3801,16
3802,8
3802,12
3803,7
3804,3
3805,4
3805,7
3805,8
3806,18
3807,4
3807,8
3808,7
3808,14
3809,3
3810,7
3810,10
3811,7
3811,14
3812,3
3813,7
3814,3
3816,7
3817,3
3817,7
3818,3
3818,15
3819,3
3820,2
3821,3
3822,6
3822,7
3823,7
3824,6
3824,7
3825,7
3826,10
3826,11
3826,12
3827,8
3827,12
3828,3
3829,3
3829,6
3830,3
3830,10
3830,11
3831,3
3832,11
3833,11
3833,12
3834,4
3834,6
3834,7
3835,10
3836,3
3836,8
3836,14
3837,11
3838,11
3839,11
3840,11
3841,3
3841,8
3842,11
3843,11
3844,7
3845,7
3846,3
3847,11
3848,7
3848,10
3849,10
3850,9
3850,10
3851,3
3852,3
3853,7
3854,6
3854,7
3855,6
3855,7
3856,7
3857,10
3858,3
3859,13
3860,9
3861,3
3862,3
3863,10
3863,12
3864,4
3864,8
3864,12
3865,3
3865,13
3866,3
3867,7
3868,3
3869,3
3870,7
3871,7
3871,18
3872,7
3873,3
3873,18
3874,3
3874,6
3875,11
3876,7
3877,4
3877,5
3877,8
3878,12
3879,8
3880,13
3881,13
3882,3
3883,3
3883,7
3884,3
3885,3
3885,6
3886,7
3887,7
3888,6
3888,7
3889,4
3889,5
3889,8
3890,13
3891,7
3891,9
3892,11
3893,3
3893,10
3894,7
3895,9
3895,10
3896,9
3896,10
3897,3
3897,7
3898,3
3898,8
3899,3
3900,3
3900,7
3901,3
3901,7
3902,7
3903,7
3904,7
3905,3
3906,9
3907,7
3908,11
3909,3
3909,6
3910,7
3910,15
3911,3
3912,3
3912,7
3913,13
3914,7
3915,7
3916,7
3917,11
3918,11
3919,11
3920,5
3920,7
3921,3
3922,3
3923,11
3923,12
3924,3
3925,3
3926,4
3926,12
3927,4
3927,12
3928,3
3928,11
3929,3
3930,11
3931,11
3931,12
3932,11
3932,12
3933,11
3933,12
3934,12
3935,11
3936,7
3936,10
3937,10
3937,12
3938,11
3939,11
3940,11
3941,11
3942,11
3943,3
3944,3
3944,7
3945,1
3945,2
3945,4
3946,7
3946,8
3946,10
3947,10
3948,3
3949,7
3950,7
3951,7
3952,7
3952,10
