0	1.000000
1	0.939214
2	0.938375
3	0.922599
4	0.900571
5	0.898419
6	0.892194
7	0.811084
8	0.810682
9	0.794872
10	0.790455
11	0.787779
12	0.784079
13	0.771695
14	0.762458
15	0.761544
16	0.744641
17	0.742832
18	0.739311
19	0.736900
20	0.734232
21	0.733112
22	0.733051
23	0.729810
24	0.729261
25	0.724977
26	0.724026
27	0.721694
28	0.720583
29	0.716835
30	0.716039
31	0.711439
32	0.710454
33	0.707742
34	0.706891
35	0.705331
36	0.704953
37	0.701897
38	0.701147
39	0.696777
40	0.695147
41	0.693366
42	0.688072
43	0.686596
44	0.682816
45	0.682771
46	0.681977
47	0.679806
48	0.678823
49	0.678633
50	0.677737
51	0.676650
52	0.676266
53	0.675645
54	0.674038
55	0.673881
56	0.672489
57	0.672142
58	0.671922
59	0.671658
60	0.671353
61	0.671173
62	0.669698
63	0.667483
64	0.666220
65	0.666136
66	0.665131
67	0.664969
68	0.663356
69	0.663165
70	0.662565
71	0.662348
72	0.661658
73	0.658898
74	0.658218
75	0.657298
76	0.656650
77	0.656151
78	0.656064
79	0.656059
80	0.655973
81	0.655149
82	0.654852
83	0.654290
84	0.653612
85	0.653074
86	0.652815
87	0.651139
88	0.650946
89	0.649944
90	0.649258
91	0.648906
92	0.647408
93	0.647049
94	0.646419
95	0.645713
96	0.644575
97	0.644026
98	0.643320
99	0.642571
100	0.642417
101	0.641251
102	0.641231
103	0.640259
104	0.639642
105	0.639250
106	0.638923
107	0.638709
108	0.638578
109	0.638216
110	0.637998
111	0.637555
112	0.637074
113	0.636452
114	0.635249
115	0.635086
116	0.634739
117	0.634270
118	0.633890
119	0.633869
120	0.633504
121	0.632915
122	0.632724
123	0.632696
124	0.631959
125	0.631761
126	0.631277
127	0.629723
128	0.629475
129	0.629159
130	0.628879
131	0.628749
132	0.628546
133	0.627996
134	0.627589
135	0.627368
136	0.625743
137	0.625590
138	0.625517
139	0.624704
140	0.624535
141	0.624524
142	0.624467
143	0.624265
144	0.624260
145	0.624205
146	0.623826
147	0.623811
148	0.623281
149	0.622656
150	0.621740
151	0.621712
152	0.620781
153	0.620650
154	0.620359
155	0.620079
156	0.620059
157	0.619518
158	0.619476
159	0.618681
160	0.618444
161	0.617715
162	0.617350
163	0.617117
164	0.616976
165	0.616629
166	0.616215
167	0.616052
168	0.615704
169	0.615645
170	0.615566
171	0.615521
172	0.615519
173	0.615270
174	0.615055
175	0.615016
176	0.614876
177	0.614502
178	0.614451
179	0.614031
180	0.613951
181	0.613727
182	0.613693
183	0.613427
184	0.613103
185	0.613059
186	0.612928
187	0.612797
188	0.612425
189	0.612367
190	0.612362
191	0.612342
192	0.612179
193	0.611755
194	0.611231
195	0.611091
196	0.611076
197	0.610831
198	0.610761
199	0.610640
200	0.610416
201	0.610310
202	0.610310
203	0.610108
204	0.609481
205	0.609234
206	0.609009
207	0.608379
208	0.607598
209	0.607506
210	0.607467
211	0.607401
212	0.605877
213	0.604674
214	0.603704
215	0.603085
216	0.602942
217	0.601944
218	0.601761
219	0.600849
220	0.600744
221	0.600371
222	0.600261
223	0.599662
224	0.599498
225	0.599106
226	0.598741
227	0.598660
228	0.598446
229	0.598434
230	0.598183
231	0.597624
232	0.597405
233	0.597094
234	0.596953
235	0.596865
236	0.596865
237	0.596774
238	0.596564
239	0.596165
240	0.595829
241	0.595689
242	0.595413
243	0.595151
244	0.594654
245	0.594453
246	0.593947
247	0.593896
248	0.593793
249	0.593604
250	0.593565
251	0.593381
252	0.593337
253	0.593237
254	0.593056
255	0.592748
256	0.592118
257	0.592063
258	0.592030
259	0.591944
260	0.591758
261	0.591676
262	0.591644
263	0.591380
264	0.591283
265	0.591226
266	0.591200
267	0.590970
268	0.590964
269	0.590866
270	0.590836
271	0.590663
272	0.590568
273	0.590424
274	0.590147
275	0.590095
276	0.589499
277	0.589346
278	0.589174
279	0.589047
280	0.589019
281	0.588862
282	0.588656
283	0.588560
284	0.588455
285	0.588381
286	0.587864
287	0.587835
288	0.587813
289	0.587592
290	0.587427
291	0.587286
292	0.587149
293	0.587072
294	0.586694
295	0.586691
296	0.586443
297	0.586287
298	0.586284
299	0.586227
300	0.586165
301	0.586098
302	0.586016
303	0.586004
304	0.586004
305	0.585786
306	0.585742
307	0.585718
308	0.585596
309	0.585520
310	0.585028
311	0.584821
312	0.584802
313	0.584682
314	0.584667
315	0.584086
316	0.583960
317	0.583879
318	0.583871
319	0.583820
320	0.583558
321	0.583469
322	0.583106
323	0.582868
324	0.582562
325	0.582407
326	0.582372
327	0.582292
328	0.582111
329	0.581963
330	0.581780
331	0.581581
332	0.581335
333	0.581149
334	0.581044
335	0.580856
336	0.580760
337	0.580682
338	0.580667
339	0.580663
340	0.580613
341	0.580583
342	0.580504
343	0.580293
344	0.580141
345	0.580096
346	0.579981
347	0.579728
348	0.579508
349	0.579486
350	0.579475
351	0.579409
352	0.579403
353	0.579118
354	0.579002
355	0.578964
356	0.578661
357	0.578282
358	0.578117
359	0.577837
360	0.577833
361	0.577821
362	0.577743
363	0.577685
364	0.577566
365	0.577550
366	0.577161
367	0.576996
368	0.576961
369	0.576857
370	0.576696
371	0.576190
372	0.576079
373	0.576016
374	0.575989
375	0.575884
376	0.575838
377	0.575817
378	0.575754
379	0.575691
380	0.575617
381	0.575408
382	0.575355
383	0.575250
384	0.575106
385	0.574947
386	0.574940
387	0.574893
388	0.574579
389	0.574448
390	0.574314
391	0.574193
392	0.574167
393	0.573614
394	0.573528
395	0.573478
396	0.573416
397	0.573370
398	0.573324
399	0.573251
400	0.573187
401	0.573068
402	0.572819
403	0.572758
404	0.572654
405	0.572438
406	0.572306
407	0.572290
408	0.572249
409	0.572173
410	0.571984
411	0.571910
412	0.571767
413	0.571707
414	0.571530
415	0.571337
416	0.571064
417	0.570833
418	0.570824
419	0.570742
420	0.570687
421	0.570524
422	0.570475
423	0.570471
424	0.570448
425	0.570435
426	0.570337
427	0.570199
428	0.570178
429	0.570040
430	0.570037
431	0.569894
432	0.569768
433	0.569673
434	0.569268
435	0.569248
436	0.569071
437	0.569052
438	0.568442
439	0.568348
440	0.568135
441	0.568009
442	0.567798
443	0.567767
444	0.567670
445	0.567602
446	0.567573
447	0.567565
448	0.567492
449	0.567335
450	0.567263
451	0.567185
452	0.567060
453	0.566748
454	0.566558
455	0.566517
456	0.566454
457	0.566375
458	0.566303
459	0.566154
460	0.565912
461	0.565599
462	0.565479
463	0.565446
464	0.565337
465	0.565230
466	0.565147
467	0.565089
468	0.564856
469	0.564806
470	0.564708
471	0.564408
472	0.564075
473	0.564032
474	0.563833
475	0.563473
476	0.563404
477	0.563395
478	0.563042
479	0.562977
480	0.562905
481	0.562766
482	0.562673
483	0.562354
484	0.562149
485	0.562139
486	0.561952
487	0.561912
488	0.561845
489	0.561611
490	0.561564
491	0.561520
492	0.561252
493	0.561250
494	0.561178
495	0.561125
496	0.561001
497	0.560938
498	0.560904
499	0.560772
500	0.560724
501	0.560673
502	0.560653
503	0.560495
504	0.560458
505	0.560375
506	0.560248
507	0.560052
508	0.560021
509	0.559916
510	0.559897
511	0.559742
512	0.559637
513	0.559591
514	0.559332
515	0.559139
516	0.559133
517	0.559086
518	0.558959
519	0.558951
520	0.558876
521	0.558813
522	0.558752
523	0.558687
524	0.558613
525	0.558254
526	0.558176
527	0.558099
528	0.557963
529	0.557831
530	0.557788
531	0.557788
532	0.557562
533	0.557538
534	0.557499
535	0.557412
536	0.557407
537	0.557308
538	0.557229
539	0.557183
540	0.557159
541	0.557120
542	0.557107
543	0.557083
544	0.557020
545	0.556925
546	0.556775
547	0.556755
548	0.556647
549	0.556465
550	0.556461
551	0.556433
552	0.556352
553	0.555998
554	0.555910
555	0.555679
556	0.555602
557	0.555434
558	0.555389
559	0.554942
560	0.554341
561	0.554329
562	0.554308
563	0.554265
564	0.554242
565	0.554125
566	0.554049
567	0.553978
568	0.553948
569	0.553838
570	0.553686
571	0.553601
572	0.553584
573	0.553560
574	0.553449
575	0.553241
576	0.553112
577	0.553012
578	0.552995
579	0.552834
580	0.552754
581	0.552703
582	0.552598
583	0.552554
584	0.552383
585	0.552262
586	0.552250
587	0.552047
588	0.552029
589	0.551999
590	0.551978
591	0.551922
592	0.551883
593	0.551730
594	0.551723
595	0.551613
596	0.551358
597	0.551279
598	0.551229
599	0.551075
600	0.550946
601	0.550870
602	0.550692
603	0.550666
604	0.550565
605	0.550556
606	0.550528
607	0.550420
608	0.550325
609	0.550261
610	0.550185
611	0.550010
612	0.549970
613	0.549914
614	0.549830
615	0.549784
616	0.549756
617	0.549748
618	0.549723
619	0.549693
620	0.549601
621	0.549504
622	0.549497
623	0.549454
624	0.549290
625	0.549272
626	0.549223
627	0.549169
628	0.549034
629	0.548724
630	0.548606
631	0.548598
632	0.548510
633	0.548463
634	0.548356
635	0.548319
636	0.548249
637	0.548127
638	0.548026
639	0.547928
640	0.547882
641	0.547878
642	0.547812
643	0.547755
644	0.547642
645	0.547629
646	0.547592
647	0.547513
648	0.547452
649	0.547278
650	0.547256
651	0.547239
652	0.547182
653	0.546898
654	0.546782
655	0.546723
656	0.546423
657	0.546330
658	0.546239
659	0.546099
660	0.545904
661	0.545792
662	0.545773
663	0.545660
664	0.545645
665	0.545592
666	0.545558
667	0.545346
668	0.545171
669	0.545089
670	0.545036
671	0.545002
672	0.544846
673	0.544843
674	0.544839
675	0.544830
676	0.544815
677	0.544748
678	0.544725
679	0.544692
680	0.544634
681	0.544611
682	0.544593
683	0.544565
684	0.544437
685	0.544382
686	0.544305
687	0.544227
688	0.544142
689	0.544107
690	0.543838
691	0.543798
692	0.543675
693	0.543661
694	0.543593
695	0.543572
696	0.543469
697	0.543345
698	0.543318
699	0.543175
700	0.543156
701	0.543124
702	0.543032
703	0.543021
704	0.542981
705	0.542895
706	0.542733
707	0.542582
708	0.542383
709	0.542357
710	0.542334
711	0.542321
712	0.542176
713	0.542156
714	0.542123
715	0.542117
716	0.541959
717	0.541948
718	0.541932
719	0.541918
720	0.541908
721	0.541882
722	0.541859
723	0.541810
724	0.541765
725	0.541760
726	0.541745
727	0.541679
728	0.541580
729	0.541481
730	0.541468
731	0.541416
732	0.541362
733	0.541337
734	0.541245
735	0.541190
736	0.541029
737	0.540950
738	0.540906
739	0.540830
740	0.540807
741	0.540764
742	0.540696
743	0.540641
744	0.540633
745	0.540601
746	0.540586
747	0.540441
748	0.540413
749	0.540291
750	0.540250
751	0.540246
752	0.540114
753	0.539770
754	0.539671
755	0.539664
756	0.539644
757	0.539615
758	0.539584
759	0.539535
760	0.539505
761	0.539484
762	0.539451
763	0.539422
764	0.539286
765	0.539198
766	0.539156
767	0.539155
768	0.539146
769	0.539141
770	0.539097
771	0.539070
772	0.539039
773	0.538965
774	0.538955
775	0.538870
776	0.538852
777	0.538785
778	0.538721
779	0.538663
780	0.538623
781	0.538554
782	0.538474
783	0.538473
784	0.538459
785	0.538449
786	0.538407
787	0.538226
788	0.538224
789	0.538209
790	0.538176
791	0.538155
792	0.538131
793	0.538048
794	0.537878
795	0.537836
796	0.537831
797	0.537654
798	0.537607
799	0.537291
800	0.537209
801	0.537152
802	0.537106
803	0.537087
804	0.537027
805	0.537022
806	0.536973
807	0.536969
808	0.536944
809	0.536754
810	0.536746
811	0.536664
812	0.536542
813	0.536379
814	0.536340
815	0.536279
816	0.536233
817	0.536230
818	0.536161
819	0.536127
820	0.536110
821	0.535898
822	0.535801
823	0.535753
824	0.535708
825	0.535622
826	0.535570
827	0.535543
828	0.535464
829	0.535445
830	0.535346
831	0.535327
832	0.535311
833	0.535186
834	0.535050
835	0.534998
836	0.534955
837	0.534818
838	0.534796
839	0.534795
840	0.534793
841	0.534743
842	0.534640
843	0.534361
844	0.534079
845	0.534067
846	0.533952
847	0.533860
848	0.533821
849	0.533772
850	0.533772
851	0.533723
852	0.533673
853	0.533625
854	0.533594
855	0.533592
856	0.533533
857	0.533511
858	0.533479
859	0.533475
860	0.533436
861	0.533416
862	0.533344
863	0.533326
864	0.533302
865	0.533299
866	0.533161
867	0.533121
868	0.533023
869	0.532970
870	0.532947
871	0.532924
872	0.532803
873	0.532700
874	0.532698
875	0.532611
876	0.532585
877	0.532568
878	0.532505
879	0.532471
880	0.532375
881	0.532293
882	0.532224
883	0.532180
884	0.532092
885	0.532001
886	0.531963
887	0.531941
888	0.531939
889	0.531857
890	0.531702
891	0.531588
892	0.531520
893	0.531474
894	0.531468
895	0.531361
896	0.531188
897	0.531144
898	0.531070
899	0.530959
900	0.530851
901	0.530843
902	0.530754
903	0.530715
904	0.530700
905	0.530637
906	0.530572
907	0.530567
908	0.530365
909	0.530352
910	0.530350
911	0.530253
912	0.530202
913	0.530139
914	0.530131
915	0.530092
916	0.530059
917	0.529966
918	0.529898
919	0.529759
920	0.529715
921	0.529656
922	0.529598
923	0.529546
924	0.529493
925	0.529449
926	0.529446
927	0.529437
928	0.529405
929	0.529403
930	0.529375
931	0.529365
932	0.529354
933	0.529171
934	0.529085
935	0.529006
936	0.528866
937	0.528864
938	0.528855
939	0.528607
940	0.528551
941	0.528422
942	0.528341
943	0.528335
944	0.528317
945	0.528313
946	0.528303
947	0.528235
948	0.528103
949	0.528087
950	0.527909
951	0.527848
952	0.527843
953	0.527842
954	0.527824
955	0.527757
956	0.527510
957	0.527507
958	0.527344
959	0.527286
960	0.527222
961	0.527194
962	0.527190
963	0.527162
964	0.527019
965	0.526956
966	0.526921
967	0.526911
968	0.526901
969	0.526879
970	0.526835
971	0.526833
972	0.526790
973	0.526775
974	0.526765
975	0.526688
976	0.526675
977	0.526611
978	0.526564
979	0.526362
980	0.526340
981	0.526244
982	0.526241
983	0.526204
984	0.526086
985	0.526071
986	0.525973
987	0.525698
988	0.525633
989	0.525600
990	0.525590
991	0.525575
992	0.525532
993	0.525528
994	0.525516
995	0.525396
996	0.525316
997	0.525273
998	0.525210
999	0.525122
1000	0.525121
1001	0.525064
1002	0.525006
1003	0.524995
1004	0.524966
1005	0.524890
1006	0.524831
1007	0.524804
1008	0.524801
1009	0.524747
1010	0.524621
1011	0.524608
1012	0.524591
1013	0.524564
1014	0.524526
1015	0.524522
1016	0.524414
1017	0.524390
1018	0.524347
1019	0.524272
1020	0.524124
1021	0.524123
1022	0.524077
1023	0.524065
1024	0.524040
1025	0.524011
1026	0.523660
1027	0.523655
1028	0.523626
1029	0.523587
1030	0.523544
1031	0.523389
1032	0.523360
1033	0.523320
1034	0.523286
1035	0.523232
1036	0.523200
1037	0.523198
1038	0.523183
1039	0.523105
1040	0.523040
1041	0.523008
1042	0.522971
1043	0.522899
1044	0.522839
1045	0.522828
1046	0.522800
1047	0.522692
1048	0.522674
1049	0.522657
1050	0.522654
1051	0.522632
1052	0.522604
1053	0.522574
1054	0.522484
1055	0.522469
1056	0.522385
1057	0.522276
1058	0.521980
1059	0.521904
1060	0.521888
1061	0.521846
1062	0.521712
1063	0.521705
1064	0.521702
1065	0.521693
1066	0.521684
1067	0.521684
1068	0.521529
1069	0.521524
1070	0.521507
1071	0.521496
1072	0.521473
1073	0.521393
1074	0.521379
1075	0.521132
1076	0.521111
1077	0.521101
1078	0.521093
1079	0.521029
1080	0.520961
1081	0.520797
1082	0.520656
1083	0.520648
1084	0.520646
1085	0.520633
1086	0.520526
1087	0.520525
1088	0.520477
1089	0.520444
1090	0.520431
1091	0.520420
1092	0.520389
1093	0.520271
1094	0.520144
1095	0.520119
1096	0.520029
1097	0.520029
1098	0.519973
1099	0.519882
1100	0.519867
1101	0.519854
1102	0.519753
1103	0.519704
1104	0.519642
1105	0.519615
1106	0.519440
1107	0.519412
1108	0.519412
1109	0.519402
1110	0.519324
1111	0.519232
1112	0.519220
1113	0.519151
1114	0.519130
1115	0.518855
1116	0.518796
1117	0.518785
1118	0.518785
1119	0.518724
1120	0.518687
1121	0.518658
1122	0.518649
1123	0.518644
1124	0.518630
1125	0.518596
1126	0.518566
1127	0.518521
1128	0.518512
1129	0.518455
1130	0.518446
1131	0.518443
1132	0.518438
1133	0.518437
1134	0.518363
1135	0.518241
1136	0.518236
1137	0.518045
1138	0.518040
1139	0.518010
1140	0.518001
1141	0.517942
1142	0.517900
1143	0.517833
1144	0.517746
1145	0.517718
1146	0.517619
1147	0.517590
1148	0.517570
1149	0.517421
1150	0.517301
1151	0.517300
1152	0.517219
1153	0.517153
1154	0.517060
1155	0.516991
1156	0.516923
1157	0.516843
1158	0.516813
1159	0.516802
1160	0.516795
1161	0.516762
1162	0.516627
1163	0.516617
1164	0.516461
1165	0.516392
1166	0.516337
1167	0.516222
1168	0.516198
1169	0.516118
1170	0.516114
1171	0.516089
1172	0.516028
1173	0.515963
1174	0.515879
1175	0.515875
1176	0.515867
1177	0.515841
1178	0.515787
1179	0.515783
1180	0.515718
1181	0.515703
1182	0.515664
1183	0.515664
1184	0.515556
1185	0.515549
1186	0.515499
1187	0.515481
1188	0.515475
1189	0.515458
1190	0.515380
1191	0.515335
1192	0.515259
1193	0.515235
1194	0.515199
1195	0.515125
1196	0.515124
1197	0.514997
1198	0.514872
1199	0.514827
1200	0.514766
1201	0.514747
1202	0.514720
1203	0.514619
1204	0.514487
1205	0.514483
1206	0.514425
1207	0.514411
1208	0.514393
1209	0.514271
1210	0.514267
1211	0.514216
1212	0.514197
1213	0.514172
1214	0.514169
1215	0.514154
1216	0.514152
1217	0.514114
1218	0.514046
1219	0.514044
1220	0.514040
1221	0.514022
1222	0.514019
1223	0.513998
1224	0.513994
1225	0.513986
1226	0.513919
1227	0.513889
1228	0.513871
1229	0.513848
1230	0.513672
1231	0.513639
1232	0.513564
1233	0.513525
1234	0.513520
1235	0.513515
1236	0.513441
1237	0.513414
1238	0.513313
1239	0.513254
1240	0.513116
1241	0.513111
1242	0.513103
1243	0.513061
1244	0.512927
1245	0.512830
1246	0.512819
1247	0.512786
1248	0.512767
1249	0.512695
1250	0.512693
1251	0.512626
1252	0.512593
1253	0.512588
1254	0.512497
1255	0.512488
1256	0.512444
1257	0.512428
1258	0.512375
1259	0.512347
1260	0.512323
1261	0.512312
1262	0.512267
1263	0.512263
1264	0.512244
1265	0.512236
1266	0.512229
1267	0.512193
1268	0.512015
1269	0.512000
1270	0.511994
1271	0.511981
1272	0.511947
1273	0.511813
1274	0.511799
1275	0.511794
1276	0.511727
1277	0.511693
1278	0.511646
1279	0.511507
1280	0.511490
1281	0.511479
1282	0.511434
1283	0.511351
1284	0.511348
1285	0.511336
1286	0.511216
1287	0.511211
1288	0.511196
1289	0.511188
1290	0.511135
1291	0.511124
1292	0.511120
1293	0.510994
1294	0.510966
1295	0.510959
1296	0.510944
1297	0.510932
1298	0.510904
1299	0.510891
1300	0.510851
1301	0.510712
1302	0.510691
1303	0.510653
1304	0.510551
1305	0.510464
1306	0.510381
1307	0.510381
1308	0.510377
1309	0.510262
1310	0.510252
1311	0.510102
1312	0.510055
1313	0.510042
1314	0.509951
1315	0.509925
1316	0.509899
1317	0.509893
1318	0.509798
1319	0.509778
1320	0.509770
1321	0.509770
1322	0.509770
1323	0.509724
1324	0.509703
1325	0.509659
1326	0.509584
1327	0.509534
1328	0.509519
1329	0.509505
1330	0.509483
1331	0.509458
1332	0.509384
1333	0.509362
1334	0.509291
1335	0.509276
1336	0.509249
1337	0.509219
1338	0.509046
1339	0.509000
1340	0.508846
1341	0.508839
1342	0.508819
1343	0.508799
1344	0.508784
1345	0.508759
1346	0.508716
1347	0.508683
1348	0.508649
1349	0.508648
1350	0.508605
1351	0.508585
1352	0.508536
1353	0.508516
1354	0.508447
1355	0.508384
1356	0.508362
1357	0.508311
1358	0.508262
1359	0.508144
1360	0.507828
1361	0.507724
1362	0.507695
1363	0.507670
1364	0.507668
1365	0.507655
1366	0.507594
1367	0.507482
1368	0.507419
1369	0.507409
1370	0.507365
1371	0.507301
1372	0.507266
1373	0.507241
1374	0.507082
1375	0.507062
1376	0.507038
1377	0.507037
1378	0.507010
1379	0.507007
1380	0.507002
1381	0.506888
1382	0.506835
1383	0.506781
1384	0.506751
1385	0.506666
1386	0.506654
1387	0.506647
1388	0.506543
1389	0.506525
1390	0.506495
1391	0.506400
1392	0.506393
1393	0.506351
1394	0.506260
1395	0.506245
1396	0.506234
1397	0.506232
1398	0.506149
1399	0.506113
1400	0.506075
1401	0.506028
1402	0.506021
1403	0.505931
1404	0.505917
1405	0.505906
1406	0.505846
1407	0.505801
1408	0.505725
1409	0.505690
1410	0.505657
1411	0.505632
1412	0.505586
1413	0.505551
1414	0.505387
1415	0.505345
1416	0.505296
1417	0.505160
1418	0.505117
1419	0.505103
1420	0.505059
1421	0.504998
1422	0.504973
1423	0.504972
1424	0.504953
1425	0.504951
1426	0.504942
1427	0.504931
1428	0.504900
1429	0.504838
1430	0.504830
1431	0.504648
1432	0.504642
1433	0.504633
1434	0.504563
1435	0.504547
1436	0.504515
1437	0.504463
1438	0.504384
1439	0.504279
1440	0.504222
1441	0.504110
1442	0.504036
1443	0.504024
1444	0.503969
1445	0.503797
1446	0.503766
1447	0.503694
1448	0.503631
1449	0.503604
1450	0.503597
1451	0.503589
1452	0.503560
1453	0.503519
1454	0.503452
1455	0.503420
1456	0.503409
1457	0.503361
1458	0.503354
1459	0.503332
1460	0.503266
1461	0.503254
1462	0.503064
1463	0.503059
1464	0.503021
1465	0.502965
1466	0.502892
1467	0.502887
1468	0.502872
1469	0.502841
1470	0.502827
1471	0.502709
1472	0.502696
1473	0.502691
1474	0.502668
1475	0.502661
1476	0.502618
1477	0.502583
1478	0.502572
1479	0.502567
1480	0.502547
1481	0.502534
1482	0.502507
1483	0.502505
1484	0.502500
1485	0.502474
1486	0.502472
1487	0.502470
1488	0.502441
1489	0.502440
1490	0.502398
1491	0.502387
1492	0.502355
1493	0.502340
1494	0.502279
1495	0.502191
1496	0.502131
1497	0.502129
1498	0.502111
1499	0.502097
1500	0.502093
1501	0.501974
1502	0.501956
1503	0.501948
1504	0.501800
1505	0.501754
1506	0.501753
1507	0.501744
1508	0.501726
1509	0.501714
1510	0.501691
1511	0.501656
1512	0.501645
1513	0.501626
1514	0.501621
1515	0.501584
1516	0.501576
1517	0.501551
1518	0.501546
1519	0.501544
1520	0.501510
1521	0.501472
1522	0.501456
1523	0.501375
1524	0.501315
1525	0.501237
1526	0.501139
1527	0.501138
1528	0.501095
1529	0.500950
1530	0.500898
1531	0.500869
1532	0.500830
1533	0.500773
1534	0.500751
1535	0.500747
1536	0.500692
1537	0.500692
1538	0.500594
1539	0.500578
1540	0.500547
1541	0.500535
1542	0.500528
1543	0.500495
1544	0.500442
1545	0.500434
1546	0.500370
1547	0.500331
1548	0.500330
1549	0.500310
1550	0.500203
1551	0.500187
1552	0.500157
1553	0.500156
1554	0.500099
1555	0.500087
1556	0.500033
1557	0.499992
1558	0.499894
1559	0.499840
1560	0.499731
1561	0.499711
1562	0.499687
1563	0.499666
1564	0.499652
1565	0.499586
1566	0.499524
1567	0.499520
1568	0.499497
1569	0.499404
1570	0.499372
1571	0.499344
1572	0.499321
1573	0.499256
1574	0.499097
1575	0.499090
1576	0.498698
1577	0.498607
1578	0.498517
1579	0.498506
1580	0.498491
1581	0.498487
1582	0.498438
1583	0.498367
1584	0.498328
1585	0.498277
1586	0.498223
1587	0.498209
1588	0.498208
1589	0.498165
1590	0.498068
1591	0.498055
1592	0.498032
1593	0.497996
1594	0.497947
1595	0.497928
1596	0.497906
1597	0.497888
1598	0.497825
1599	0.497806
1600	0.497753
1601	0.497752
1602	0.497725
1603	0.497724
1604	0.497718
1605	0.497689
1606	0.497686
1607	0.497681
1608	0.497671
1609	0.497649
1610	0.497469
1611	0.497466
1612	0.497452
1613	0.497429
1614	0.497413
1615	0.497398
1616	0.497389
1617	0.497371
1618	0.497370
1619	0.497352
1620	0.497352
1621	0.497316
1622	0.497296
1623	0.497291
1624	0.497186
1625	0.497179
1626	0.497119
1627	0.497112
1628	0.497037
1629	0.497001
1630	0.496963
1631	0.496956
1632	0.496951
1633	0.496886
1634	0.496836
1635	0.496816
1636	0.496805
1637	0.496790
1638	0.496773
1639	0.496762
1640	0.496750
1641	0.496664
1642	0.496592
1643	0.496566
1644	0.496537
1645	0.496519
1646	0.496489
1647	0.496448
1648	0.496405
1649	0.496356
1650	0.496270
1651	0.496200
1652	0.496098
1653	0.496022
1654	0.495934
1655	0.495860
1656	0.495798
1657	0.495798
1658	0.495779
1659	0.495764
1660	0.495743
1661	0.495709
1662	0.495705
1663	0.495696
1664	0.495694
1665	0.495690
1666	0.495682
1667	0.495549
1668	0.495510
1669	0.495471
1670	0.495430
1671	0.495415
1672	0.495411
1673	0.495323
1674	0.495231
1675	0.495231
1676	0.495220
1677	0.495181
1678	0.495112
1679	0.495062
1680	0.495057
1681	0.495041
1682	0.495035
1683	0.495031
1684	0.494951
1685	0.494915
1686	0.494900
1687	0.494890
1688	0.494874
1689	0.494863
1690	0.494856
1691	0.494759
1692	0.494721
1693	0.494692
1694	0.494645
1695	0.494620
1696	0.494601
1697	0.494535
1698	0.494424
1699	0.494415
1700	0.494369
1701	0.494279
1702	0.494272
1703	0.494240
1704	0.494236
1705	0.494095
1706	0.494090
1707	0.494022
1708	0.494020
1709	0.494000
1710	0.493998
1711	0.493985
1712	0.493969
1713	0.493956
1714	0.493938
1715	0.493931
1716	0.493807
1717	0.493749
1718	0.493710
1719	0.493618
1720	0.493579
1721	0.493493
1722	0.493482
1723	0.493326
1724	0.493132
1725	0.493128
1726	0.493051
1727	0.493002
1728	0.492973
1729	0.492962
1730	0.492924
1731	0.492875
1732	0.492803
1733	0.492755
1734	0.492739
1735	0.492738
1736	0.492729
1737	0.492682
1738	0.492667
1739	0.492649
1740	0.492556
1741	0.492553
1742	0.492540
1743	0.492536
1744	0.492497
1745	0.492470
1746	0.492457
1747	0.492450
1748	0.492429
1749	0.492364
1750	0.492170
1751	0.492162
1752	0.492115
1753	0.492103
1754	0.492093
1755	0.492062
1756	0.492052
1757	0.492029
1758	0.492007
1759	0.491963
1760	0.491956
1761	0.491931
1762	0.491931
1763	0.491929
1764	0.491793
1765	0.491781
1766	0.491718
1767	0.491646
1768	0.491606
1769	0.491604
1770	0.491579
1771	0.491435
1772	0.491359
1773	0.491345
1774	0.491328
1775	0.491204
1776	0.491181
1777	0.491170
1778	0.491138
1779	0.491052
1780	0.491052
1781	0.491045
1782	0.491017
1783	0.490919
1784	0.490845
1785	0.490827
1786	0.490794
1787	0.490792
1788	0.490783
1789	0.490715
1790	0.490695
1791	0.490567
1792	0.490536
1793	0.490450
1794	0.490444
1795	0.490437
1796	0.490359
1797	0.490255
1798	0.490245
1799	0.490171
1800	0.490130
1801	0.489966
1802	0.489953
1803	0.489916
1804	0.489850
1805	0.489849
1806	0.489790
1807	0.489714
1808	0.489709
1809	0.489662
1810	0.489646
1811	0.489578
1812	0.489568
1813	0.489405
1814	0.489379
1815	0.489363
1816	0.489313
1817	0.489296
1818	0.489265
1819	0.489262
1820	0.489085
1821	0.489084
1822	0.489038
1823	0.489032
1824	0.488952
1825	0.488938
1826	0.488887
1827	0.488849
1828	0.488823
1829	0.488799
1830	0.488790
1831	0.488780
1832	0.488768
1833	0.488713
1834	0.488672
1835	0.488634
1836	0.488609
1837	0.488376
1838	0.488305
1839	0.488305
1840	0.488301
1841	0.488255
1842	0.488214
1843	0.488188
1844	0.488147
1845	0.488106
1846	0.488062
1847	0.488061
1848	0.488060
1849	0.488052
1850	0.487996
1851	0.487956
1852	0.487931
1853	0.487908
1854	0.487817
1855	0.487733
1856	0.487673
1857	0.487624
1858	0.487532
1859	0.487436
1860	0.487367
1861	0.487284
1862	0.487283
1863	0.487265
1864	0.487239
1865	0.487195
1866	0.487194
1867	0.487192
1868	0.487166
1869	0.487150
1870	0.486980
1871	0.486949
1872	0.486919
1873	0.486892
1874	0.486834
1875	0.486753
1876	0.486714
1877	0.486673
1878	0.486649
1879	0.486549
1880	0.486303
1881	0.486253
1882	0.486241
1883	0.486191
1884	0.486152
1885	0.486149
1886	0.486076
1887	0.485981
1888	0.485981
1889	0.485949
1890	0.485933
1891	0.485872
1892	0.485853
1893	0.485781
1894	0.485694
1895	0.485570
1896	0.485416
1897	0.485364
1898	0.485323
1899	0.485246
1900	0.485229
1901	0.485221
1902	0.485160
1903	0.485113
1904	0.485106
1905	0.485105
1906	0.485059
1907	0.485050
1908	0.485046
1909	0.485045
1910	0.484975
1911	0.484974
1912	0.484942
1913	0.484812
1914	0.484757
1915	0.484696
1916	0.484691
1917	0.484569
1918	0.484535
1919	0.484505
1920	0.484492
1921	0.484485
1922	0.484464
1923	0.484456
1924	0.484378
1925	0.484349
1926	0.484241
1927	0.484240
1928	0.484161
1929	0.484147
1930	0.484051
1931	0.484027
1932	0.483977
1933	0.483970
1934	0.483949
1935	0.483922
1936	0.483849
1937	0.483836
1938	0.483831
1939	0.483824
1940	0.483809
1941	0.483800
1942	0.483796
1943	0.483715
1944	0.483661
1945	0.483636
1946	0.483631
1947	0.483629
1948	0.483621
1949	0.483617
1950	0.483609
1951	0.483565
1952	0.483517
1953	0.483503
1954	0.483454
1955	0.483413
1956	0.483394
1957	0.483387
1958	0.483310
1959	0.483289
1960	0.483253
1961	0.483203
1962	0.483126
1963	0.483090
1964	0.483073
1965	0.482982
1966	0.482937
1967	0.482896
1968	0.482890
1969	0.482859
1970	0.482726
1971	0.482703
1972	0.482700
1973	0.482656
1974	0.482631
1975	0.482512
1976	0.482507
1977	0.482453
1978	0.482414
1979	0.482411
1980	0.482401
1981	0.482370
1982	0.482317
1983	0.482267
1984	0.482141
1985	0.482118
1986	0.482075
1987	0.481937
1988	0.481923
1989	0.481880
1990	0.481852
1991	0.481748
1992	0.481736
1993	0.481722
1994	0.481710
1995	0.481701
1996	0.481685
1997	0.481585
1998	0.481499
1999	0.481481
2000	0.481439
2001	0.481428
2002	0.481427
2003	0.481372
2004	0.481301
2005	0.481297
2006	0.481284
2007	0.481185
2008	0.481106
2009	0.481055
2010	0.481047
2011	0.481029
2012	0.481014
2013	0.480990
2014	0.480987
2015	0.480981
2016	0.480967
2017	0.480870
2018	0.480769
2019	0.480763
2020	0.480739
2021	0.480714
2022	0.480626
2023	0.480588
2024	0.480568
2025	0.480534
2026	0.480530
2027	0.480485
2028	0.480355
2029	0.480292
2030	0.480243
2031	0.480234
2032	0.480223
2033	0.480183
2034	0.480160
2035	0.480137
2036	0.480041
2037	0.480000
2038	0.479982
2039	0.479926
2040	0.479900
2041	0.479834
2042	0.479805
2043	0.479692
2044	0.479660
2045	0.479560
2046	0.479541
2047	0.479537
2048	0.479531
2049	0.479529
2050	0.479482
2051	0.479347
2052	0.479308
2053	0.479243
2054	0.479230
2055	0.479224
2056	0.479216
2057	0.479185
2058	0.479172
2059	0.479152
2060	0.479089
2061	0.479043
2062	0.479034
2063	0.478928
2064	0.478893
2065	0.478886
2066	0.478852
2067	0.478801
2068	0.478778
2069	0.478727
2070	0.478629
2071	0.478588
2072	0.478569
2073	0.478568
2074	0.478487
2075	0.478450
2076	0.478422
2077	0.478415
2078	0.478402
2079	0.478373
2080	0.478326
2081	0.478326
2082	0.478316
2083	0.478292
2084	0.478281
2085	0.478242
2086	0.478108
2087	0.477992
2088	0.477985
2089	0.477958
2090	0.477909
2091	0.477885
2092	0.477717
2093	0.477715
2094	0.477682
2095	0.477667
2096	0.477638
2097	0.477622
2098	0.477588
2099	0.477521
2100	0.477453
2101	0.477332
2102	0.477282
2103	0.477281
2104	0.477238
2105	0.477186
2106	0.477185
2107	0.477149
2108	0.477095
2109	0.477031
2110	0.477009
2111	0.476970
2112	0.476953
2113	0.476949
2114	0.476881
2115	0.476879
2116	0.476853
2117	0.476822
2118	0.476768
2119	0.476766
2120	0.476746
2121	0.476579
2122	0.476572
2123	0.476502
2124	0.476481
2125	0.476452
2126	0.476328
2127	0.476305
2128	0.476259
2129	0.476219
2130	0.476218
2131	0.476180
2132	0.476137
2133	0.476116
2134	0.476109
2135	0.476103
2136	0.476010
2137	0.475974
2138	0.475973
2139	0.475942
2140	0.475903
2141	0.475895
2142	0.475882
2143	0.475836
2144	0.475735
2145	0.475725
2146	0.475709
2147	0.475696
2148	0.475606
2149	0.475572
2150	0.475531
2151	0.475499
2152	0.475479
2153	0.475458
2154	0.475442
2155	0.475394
2156	0.475390
2157	0.475297
2158	0.475275
2159	0.475193
2160	0.475157
2161	0.475149
2162	0.475038
2163	0.474981
2164	0.474936
2165	0.474925
2166	0.474915
2167	0.474680
2168	0.474673
2169	0.474637
2170	0.474630
2171	0.474592
2172	0.474556
2173	0.474540
2174	0.474461
2175	0.474430
2176	0.474429
2177	0.474366
2178	0.474329
2179	0.474086
2180	0.474051
2181	0.474038
2182	0.473966
2183	0.473886
2184	0.473823
2185	0.473809
2186	0.473777
2187	0.473752
2188	0.473721
2189	0.473673
2190	0.473647
2191	0.473614
2192	0.473568
2193	0.473548
2194	0.473417
2195	0.473380
2196	0.473068
2197	0.473034
2198	0.472965
2199	0.472945
2200	0.472940
2201	0.472936
2202	0.472761
2203	0.472758
2204	0.472683
2205	0.472604
2206	0.472557
2207	0.472452
2208	0.472452
2209	0.472369
2210	0.472272
2211	0.472251
2212	0.472247
2213	0.472239
2214	0.472107
2215	0.472078
2216	0.472060
2217	0.472055
2218	0.471946
2219	0.471905
2220	0.471853
2221	0.471829
2222	0.471792
2223	0.471788
2224	0.471709
2225	0.471692
2226	0.471674
2227	0.471605
2228	0.471577
2229	0.471573
2230	0.471540
2231	0.471532
2232	0.471524
2233	0.471500
2234	0.471495
2235	0.471486
2236	0.471485
2237	0.471463
2238	0.471411
2239	0.471350
2240	0.471336
2241	0.471300
2242	0.471274
2243	0.471263
2244	0.471235
2245	0.471208
2246	0.471156
2247	0.471150
2248	0.471127
2249	0.471077
2250	0.471064
2251	0.471046
2252	0.471025
2253	0.470976
2254	0.470910
2255	0.470810
2256	0.470797
2257	0.470786
2258	0.470743
2259	0.470726
2260	0.470511
2261	0.470460
2262	0.470451
2263	0.470392
2264	0.470368
2265	0.470346
2266	0.470321
2267	0.470315
2268	0.470306
2269	0.470279
2270	0.470235
2271	0.470210
2272	0.470198
2273	0.470167
2274	0.470163
2275	0.470120
2276	0.470101
2277	0.470061
2278	0.470055
2279	0.470052
2280	0.469962
2281	0.469939
2282	0.469841
2283	0.469816
2284	0.469798
2285	0.469568
2286	0.469300
2287	0.469192
2288	0.469153
2289	0.469127
2290	0.469109
2291	0.469062
2292	0.468948
2293	0.468920
2294	0.468890
2295	0.468881
2296	0.468872
2297	0.468849
2298	0.468710
2299	0.468696
2300	0.468679
2301	0.468642
2302	0.468543
2303	0.468535
2304	0.468523
2305	0.468407
2306	0.468403
2307	0.468384
2308	0.468283
2309	0.468265
2310	0.468259
2311	0.468242
2312	0.468225
2313	0.468171
2314	0.468158
2315	0.468075
2316	0.468071
2317	0.468066
2318	0.468043
2319	0.468018
2320	0.468014
2321	0.467991
2322	0.467942
2323	0.467930
2324	0.467882
2325	0.467778
2326	0.467739
2327	0.467737
2328	0.467671
2329	0.467661
2330	0.467587
2331	0.467586
2332	0.467518
2333	0.467435
2334	0.467381
2335	0.467379
2336	0.467358
2337	0.467343
2338	0.467327
2339	0.467220
2340	0.467109
2341	0.467016
2342	0.466993
2343	0.466977
2344	0.466956
2345	0.466929
2346	0.466892
2347	0.466843
2348	0.466837
2349	0.466794
2350	0.466725
2351	0.466644
2352	0.466624
2353	0.466623
2354	0.466566
2355	0.466532
2356	0.466522
2357	0.466506
2358	0.466501
2359	0.466486
2360	0.466417
2361	0.466409
2362	0.466272
2363	0.466260
2364	0.466252
2365	0.466239
2366	0.466230
2367	0.466223
2368	0.466137
2369	0.466126
2370	0.466111
2371	0.466049
2372	0.466038
2373	0.466038
2374	0.465981
2375	0.465967
2376	0.465914
2377	0.465892
2378	0.465877
2379	0.465795
2380	0.465748
2381	0.465732
2382	0.465572
2383	0.465511
2384	0.465468
2385	0.465403
2386	0.465370
2387	0.465325
2388	0.465239
2389	0.465237
2390	0.465209
2391	0.465208
2392	0.465204
2393	0.465156
2394	0.465100
2395	0.465060
2396	0.465034
2397	0.465025
2398	0.465004
2399	0.464923
2400	0.464911
2401	0.464897
2402	0.464884
2403	0.464821
2404	0.464781
2405	0.464682
2406	0.464671
2407	0.464656
2408	0.464647
2409	0.464598
2410	0.464577
2411	0.464568
2412	0.464509
2413	0.464467
2414	0.464448
2415	0.464443
2416	0.464327
2417	0.464320
2418	0.464206
2419	0.463969
2420	0.463924
2421	0.463917
2422	0.463852
2423	0.463823
2424	0.463743
2425	0.463683
2426	0.463678
2427	0.463638
2428	0.463630
2429	0.463501
2430	0.463496
2431	0.463484
2432	0.463478
2433	0.463471
2434	0.463404
2435	0.463383
2436	0.463355
2437	0.463348
2438	0.463210
2439	0.463209
2440	0.463129
2441	0.463127
2442	0.463125
2443	0.463049
2444	0.463045
2445	0.462974
2446	0.462970
2447	0.462953
2448	0.462944
2449	0.462929
2450	0.462777
2451	0.462747
2452	0.462722
2453	0.462719
2454	0.462675
2455	0.462624
2456	0.462592
2457	0.462589
2458	0.462585
2459	0.462566
2460	0.462560
2461	0.462547
2462	0.462528
2463	0.462526
2464	0.462486
2465	0.462359
2466	0.462309
2467	0.462297
2468	0.462286
2469	0.462270
2470	0.462244
2471	0.462242
2472	0.462199
2473	0.462175
2474	0.462095
2475	0.462039
2476	0.461979
2477	0.461976
2478	0.461878
2479	0.461869
2480	0.461865
2481	0.461849
2482	0.461814
2483	0.461785
2484	0.461724
2485	0.461691
2486	0.461541
2487	0.461498
2488	0.461435
2489	0.461407
2490	0.461329
2491	0.461299
2492	0.461269
2493	0.461246
2494	0.461217
2495	0.461210
2496	0.461113
2497	0.461023
2498	0.460976
2499	0.460957
2500	0.460941
2501	0.460734
2502	0.460711
2503	0.460707
2504	0.460648
2505	0.460577
2506	0.460576
2507	0.460573
2508	0.460541
2509	0.460494
2510	0.460454
2511	0.460426
2512	0.460394
2513	0.460355
2514	0.460258
2515	0.460219
2516	0.460179
2517	0.460172
2518	0.460171
2519	0.460149
2520	0.460147
2521	0.460146
2522	0.460119
2523	0.460037
2524	0.460035
2525	0.460029
2526	0.460013
2527	0.459926
2528	0.459919
2529	0.459888
2530	0.459759
2531	0.459754
2532	0.459708
2533	0.459686
2534	0.459671
2535	0.459642
2536	0.459583
2537	0.459518
2538	0.459476
2539	0.459474
2540	0.459345
2541	0.459293
2542	0.459275
2543	0.459242
2544	0.459209
2545	0.459115
2546	0.459079
2547	0.459016
2548	0.458968
2549	0.458927
2550	0.458914
2551	0.458905
2552	0.458824
2553	0.458817
2554	0.458773
2555	0.458772
2556	0.458754
2557	0.458704
2558	0.458661
2559	0.458660
2560	0.458656
2561	0.458652
2562	0.458634
2563	0.458597
2564	0.458558
2565	0.458532
2566	0.458521
2567	0.458497
2568	0.458479
2569	0.458448
2570	0.458441
2571	0.458389
2572	0.458294
2573	0.458232
2574	0.458226
2575	0.458206
2576	0.458139
2577	0.458131
2578	0.458129
2579	0.458127
2580	0.458125
2581	0.458094
2582	0.458091
2583	0.457983
2584	0.457962
2585	0.457915
2586	0.457786
2587	0.457758
2588	0.457708
2589	0.457631
2590	0.457566
2591	0.457545
2592	0.457399
2593	0.457349
2594	0.457269
2595	0.457250
2596	0.457201
2597	0.457152
2598	0.457147
2599	0.457063
2600	0.457049
2601	0.457047
2602	0.456993
2603	0.456984
2604	0.456967
2605	0.456949
2606	0.456941
2607	0.456936
2608	0.456924
2609	0.456909
2610	0.456851
2611	0.456848
2612	0.456772
2613	0.456751
2614	0.456728
2615	0.456715
2616	0.456628
2617	0.456595
2618	0.456521
2619	0.456419
2620	0.456402
2621	0.456358
2622	0.456336
2623	0.456308
2624	0.456292
2625	0.456286
2626	0.456255
2627	0.456251
2628	0.456191
2629	0.456134
2630	0.456087
2631	0.455955
2632	0.455952
2633	0.455945
2634	0.455874
2635	0.455795
2636	0.455771
2637	0.455742
2638	0.455736
2639	0.455715
2640	0.455703
2641	0.455687
2642	0.455654
2643	0.455614
2644	0.455587
2645	0.455530
2646	0.455486
2647	0.455437
2648	0.455387
2649	0.455312
2650	0.455249
2651	0.455237
2652	0.455226
2653	0.455175
2654	0.455157
2655	0.455107
2656	0.455072
2657	0.455030
2658	0.454829
2659	0.454709
2660	0.454696
2661	0.454609
2662	0.454541
2663	0.454538
2664	0.454480
2665	0.454467
2666	0.454325
2667	0.454240
2668	0.454224
2669	0.454198
2670	0.454142
2671	0.454136
2672	0.454009
2673	0.453985
2674	0.453904
2675	0.453819
2676	0.453722
2677	0.453714
2678	0.453702
2679	0.453652
2680	0.453628
2681	0.453613
2682	0.453504
2683	0.453499
2684	0.453473
2685	0.453378
2686	0.453377
2687	0.453345
2688	0.453310
2689	0.453248
2690	0.453222
2691	0.453164
2692	0.453158
2693	0.453112
2694	0.453083
2695	0.452917
2696	0.452895
2697	0.452871
2698	0.452847
2699	0.452835
2700	0.452811
2701	0.452809
2702	0.452779
2703	0.452749
2704	0.452711
2705	0.452702
2706	0.452629
2707	0.452627
2708	0.452567
2709	0.452539
2710	0.452536
2711	0.452518
2712	0.452512
2713	0.452506
2714	0.452471
2715	0.452461
2716	0.452421
2717	0.452412
2718	0.452410
2719	0.452406
2720	0.452405
2721	0.452392
2722	0.452322
2723	0.452285
2724	0.452231
2725	0.452216
2726	0.452214
2727	0.452207
2728	0.452203
2729	0.452189
2730	0.452154
2731	0.452093
2732	0.452018
2733	0.451868
2734	0.451866
2735	0.451857
2736	0.451830
2737	0.451768
2738	0.451723
2739	0.451557
2740	0.451513
2741	0.451409
2742	0.451400
2743	0.451299
2744	0.451256
2745	0.451170
2746	0.451124
2747	0.451109
2748	0.451047
2749	0.451043
2750	0.450959
2751	0.450890
2752	0.450783
2753	0.450720
2754	0.450716
2755	0.450686
2756	0.450674
2757	0.450669
2758	0.450631
2759	0.450573
2760	0.450572
2761	0.450524
2762	0.450462
2763	0.450399
2764	0.450391
2765	0.450318
2766	0.450302
2767	0.450295
2768	0.450295
2769	0.450294
2770	0.450261
2771	0.450243
2772	0.450224
2773	0.450203
2774	0.450113
2775	0.450078
2776	0.450060
2777	0.450033
2778	0.449823
2779	0.449761
2780	0.449755
2781	0.449738
2782	0.449737
2783	0.449726
2784	0.449658
2785	0.449649
2786	0.449621
2787	0.449617
2788	0.449615
2789	0.449538
2790	0.449514
2791	0.449492
2792	0.449459
2793	0.449457
2794	0.449434
2795	0.449394
2796	0.449347
2797	0.449321
2798	0.449189
2799	0.449120
2800	0.449116
2801	0.449074
2802	0.449031
2803	0.448966
2804	0.448911
2805	0.448906
2806	0.448840
2807	0.448770
2808	0.448720
2809	0.448714
2810	0.448698
2811	0.448541
2812	0.448538
2813	0.448518
2814	0.448480
2815	0.448430
2816	0.448393
2817	0.448379
2818	0.448343
2819	0.448325
2820	0.448207
2821	0.448199
2822	0.448009
2823	0.448007
2824	0.447974
2825	0.447968
2826	0.447889
2827	0.447863
2828	0.447839
2829	0.447825
2830	0.447771
2831	0.447658
2832	0.447657
2833	0.447603
2834	0.447595
2835	0.447556
2836	0.447431
2837	0.447405
2838	0.447340
2839	0.447338
2840	0.447326
2841	0.447300
2842	0.447279
2843	0.447278
2844	0.447241
2845	0.447160
2846	0.447152
2847	0.447148
2848	0.447146
2849	0.447142
2850	0.447111
2851	0.447007
2852	0.446995
2853	0.446951
2854	0.446885
2855	0.446843
2856	0.446837
2857	0.446695
2858	0.446683
2859	0.446639
2860	0.446510
2861	0.446473
2862	0.446318
2863	0.446315
2864	0.446294
2865	0.446279
2866	0.446262
2867	0.446173
2868	0.446060
2869	0.445909
2870	0.445898
2871	0.445857
2872	0.445796
2873	0.445763
2874	0.445758
2875	0.445734
2876	0.445726
2877	0.445713
2878	0.445545
2879	0.445519
2880	0.445487
2881	0.445452
2882	0.445392
2883	0.445321
2884	0.445254
2885	0.445218
2886	0.445147
2887	0.445135
2888	0.445024
2889	0.445014
2890	0.444966
2891	0.444845
2892	0.444825
2893	0.444777
2894	0.444755
2895	0.444752
2896	0.444662
2897	0.444632
2898	0.444621
2899	0.444590
2900	0.444557
2901	0.444456
2902	0.444450
2903	0.444361
2904	0.444356
2905	0.444351
2906	0.444293
2907	0.444287
2908	0.444286
2909	0.444260
2910	0.444143
2911	0.444111
2912	0.444070
2913	0.444050
2914	0.443963
2915	0.443875
2916	0.443866
2917	0.443849
2918	0.443711
2919	0.443710
2920	0.443685
2921	0.443682
2922	0.443680
2923	0.443678
2924	0.443668
2925	0.443559
2926	0.443548
2927	0.443533
2928	0.443531
2929	0.443515
2930	0.443460
2931	0.443445
2932	0.443411
2933	0.443408
2934	0.443394
2935	0.443295
2936	0.443267
2937	0.443223
2938	0.443212
2939	0.443190
2940	0.443182
2941	0.443027
2942	0.442929
2943	0.442920
2944	0.442906
2945	0.442881
2946	0.442851
2947	0.442787
2948	0.442763
2949	0.442736
2950	0.442718
2951	0.442665
2952	0.442592
2953	0.442564
2954	0.442556
2955	0.442502
2956	0.442501
2957	0.442428
2958	0.442424
2959	0.442424
2960	0.442390
2961	0.442347
2962	0.442294
2963	0.442284
2964	0.442232
2965	0.442227
2966	0.442131
2967	0.442104
2968	0.442055
2969	0.442048
2970	0.441939
2971	0.441937
2972	0.441909
2973	0.441882
2974	0.441836
2975	0.441813
2976	0.441740
2977	0.441735
2978	0.441697
2979	0.441669
2980	0.441547
2981	0.441540
2982	0.441513
2983	0.441471
2984	0.441419
2985	0.441391
2986	0.441381
2987	0.441373
2988	0.441282
2989	0.441261
2990	0.441251
2991	0.441155
2992	0.441133
2993	0.441091
2994	0.441072
2995	0.441022
2996	0.441011
2997	0.441006
2998	0.441002
2999	0.440948
3000	0.440878
3001	0.440820
3002	0.440767
3003	0.440763
3004	0.440651
3005	0.440613
3006	0.440610
3007	0.440609
3008	0.440592
3009	0.440502
3010	0.440501
3011	0.440473
3012	0.440344
3013	0.440324
3014	0.440324
3015	0.440316
3016	0.440303
3017	0.440298
3018	0.440215
3019	0.440205
3020	0.440169
3021	0.440163
3022	0.440094
3023	0.440087
3024	0.440018
3025	0.440005
3026	0.440001
3027	0.439984
3028	0.439971
3029	0.439967
3030	0.439924
3031	0.439900
3032	0.439880
3033	0.439871
3034	0.439863
3035	0.439845
3036	0.439823
3037	0.439817
3038	0.439729
3039	0.439654
3040	0.439498
3041	0.439478
3042	0.439467
3043	0.439458
3044	0.439443
3045	0.439435
3046	0.439386
3047	0.439371
3048	0.439334
3049	0.439246
3050	0.439184
3051	0.439090
3052	0.439085
3053	0.439074
3054	0.439010
3055	0.438997
3056	0.438967
3057	0.438881
3058	0.438778
3059	0.438741
3060	0.438719
3061	0.438711
3062	0.438671
3063	0.438577
3064	0.438521
3065	0.438519
3066	0.438458
3067	0.438448
3068	0.438447
3069	0.438433
3070	0.438410
3071	0.438318
3072	0.438177
3073	0.438133
3074	0.438080
3075	0.438057
3076	0.438055
3077	0.438024
3078	0.437987
3079	0.437919
3080	0.437831
3081	0.437797
3082	0.437781
3083	0.437705
3084	0.437643
3085	0.437642
3086	0.437599
3087	0.437515
3088	0.437473
3089	0.437464
3090	0.437421
3091	0.437408
3092	0.437379
3093	0.437377
3094	0.437351
3095	0.437327
3096	0.437314
3097	0.437275
3098	0.437264
3099	0.437191
3100	0.437134
3101	0.437053
3102	0.437030
3103	0.436843
3104	0.436815
3105	0.436752
3106	0.436660
3107	0.436552
3108	0.436505
3109	0.436489
3110	0.436474
3111	0.436242
3112	0.436236
3113	0.436143
3114	0.436141
3115	0.436073
3116	0.436059
3117	0.436054
3118	0.435979
3119	0.435926
3120	0.435812
3121	0.435795
3122	0.435752
3123	0.435734
3124	0.435641
3125	0.435548
3126	0.435532
3127	0.435499
3128	0.435414
3129	0.435310
3130	0.435293
3131	0.435261
3132	0.435251
3133	0.435192
3134	0.435102
3135	0.435071
3136	0.435023
3137	0.434940
3138	0.434885
3139	0.434837
3140	0.434823
3141	0.434822
3142	0.434814
3143	0.434802
3144	0.434792
3145	0.434766
3146	0.434688
3147	0.434681
3148	0.434568
3149	0.434565
3150	0.434524
3151	0.434512
3152	0.434472
3153	0.434230
3154	0.434221
3155	0.434203
3156	0.434131
3157	0.433981
3158	0.433907
3159	0.433873
3160	0.433856
3161	0.433811
3162	0.433794
3163	0.433771
3164	0.433670
3165	0.433661
3166	0.433574
3167	0.433571
3168	0.433484
3169	0.433471
3170	0.433461
3171	0.433452
3172	0.433396
3173	0.433315
3174	0.433271
3175	0.433251
3176	0.433186
3177	0.433182
3178	0.433043
3179	0.433041
3180	0.432999
3181	0.432933
3182	0.432869
3183	0.432786
3184	0.432781
3185	0.432741
3186	0.432672
3187	0.432643
3188	0.432589
3189	0.432577
3190	0.432563
3191	0.432519
3192	0.432482
3193	0.432443
3194	0.432407
3195	0.432273
3196	0.432186
3197	0.432097
3198	0.432078
3199	0.432049
3200	0.432023
3201	0.431969
3202	0.431940
3203	0.431880
3204	0.431856
3205	0.431811
3206	0.431804
3207	0.431781
3208	0.431742
3209	0.431726
3210	0.431723
3211	0.431534
3212	0.431492
3213	0.431455
3214	0.431410
3215	0.431408
3216	0.431378
3217	0.431369
3218	0.431325
3219	0.431274
3220	0.431269
3221	0.431267
3222	0.431259
3223	0.431237
3224	0.431214
3225	0.431165
3226	0.431158
3227	0.431158
3228	0.431118
3229	0.431061
3230	0.431056
3231	0.431041
3232	0.430954
3233	0.430953
3234	0.430943
3235	0.430941
3236	0.430875
3237	0.430752
3238	0.430752
3239	0.430738
3240	0.430715
3241	0.430696
3242	0.430682
3243	0.430526
3244	0.430492
3245	0.430453
3246	0.430426
3247	0.430343
3248	0.430119
3249	0.430106
3250	0.430099
3251	0.430083
3252	0.430053
3253	0.429998
3254	0.429939
3255	0.429820
3256	0.429808
3257	0.429768
3258	0.429666
3259	0.429625
3260	0.429611
3261	0.429566
3262	0.429495
3263	0.429454
3264	0.429422
3265	0.429379
3266	0.429336
3267	0.429291
3268	0.429276
3269	0.429275
3270	0.429247
3271	0.429144
3272	0.429140
3273	0.429069
3274	0.429025
3275	0.428975
3276	0.428943
3277	0.428831
3278	0.428751
3279	0.428742
3280	0.428681
3281	0.428587
3282	0.428581
3283	0.428574
3284	0.428561
3285	0.428515
3286	0.428480
3287	0.428448
3288	0.428395
3289	0.428362
3290	0.428154
3291	0.428100
3292	0.427987
3293	0.427826
3294	0.427768
3295	0.427681
3296	0.427600
3297	0.427595
3298	0.427505
3299	0.427498
3300	0.427472
3301	0.427456
3302	0.427372
3303	0.427226
3304	0.427114
3305	0.427112
3306	0.427087
3307	0.427036
3308	0.427016
3309	0.426976
3310	0.426908
3311	0.426907
3312	0.426879
3313	0.426846
3314	0.426845
3315	0.426747
3316	0.426723
3317	0.426676
3318	0.426549
3319	0.426532
3320	0.426468
3321	0.426424
3322	0.426415
3323	0.426413
3324	0.426386
3325	0.426230
3326	0.426212
3327	0.426167
3328	0.426046
3329	0.425861
3330	0.425851
3331	0.425794
3332	0.425773
3333	0.425725
3334	0.425692
3335	0.425619
3336	0.425535
3337	0.425478
3338	0.425474
3339	0.425416
3340	0.425401
3341	0.425384
3342	0.425360
3343	0.425296
3344	0.425260
3345	0.425259
3346	0.425198
3347	0.425129
3348	0.425093
3349	0.424957
3350	0.424846
3351	0.424846
3352	0.424779
3353	0.424768
3354	0.424755
3355	0.424745
3356	0.424733
3357	0.424725
3358	0.424715
3359	0.424598
3360	0.424591
3361	0.424556
3362	0.424519
3363	0.424508
3364	0.424505
3365	0.424481
3366	0.424448
3367	0.424435
3368	0.424355
3369	0.424339
3370	0.424335
3371	0.424323
3372	0.424310
3373	0.424309
3374	0.424269
3375	0.424258
3376	0.424251
3377	0.424240
3378	0.424203
3379	0.424197
3380	0.424194
3381	0.424155
3382	0.424105
3383	0.424031
3384	0.424022
3385	0.424015
3386	0.424004
3387	0.423991
3388	0.423976
3389	0.423941
3390	0.423921
3391	0.423852
3392	0.423790
3393	0.423744
3394	0.423740
3395	0.423715
3396	0.423693
3397	0.423689
3398	0.423567
3399	0.423560
3400	0.423529
3401	0.423514
3402	0.423441
3403	0.423398
3404	0.423379
3405	0.423323
3406	0.423181
3407	0.423149
3408	0.423141
3409	0.423139
3410	0.423128
3411	0.423127
3412	0.423065
3413	0.423024
3414	0.423022
3415	0.422996
3416	0.422882
3417	0.422791
3418	0.422765
3419	0.422697
3420	0.422648
3421	0.422620
3422	0.422541
3423	0.422539
3424	0.422402
3425	0.422400
3426	0.422389
3427	0.422320
3428	0.422308
3429	0.422302
3430	0.422301
3431	0.422259
3432	0.422258
3433	0.422240
3434	0.422234
3435	0.422155
3436	0.422119
3437	0.422086
3438	0.422039
3439	0.422014
3440	0.422009
3441	0.421999
3442	0.421926
3443	0.421912
3444	0.421898
3445	0.421881
3446	0.421842
3447	0.421828
3448	0.421820
3449	0.421805
3450	0.421764
3451	0.421761
3452	0.421727
3453	0.421719
3454	0.421714
3455	0.421439
3456	0.421403
3457	0.421326
3458	0.421290
3459	0.421267
3460	0.421192
3461	0.421169
3462	0.421149
3463	0.421108
3464	0.421102
3465	0.421017
3466	0.420965
3467	0.420943
3468	0.420938
3469	0.420845
3470	0.420743
3471	0.420709
3472	0.420705
3473	0.420679
3474	0.420672
3475	0.420615
3476	0.420611
3477	0.420565
3478	0.420556
3479	0.420540
3480	0.420518
3481	0.420473
3482	0.420384
3483	0.420363
3484	0.420334
3485	0.420220
3486	0.420192
3487	0.420123
3488	0.420081
3489	0.420036
3490	0.420024
3491	0.420009
3492	0.419996
3493	0.419937
3494	0.419896
3495	0.419885
3496	0.419833
3497	0.419829
3498	0.419745
3499	0.419732
3500	0.419690
3501	0.419667
3502	0.419636
3503	0.419628
3504	0.419589
3505	0.419560
3506	0.419540
3507	0.419533
3508	0.419527
3509	0.419444
3510	0.419440
3511	0.419391
3512	0.419356
3513	0.419352
3514	0.419289
3515	0.419278
3516	0.419209
3517	0.419114
3518	0.419097
3519	0.419094
3520	0.419042
3521	0.418988
3522	0.418914
3523	0.418879
3524	0.418865
3525	0.418846
3526	0.418780
3527	0.418773
3528	0.418734
3529	0.418655
3530	0.418647
3531	0.418605
3532	0.418602
3533	0.418564
3534	0.418431
3535	0.418405
3536	0.418301
3537	0.418236
3538	0.417918
3539	0.417915
3540	0.417875
3541	0.417816
3542	0.417724
3543	0.417693
3544	0.417542
3545	0.417494
3546	0.417478
3547	0.417376
3548	0.417284
3549	0.417283
3550	0.417211
3551	0.417198
3552	0.417134
3553	0.417134
3554	0.417125
3555	0.417025
3556	0.416926
3557	0.416861
3558	0.416850
3559	0.416803
3560	0.416781
3561	0.416763
3562	0.416714
3563	0.416633
3564	0.416622
3565	0.416555
3566	0.416539
3567	0.416534
3568	0.416494
3569	0.416439
3570	0.416397
3571	0.416342
3572	0.416235
3573	0.416024
3574	0.415966
3575	0.415944
3576	0.415889
3577	0.415864
3578	0.415841
3579	0.415805
3580	0.415714
3581	0.415617
3582	0.415600
3583	0.415592
3584	0.415568
3585	0.415526
3586	0.415486
3587	0.415483
3588	0.415333
3589	0.415318
3590	0.415310
3591	0.415219
3592	0.415211
3593	0.415144
3594	0.415109
3595	0.415061
3596	0.414951
3597	0.414918
3598	0.414918
3599	0.414900
3600	0.414860
3601	0.414815
3602	0.414799
3603	0.414734
3604	0.414615
3605	0.414480
3606	0.414285
3607	0.414254
3608	0.414158
3609	0.414141
3610	0.414131
3611	0.414032
3612	0.414022
3613	0.414019
3614	0.413924
3615	0.413895
3616	0.413867
3617	0.413850
3618	0.413771
3619	0.413636
3620	0.413604
3621	0.413601
3622	0.413581
3623	0.413550
3624	0.413511
3625	0.413451
3626	0.413443
3627	0.413422
3628	0.413396
3629	0.413384
3630	0.413340
3631	0.413258
3632	0.413250
3633	0.413212
3634	0.413166
3635	0.413078
3636	0.413064
3637	0.412997
3638	0.412981
3639	0.412980
3640	0.412930
3641	0.412886
3642	0.412840
3643	0.412765
3644	0.412747
3645	0.412747
3646	0.412743
3647	0.412710
3648	0.412643
3649	0.412601
3650	0.412583
3651	0.412573
3652	0.412565
3653	0.412558
3654	0.412467
3655	0.412343
3656	0.412210
3657	0.412201
3658	0.412183
3659	0.412003
3660	0.411930
3661	0.411916
3662	0.411854
3663	0.411781
3664	0.411749
3665	0.411747
3666	0.411676
3667	0.411580
3668	0.411579
3669	0.411428
3670	0.411418
3671	0.411400
3672	0.411374
3673	0.411308
3674	0.411289
3675	0.411182
3676	0.411010
3677	0.411007
3678	0.410997
3679	0.410950
3680	0.410793
3681	0.410746
3682	0.410715
3683	0.410668
3684	0.410587
3685	0.410543
3686	0.410534
3687	0.410489
3688	0.410451
3689	0.410437
3690	0.410425
3691	0.410411
3692	0.410350
3693	0.410320
3694	0.410199
3695	0.410139
3696	0.410060
3697	0.410060
3698	0.409847
3699	0.409779
3700	0.409742
3701	0.409703
3702	0.409701
3703	0.409663
3704	0.409654
3705	0.409646
3706	0.409631
3707	0.409584
3708	0.409580
3709	0.409512
3710	0.409478
3711	0.409387
3712	0.409278
3713	0.409225
3714	0.408924
3715	0.408890
3716	0.408840
3717	0.408821
3718	0.408795
3719	0.408776
3720	0.408774
3721	0.408740
3722	0.408731
3723	0.408725
3724	0.408657
3725	0.408651
3726	0.408646
3727	0.408583
3728	0.408534
3729	0.408357
3730	0.408241
3731	0.408169
3732	0.408156
3733	0.408129
3734	0.408115
3735	0.408030
3736	0.408001
3737	0.407972
3738	0.407890
3739	0.407862
3740	0.407817
3741	0.407814
3742	0.407811
3743	0.407773
3744	0.407755
3745	0.407715
3746	0.407693
3747	0.407687
3748	0.407522
3749	0.407455
3750	0.407445
3751	0.407393
3752	0.407360
3753	0.407353
3754	0.407341
3755	0.407328
3756	0.407235
3757	0.407209
3758	0.407170
3759	0.407164
3760	0.407150
3761	0.407133
3762	0.407088
3763	0.407036
3764	0.407020
3765	0.406997
3766	0.406954
3767	0.406886
3768	0.406785
3769	0.406760
3770	0.406568
3771	0.406537
3772	0.406486
3773	0.406449
3774	0.406448
3775	0.406391
3776	0.406352
3777	0.406286
3778	0.406266
3779	0.406239
3780	0.406236
3781	0.406094
3782	0.406070
3783	0.406049
3784	0.406000
3785	0.405892
3786	0.405873
3787	0.405841
3788	0.405840
3789	0.405802
3790	0.405791
3791	0.405667
3792	0.405504
3793	0.405445
3794	0.405420
3795	0.405391
3796	0.405326
3797	0.405317
3798	0.405266
3799	0.405200
3800	0.405121
3801	0.405020
3802	0.405008
3803	0.404920
3804	0.404802
3805	0.404672
3806	0.404657
3807	0.404644
3808	0.404623
3809	0.404604
3810	0.404577
3811	0.404542
3812	0.404432
3813	0.404415
3814	0.404382
3815	0.404376
3816	0.404357
3817	0.404315
3818	0.404205
3819	0.404178
3820	0.404168
3821	0.404067
3822	0.404066
3823	0.404044
3824	0.403877
3825	0.403873
3826	0.403840
3827	0.403781
3828	0.403687
3829	0.403616
3830	0.403608
3831	0.403505
3832	0.403438
3833	0.403403
3834	0.403372
3835	0.403341
3836	0.403213
3837	0.403187
3838	0.403177
3839	0.403021
3840	0.402973
3841	0.402963
3842	0.402933
3843	0.402913
3844	0.402789
3845	0.402731
3846	0.402690
3847	0.402617
3848	0.402599
3849	0.402583
3850	0.402455
3851	0.402343
3852	0.402336
3853	0.402272
3854	0.402196
3855	0.402166
3856	0.402143
3857	0.402137
3858	0.402087
3859	0.401947
3860	0.401868
3861	0.401861
3862	0.401844
3863	0.401834
3864	0.401793
3865	0.401715
3866	0.401711
3867	0.401692
3868	0.401636
3869	0.401597
3870	0.401585
3871	0.401578
3872	0.401573
3873	0.401533
3874	0.401527
3875	0.401501
3876	0.401480
3877	0.401458
3878	0.401457
3879	0.401454
3880	0.401417
3881	0.401407
3882	0.401307
3883	0.401300
3884	0.401269
3885	0.401268
3886	0.401251
3887	0.401248
3888	0.401194
3889	0.401157
3890	0.401117
3891	0.401058
3892	0.400901
3893	0.400870
3894	0.400855
3895	0.400766
3896	0.400752
3897	0.400726
3898	0.400684
3899	0.400671
3900	0.400628
3901	0.400542
3902	0.400498
3903	0.400373
3904	0.400344
3905	0.400283
3906	0.400272
3907	0.400109
3908	0.400069
3909	0.400045
3910	0.400005
3911	0.399895
3912	0.399870
3913	0.399865
3914	0.399851
3915	0.399743
3916	0.399743
3917	0.399742
3918	0.399706
3919	0.399699
3920	0.399697
3921	0.399680
3922	0.399571
3923	0.399527
3924	0.399432
3925	0.399075
3926	0.399058
3927	0.398888
3928	0.398806
3929	0.398694
3930	0.398629
3931	0.398623
3932	0.398596
3933	0.398589
3934	0.398559
3935	0.398450
3936	0.398438
3937	0.398343
3938	0.398297
3939	0.398259
3940	0.398229
3941	0.398183
3942	0.398134
3943	0.398102
3944	0.398010
3945	0.397942
3946	0.397915
3947	0.397871
3948	0.397856
3949	0.397825
3950	0.397756
3951	0.397627
3952	0.397374
3953	0.397369
3954	0.397309
3955	0.397231
3956	0.397227
3957	0.397214
3958	0.397166
3959	0.397151
3960	0.397144
3961	0.397087
3962	0.397082
3963	0.396964
3964	0.396931
3965	0.396894
3966	0.396867
3967	0.396758
3968	0.396684
3969	0.396561
3970	0.396548
3971	0.396441
3972	0.396379
3973	0.396374
3974	0.396304
3975	0.396161
3976	0.396134
3977	0.396051
3978	0.396029
3979	0.395912
3980	0.395909
3981	0.395829
3982	0.395820
3983	0.395793
3984	0.395781
3985	0.395564
3986	0.395449
3987	0.395363
3988	0.395342
3989	0.395234
3990	0.395230
3991	0.395147
3992	0.395132
3993	0.395083
3994	0.395022
3995	0.394958
3996	0.394954
3997	0.394873
3998	0.394847
3999	0.394781
4000	0.394768
4001	0.394768
4002	0.394711
4003	0.394700
4004	0.394664
4005	0.394569
4006	0.394542
4007	0.394511
4008	0.394460
4009	0.394429
4010	0.394299
4011	0.394281
4012	0.394250
4013	0.394213
4014	0.394208
4015	0.394207
4016	0.394092
4017	0.394049
4018	0.394017
4019	0.393928
4020	0.393845
4021	0.393714
4022	0.393632
4023	0.393575
4024	0.393546
4025	0.393524
4026	0.393492
4027	0.393459
4028	0.393441
4029	0.393305
4030	0.393199
4031	0.393179
4032	0.392953
4033	0.392728
4034	0.392633
4035	0.392570
4036	0.392499
4037	0.392471
4038	0.392455
4039	0.392412
4040	0.392128
4041	0.392119
4042	0.392108
4043	0.392051
4044	0.392049
4045	0.391957
4046	0.391921
4047	0.391906
4048	0.391896
4049	0.391843
4050	0.391816
4051	0.391745
4052	0.391693
4053	0.391522
4054	0.391434
4055	0.391349
4056	0.391276
4057	0.391197
4058	0.391103
4059	0.391053
4060	0.390910
4061	0.390856
4062	0.390825
4063	0.390780
4064	0.390735
4065	0.390726
4066	0.390706
4067	0.390563
4068	0.390549
4069	0.390475
4070	0.390456
4071	0.390144
4072	0.390132
4073	0.390128
4074	0.389985
4075	0.389952
4076	0.389808
4077	0.389610
4078	0.389472
4079	0.389452
4080	0.389447
4081	0.389287
4082	0.389260
4083	0.389258
4084	0.389088
4085	0.388876
4086	0.388861
4087	0.388823
4088	0.388815
4089	0.388677
4090	0.388581
4091	0.388570
4092	0.388547
4093	0.388417
4094	0.388406
4095	0.388343
4096	0.388316
4097	0.388284
4098	0.388259
4099	0.388215
4100	0.388157
4101	0.388034
4102	0.387991
4103	0.387986
4104	0.387973
4105	0.387965
4106	0.387891
4107	0.387771
4108	0.387737
4109	0.387728
4110	0.387727
4111	0.387663
4112	0.387456
4113	0.387314
4114	0.387258
4115	0.387221
4116	0.387143
4117	0.387032
4118	0.387030
4119	0.387000
4120	0.386938
4121	0.386621
4122	0.386380
4123	0.386307
4124	0.386290
4125	0.386209
4126	0.386200
4127	0.386196
4128	0.386056
4129	0.386049
4130	0.385799
4131	0.385784
4132	0.385711
4133	0.385594
4134	0.385584
4135	0.385531
4136	0.385509
4137	0.385417
4138	0.385364
4139	0.385350
4140	0.385323
4141	0.385291
4142	0.385246
4143	0.385130
4144	0.384819
4145	0.384802
4146	0.384654
4147	0.384511
4148	0.384330
4149	0.384278
4150	0.384230
4151	0.384182
4152	0.384084
4153	0.383939
4154	0.383765
4155	0.383765
4156	0.383714
4157	0.383586
4158	0.383569
4159	0.383540
4160	0.383533
4161	0.383475
4162	0.383450
4163	0.383403
4164	0.383399
4165	0.383388
4166	0.383373
4167	0.383372
4168	0.383347
4169	0.383262
4170	0.383148
4171	0.383121
4172	0.383103
4173	0.383058
4174	0.383044
4175	0.382964
4176	0.382963
4177	0.382954
4178	0.382931
4179	0.382912
4180	0.382775
4181	0.382734
4182	0.382729
4183	0.382604
4184	0.382600
4185	0.382549
4186	0.382469
4187	0.382378
4188	0.382354
4189	0.382267
4190	0.382183
4191	0.382134
4192	0.382001
4193	0.382000
4194	0.381961
4195	0.381878
4196	0.381875
4197	0.381804
4198	0.381792
4199	0.381582
4200	0.381565
4201	0.381560
4202	0.381453
4203	0.381438
4204	0.381422
4205	0.381238
4206	0.381234
4207	0.381183
4208	0.381145
4209	0.381080
4210	0.381022
4211	0.380951
4212	0.380926
4213	0.380922
4214	0.380910
4215	0.380882
4216	0.380876
4217	0.380848
4218	0.380839
4219	0.380836
4220	0.380793
4221	0.380602
4222	0.380574
4223	0.380384
4224	0.380382
4225	0.380370
4226	0.380329
4227	0.380303
4228	0.380296
4229	0.380235
4230	0.380230
4231	0.380229
4232	0.380101
4233	0.380018
4234	0.379946
4235	0.379844
4236	0.379796
4237	0.379731
4238	0.379556
4239	0.379503
4240	0.379498
4241	0.379476
4242	0.379459
4243	0.379458
4244	0.379388
4245	0.379367
4246	0.379165
4247	0.379100
4248	0.379065
4249	0.379023
4250	0.378992
4251	0.378925
4252	0.378911
4253	0.378908
4254	0.378896
4255	0.378895
4256	0.378885
4257	0.378783
4258	0.378686
4259	0.378648
4260	0.378607
4261	0.378501
4262	0.378487
4263	0.378441
4264	0.378434
4265	0.378408
4266	0.378384
4267	0.378345
4268	0.378301
4269	0.378280
4270	0.378255
4271	0.378096
4272	0.377960
4273	0.377947
4274	0.377872
4275	0.377763
4276	0.377759
4277	0.377727
4278	0.377693
4279	0.377607
4280	0.377605
4281	0.377572
4282	0.377544
4283	0.377520
4284	0.377477
4285	0.377448
4286	0.377388
4287	0.377332
4288	0.377187
4289	0.377085
4290	0.377075
4291	0.377060
4292	0.376966
4293	0.376939
4294	0.376936
4295	0.376902
4296	0.376899
4297	0.376879
4298	0.376857
4299	0.376699
4300	0.376646
4301	0.376565
4302	0.376531
4303	0.376518
4304	0.376474
4305	0.376456
4306	0.376446
4307	0.376340
4308	0.376302
4309	0.376132
4310	0.376109
4311	0.376004
4312	0.375996
4313	0.375793
4314	0.375758
4315	0.375711
4316	0.375658
4317	0.375630
4318	0.375589
4319	0.375561
4320	0.375557
4321	0.375553
4322	0.375466
4323	0.375443
4324	0.375441
4325	0.375319
4326	0.375028
4327	0.375003
4328	0.374942
4329	0.374939
4330	0.374878
4331	0.374858
4332	0.374691
4333	0.374628
4334	0.374616
4335	0.374556
4336	0.374544
4337	0.374512
4338	0.374296
4339	0.374219
4340	0.374218
4341	0.374204
4342	0.374172
4343	0.374167
4344	0.374096
4345	0.374064
4346	0.374008
4347	0.373962
4348	0.373927
4349	0.373747
4350	0.373650
4351	0.373522
4352	0.373392
4353	0.373291
4354	0.373280
4355	0.373218
4356	0.373197
4357	0.373179
4358	0.373152
4359	0.373038
4360	0.373032
4361	0.373021
4362	0.373003
4363	0.372954
4364	0.372948
4365	0.372863
4366	0.372850
4367	0.372748
4368	0.372682
4369	0.372471
4370	0.372357
4371	0.372195
4372	0.372187
4373	0.372169
4374	0.372134
4375	0.372091
4376	0.372031
4377	0.371994
4378	0.371974
4379	0.371794
4380	0.371779
4381	0.371623
4382	0.371600
4383	0.371587
4384	0.371427
4385	0.371367
4386	0.371300
4387	0.371217
4388	0.370969
4389	0.370871
4390	0.370841
4391	0.370829
4392	0.370721
4393	0.370668
4394	0.370627
4395	0.370499
4396	0.370409
4397	0.370247
4398	0.370060
4399	0.370052
4400	0.370048
4401	0.370047
4402	0.370043
4403	0.369983
4404	0.369924
4405	0.369832
4406	0.369575
4407	0.369555
4408	0.369542
4409	0.369525
4410	0.369414
4411	0.369367
4412	0.369318
4413	0.369292
4414	0.369276
4415	0.369221
4416	0.369216
4417	0.369191
4418	0.369175
4419	0.369114
4420	0.368984
4421	0.368906
4422	0.368856
4423	0.368849
4424	0.368781
4425	0.368662
4426	0.368656
4427	0.368595
4428	0.368534
4429	0.368439
4430	0.368406
4431	0.368377
4432	0.368364
4433	0.368285
4434	0.368165
4435	0.368074
4436	0.367955
4437	0.367894
4438	0.367886
4439	0.367861
4440	0.367797
4441	0.367592
4442	0.367411
4443	0.367309
4444	0.367267
4445	0.367129
4446	0.367116
4447	0.367112
4448	0.367100
4449	0.366958
4450	0.366926
4451	0.366840
4452	0.366834
4453	0.366776
4454	0.366762
4455	0.366722
4456	0.366519
4457	0.366446
4458	0.366357
4459	0.366291
4460	0.366155
4461	0.366132
4462	0.366131
4463	0.366060
4464	0.366059
4465	0.366009
4466	0.366003
4467	0.365897
4468	0.365824
4469	0.365728
4470	0.365668
4471	0.365646
4472	0.365617
4473	0.365616
4474	0.365604
4475	0.365591
4476	0.365464
4477	0.365379
4478	0.365344
4479	0.365301
4480	0.365290
4481	0.365234
4482	0.365173
4483	0.364794
4484	0.364784
4485	0.364577
4486	0.364466
4487	0.364410
4488	0.364410
4489	0.364270
4490	0.364069
4491	0.364062
4492	0.363976
4493	0.363889
4494	0.363883
4495	0.363790
4496	0.363786
4497	0.363756
4498	0.363706
4499	0.363696
4500	0.363665
4501	0.363556
4502	0.363538
4503	0.363293
4504	0.363248
4505	0.363239
4506	0.363118
4507	0.363067
4508	0.363032
4509	0.363024
4510	0.362734
4511	0.362593
4512	0.362504
4513	0.362462
4514	0.362451
4515	0.362428
4516	0.362410
4517	0.362363
4518	0.362347
4519	0.362273
4520	0.362212
4521	0.361737
4522	0.361593
4523	0.361587
4524	0.361571
4525	0.361564
4526	0.361425
4527	0.361382
4528	0.361331
4529	0.361325
4530	0.361171
4531	0.361123
4532	0.361083
4533	0.361080
4534	0.360933
4535	0.360930
4536	0.360894
4537	0.360794
4538	0.360735
4539	0.360711
4540	0.360607
4541	0.360558
4542	0.360538
4543	0.360515
4544	0.360501
4545	0.360487
4546	0.360480
4547	0.360473
4548	0.360463
4549	0.360408
4550	0.360356
4551	0.360354
4552	0.360274
4553	0.360215
4554	0.360144
4555	0.360128
4556	0.360127
4557	0.360123
4558	0.360119
4559	0.360118
4560	0.360111
4561	0.360107
4562	0.360008
4563	0.359932
4564	0.359906
4565	0.359862
4566	0.359848
4567	0.359845
4568	0.359473
4569	0.359440
4570	0.359289
4571	0.359273
4572	0.359143
4573	0.359095
4574	0.359061
4575	0.358918
4576	0.358876
4577	0.358795
4578	0.358542
4579	0.358476
4580	0.358408
4581	0.358296
4582	0.358214
4583	0.358149
4584	0.358127
4585	0.358114
4586	0.357970
4587	0.357714
4588	0.357639
4589	0.357581
4590	0.357564
4591	0.357463
4592	0.357454
4593	0.357354
4594	0.357135
4595	0.356961
4596	0.356911
4597	0.356894
4598	0.356881
4599	0.356822
4600	0.356677
4601	0.356546
4602	0.356533
4603	0.356531
4604	0.356492
4605	0.356461
4606	0.356345
4607	0.356342
4608	0.356332
4609	0.356236
4610	0.356230
4611	0.356185
4612	0.356178
4613	0.356120
4614	0.356032
4615	0.355989
4616	0.355882
4617	0.355869
4618	0.355869
4619	0.355865
4620	0.355840
4621	0.355827
4622	0.355704
4623	0.355698
4624	0.355533
4625	0.355434
4626	0.355378
4627	0.355358
4628	0.355338
4629	0.355296
4630	0.355185
4631	0.355100
4632	0.354965
4633	0.354936
4634	0.354832
4635	0.354804
4636	0.354720
4637	0.354556
4638	0.354172
4639	0.354133
4640	0.354080
4641	0.353783
4642	0.353768
4643	0.353595
4644	0.353497
4645	0.353482
4646	0.353449
4647	0.353395
4648	0.353377
4649	0.353276
4650	0.353109
4651	0.353087
4652	0.352943
4653	0.352874
4654	0.352834
4655	0.352822
4656	0.352808
4657	0.352798
4658	0.352779
4659	0.352755
4660	0.352655
4661	0.352606
4662	0.352575
4663	0.352421
4664	0.352184
4665	0.352137
4666	0.352103
4667	0.351990
4668	0.351976
4669	0.351917
4670	0.351873
4671	0.351790
4672	0.351710
4673	0.351606
4674	0.351577
4675	0.351467
4676	0.351345
4677	0.351269
4678	0.351188
4679	0.351119
4680	0.351115
4681	0.351080
4682	0.351070
4683	0.351056
4684	0.350884
4685	0.350871
4686	0.350804
4687	0.350774
4688	0.350727
4689	0.350669
4690	0.350452
4691	0.350380
4692	0.350357
4693	0.350313
4694	0.350271
4695	0.350259
4696	0.350159
4697	0.349962
4698	0.349618
4699	0.349497
4700	0.349443
4701	0.349392
4702	0.349268
4703	0.349208
4704	0.349142
4705	0.348921
4706	0.348895
4707	0.348695
4708	0.348564
4709	0.348450
4710	0.348277
4711	0.348275
4712	0.348106
4713	0.348071
4714	0.347999
4715	0.347982
4716	0.347964
4717	0.347646
4718	0.347205
4719	0.347080
4720	0.347029
4721	0.347019
4722	0.346926
4723	0.346867
4724	0.346858
4725	0.346704
4726	0.346656
4727	0.346610
4728	0.346544
4729	0.346445
4730	0.346397
4731	0.346238
4732	0.346231
4733	0.346174
4734	0.346134
4735	0.345951
4736	0.345927
4737	0.345905
4738	0.345892
4739	0.345800
4740	0.345772
4741	0.345578
4742	0.345567
4743	0.345538
4744	0.345536
4745	0.345518
4746	0.345504
4747	0.345389
4748	0.345366
4749	0.345323
4750	0.345264
4751	0.345242
4752	0.345186
4753	0.345045
4754	0.344987
4755	0.344969
4756	0.344920
4757	0.344911
4758	0.344796
4759	0.344750
4760	0.344717
4761	0.344704
4762	0.344703
4763	0.344648
4764	0.344646
4765	0.344298
4766	0.344229
4767	0.344120
4768	0.344109
4769	0.344070
4770	0.344003
4771	0.343880
4772	0.343809
4773	0.343531
4774	0.343492
4775	0.343492
4776	0.343298
4777	0.343107
4778	0.343088
4779	0.343060
4780	0.343025
4781	0.342986
4782	0.342940
4783	0.342878
4784	0.342840
4785	0.342776
4786	0.342579
4787	0.342539
4788	0.342529
4789	0.342218
4790	0.342146
4791	0.342142
4792	0.342109
4793	0.342071
4794	0.342067
4795	0.342063
4796	0.342009
4797	0.341956
4798	0.341956
4799	0.341879
4800	0.341852
4801	0.341811
4802	0.341808
4803	0.341792
4804	0.341509
4805	0.341437
4806	0.341282
4807	0.341252
4808	0.341236
4809	0.341174
4810	0.341167
4811	0.341074
4812	0.341066
4813	0.341048
4814	0.341023
4815	0.340972
4816	0.340911
4817	0.340830
4818	0.340633
4819	0.340602
4820	0.340556
4821	0.340364
4822	0.340306
4823	0.340274
4824	0.340145
4825	0.340112
4826	0.340062
4827	0.340052
4828	0.339962
4829	0.339658
4830	0.339385
4831	0.339360
4832	0.339271
4833	0.339209
4834	0.339159
4835	0.339126
4836	0.339094
4837	0.339083
4838	0.338984
4839	0.338974
4840	0.338911
4841	0.338874
4842	0.338869
4843	0.338836
4844	0.338833
4845	0.338739
4846	0.338733
4847	0.338649
4848	0.338466
4849	0.338446
4850	0.338356
4851	0.338339
4852	0.338306
4853	0.338216
4854	0.338196
4855	0.338130
4856	0.338042
4857	0.337960
4858	0.337859
4859	0.337811
4860	0.337756
4861	0.337447
4862	0.337431
4863	0.337410
4864	0.337385
4865	0.337334
4866	0.337291
4867	0.337262
4868	0.337141
4869	0.337094
4870	0.336893
4871	0.336763
4872	0.336697
4873	0.336661
4874	0.336629
4875	0.336582
4876	0.336543
4877	0.336514
4878	0.336498
4879	0.336489
4880	0.336364
4881	0.336273
4882	0.335917
4883	0.335841
4884	0.335774
4885	0.335739
4886	0.335604
4887	0.335325
4888	0.335294
4889	0.335291
4890	0.335251
4891	0.335212
4892	0.335125
4893	0.335077
4894	0.334900
4895	0.334794
4896	0.334792
4897	0.334543
4898	0.334508
4899	0.334450
4900	0.334433
4901	0.334419
4902	0.334383
4903	0.334361
4904	0.334273
4905	0.334236
4906	0.334197
4907	0.334160
4908	0.333981
4909	0.333964
4910	0.333823
4911	0.333800
4912	0.333642
4913	0.333588
4914	0.333418
4915	0.333302
4916	0.333154
4917	0.333010
4918	0.332961
4919	0.332950
4920	0.332857
4921	0.332777
4922	0.332741
4923	0.332690
4924	0.332669
4925	0.332644
4926	0.332525
4927	0.332516
4928	0.332367
4929	0.332250
4930	0.332109
4931	0.332063
4932	0.332058
4933	0.332031
4934	0.332012
4935	0.331964
4936	0.331877
4937	0.331811
4938	0.331773
4939	0.331571
4940	0.331289
4941	0.331166
4942	0.331143
4943	0.331138
4944	0.331062
4945	0.331032
4946	0.331016
4947	0.331005
4948	0.330922
4949	0.330915
4950	0.330904
4951	0.330793
4952	0.330718
4953	0.330576
4954	0.330542
4955	0.330517
4956	0.330365
4957	0.330359
4958	0.330340
4959	0.330337
4960	0.330242
4961	0.330180
4962	0.330072
4963	0.330067
4964	0.329978
4965	0.329942
4966	0.329864
4967	0.329833
4968	0.329828
4969	0.329673
4970	0.329643
4971	0.329570
4972	0.329524
4973	0.329416
4974	0.329351
4975	0.329299
4976	0.329259
4977	0.329183
4978	0.329122
4979	0.329067
4980	0.329065
4981	0.328858
4982	0.328769
4983	0.328764
4984	0.328749
4985	0.328711
4986	0.328672
4987	0.328636
4988	0.328556
4989	0.328460
4990	0.328428
4991	0.328417
4992	0.328136
4993	0.327988
4994	0.327981
4995	0.327871
4996	0.327846
4997	0.327544
4998	0.327538
4999	0.327532
5000	0.327435
5001	0.327359
5002	0.327139
5003	0.326961
5004	0.326753
5005	0.326736
5006	0.326705
5007	0.326670
5008	0.326516
5009	0.326505
5010	0.326454
5011	0.326428
5012	0.326379
5013	0.326297
5014	0.326148
5015	0.326096
5016	0.326051
5017	0.326042
5018	0.326028
5019	0.325975
5020	0.325943
5021	0.325903
5022	0.325756
5023	0.325684
5024	0.325620
5025	0.325601
5026	0.325427
5027	0.325331
5028	0.325287
5029	0.325228
5030	0.325188
5031	0.325142
5032	0.324914
5033	0.324582
5034	0.324573
5035	0.324475
5036	0.324413
5037	0.324384
5038	0.324378
5039	0.324362
5040	0.324278
5041	0.324216
5042	0.324186
5043	0.324173
5044	0.324041
5045	0.323936
5046	0.323905
5047	0.323857
5048	0.323852
5049	0.323851
5050	0.323731
5051	0.323666
5052	0.323665
5053	0.323649
5054	0.323546
5055	0.323337
5056	0.323215
5057	0.323172
5058	0.323169
5059	0.323131
5060	0.322925
5061	0.322918
5062	0.322800
5063	0.322703
5064	0.322632
5065	0.322556
5066	0.322546
5067	0.322482
5068	0.322350
5069	0.322087
5070	0.322048
5071	0.322048
5072	0.322037
5073	0.321837
5074	0.321702
5075	0.321685
5076	0.321598
5077	0.321586
5078	0.321551
5079	0.321311
5080	0.321263
5081	0.321196
5082	0.321191
5083	0.321163
5084	0.321065
5085	0.320807
5086	0.320777
5087	0.320765
5088	0.320735
5089	0.320700
5090	0.320521
5091	0.320330
5092	0.320191
5093	0.320136
5094	0.320031
5095	0.319703
5096	0.319651
5097	0.319593
5098	0.319461
5099	0.319298
5100	0.319169
5101	0.319102
5102	0.319101
5103	0.318908
5104	0.318678
5105	0.318638
5106	0.318558
5107	0.318419
5108	0.318318
5109	0.318247
5110	0.318198
5111	0.318158
5112	0.318075
5113	0.318054
5114	0.317888
5115	0.317860
5116	0.317808
5117	0.317665
5118	0.317570
5119	0.317540
5120	0.317495
5121	0.317470
5122	0.317349
5123	0.317337
5124	0.317303
5125	0.317301
5126	0.317231
5127	0.317167
5128	0.317005
5129	0.316973
5130	0.316852
5131	0.316769
5132	0.316768
5133	0.316567
5134	0.316532
5135	0.316513
5136	0.316466
5137	0.316378
5138	0.316376
5139	0.316359
5140	0.316245
5141	0.316022
5142	0.315965
5143	0.315931
5144	0.315643
5145	0.315564
5146	0.315488
5147	0.315297
5148	0.315238
5149	0.315200
5150	0.315075
5151	0.315017
5152	0.315007
5153	0.314947
5154	0.314883
5155	0.314861
5156	0.314830
5157	0.314784
5158	0.314654
5159	0.314636
5160	0.314608
5161	0.314604
5162	0.314590
5163	0.314542
5164	0.314462
5165	0.314421
5166	0.314378
5167	0.314295
5168	0.314278
5169	0.314229
5170	0.314188
5171	0.314148
5172	0.314088
5173	0.313968
5174	0.313777
5175	0.313644
5176	0.313599
5177	0.313527
5178	0.313486
5179	0.313353
5180	0.313103
5181	0.313099
5182	0.312899
5183	0.312888
5184	0.312884
5185	0.312790
5186	0.312764
5187	0.312702
5188	0.312657
5189	0.312489
5190	0.312471
5191	0.312469
5192	0.312463
5193	0.312462
5194	0.312405
5195	0.312336
5196	0.312163
5197	0.312160
5198	0.312082
5199	0.312000
5200	0.311882
5201	0.311868
5202	0.311866
5203	0.311823
5204	0.311617
5205	0.311526
5206	0.311525
5207	0.311520
5208	0.311505
5209	0.311489
5210	0.311400
5211	0.311381
5212	0.311376
5213	0.311252
5214	0.311167
5215	0.311094
5216	0.310965
5217	0.310863
5218	0.310765
5219	0.310695
5220	0.310675
5221	0.310659
5222	0.310583
5223	0.310510
5224	0.310506
5225	0.310261
5226	0.310102
5227	0.310081
5228	0.309838
5229	0.309548
5230	0.309438
5231	0.309435
5232	0.309263
5233	0.309243
5234	0.308857
5235	0.308711
5236	0.308696
5237	0.308590
5238	0.308554
5239	0.308509
5240	0.308482
5241	0.308240
5242	0.308189
5243	0.308149
5244	0.308131
5245	0.307943
5246	0.307861
5247	0.307812
5248	0.307642
5249	0.307506
5250	0.307502
5251	0.307338
5252	0.307057
5253	0.307028
5254	0.306983
5255	0.306733
5256	0.306614
5257	0.306579
5258	0.306430
5259	0.306128
5260	0.305832
5261	0.305740
5262	0.305718
5263	0.305715
5264	0.305660
5265	0.305646
5266	0.305588
5267	0.305441
5268	0.305441
5269	0.305344
5270	0.305161
5271	0.305104
5272	0.305066
5273	0.305038
5274	0.305016
5275	0.304975
5276	0.304674
5277	0.304610
5278	0.304494
5279	0.304463
5280	0.304210
5281	0.304097
5282	0.304085
5283	0.304063
5284	0.304026
5285	0.304011
5286	0.303795
5287	0.303760
5288	0.303666
5289	0.303564
5290	0.303562
5291	0.303523
5292	0.303419
5293	0.303369
5294	0.303252
5295	0.303235
5296	0.302970
5297	0.302795
5298	0.302755
5299	0.302638
5300	0.302543
5301	0.302532
5302	0.302502
5303	0.302487
5304	0.302418
5305	0.302352
5306	0.302257
5307	0.302067
5308	0.301819
5309	0.301806
5310	0.301802
5311	0.301735
5312	0.301612
5313	0.301489
5314	0.301452
5315	0.301260
5316	0.301241
5317	0.301092
5318	0.300907
5319	0.300906
5320	0.300842
5321	0.300831
5322	0.300813
5323	0.300263
5324	0.300178
5325	0.300153
5326	0.299997
5327	0.299854
5328	0.299834
5329	0.299787
5330	0.299509
5331	0.299402
5332	0.299276
5333	0.299267
5334	0.299249
5335	0.299201
5336	0.299125
5337	0.299031
5338	0.298919
5339	0.298767
5340	0.298567
5341	0.298556
5342	0.298556
5343	0.298532
5344	0.298169
5345	0.298162
5346	0.297975
5347	0.297943
5348	0.297921
5349	0.297906
5350	0.297904
5351	0.297848
5352	0.297636
5353	0.297632
5354	0.297631
5355	0.297611
5356	0.297445
5357	0.297200
5358	0.297174
5359	0.296941
5360	0.296923
5361	0.296897
5362	0.296886
5363	0.296858
5364	0.296543
5365	0.296518
5366	0.296513
5367	0.296400
5368	0.296380
5369	0.296275
5370	0.296273
5371	0.296203
5372	0.296189
5373	0.296094
5374	0.295893
5375	0.295796
5376	0.295762
5377	0.295669
5378	0.295655
5379	0.295496
5380	0.295295
5381	0.295222
5382	0.295184
5383	0.295091
5384	0.295054
5385	0.294590
5386	0.294539
5387	0.294498
5388	0.294366
5389	0.294294
5390	0.294261
5391	0.294195
5392	0.294128
5393	0.293816
5394	0.293575
5395	0.293565
5396	0.293452
5397	0.293449
5398	0.293229
5399	0.292892
5400	0.292844
5401	0.292836
5402	0.292810
5403	0.292773
5404	0.292758
5405	0.292688
5406	0.292680
5407	0.292498
5408	0.292399
5409	0.292336
5410	0.292323
5411	0.292271
5412	0.292008
5413	0.291902
5414	0.291767
5415	0.291654
5416	0.291554
5417	0.291301
5418	0.291269
5419	0.291176
5420	0.291092
5421	0.290996
5422	0.290802
5423	0.290598
5424	0.290565
5425	0.290561
5426	0.290537
5427	0.290509
5428	0.290496
5429	0.290420
5430	0.290266
5431	0.290236
5432	0.290032
5433	0.289804
5434	0.289702
5435	0.289625
5436	0.289444
5437	0.289231
5438	0.289185
5439	0.289111
5440	0.288960
5441	0.288784
5442	0.288453
5443	0.288313
5444	0.288307
5445	0.288244
5446	0.288158
5447	0.287892
5448	0.287816
5449	0.287583
5450	0.287312
5451	0.287150
5452	0.287023
5453	0.287012
5454	0.286978
5455	0.286705
5456	0.286660
5457	0.286529
5458	0.286479
5459	0.286166
5460	0.285903
5461	0.285898
5462	0.285712
5463	0.285610
5464	0.285590
5465	0.285563
5466	0.285502
5467	0.285403
5468	0.285279
5469	0.285209
5470	0.285138
5471	0.285077
5472	0.285035
5473	0.285027
5474	0.284972
5475	0.284826
5476	0.284792
5477	0.284666
5478	0.284445
5479	0.284373
5480	0.284199
5481	0.284163
5482	0.284083
5483	0.283880
5484	0.283841
5485	0.283781
5486	0.283692
5487	0.283651
5488	0.283634
5489	0.283571
5490	0.283511
5491	0.283508
5492	0.283441
5493	0.283355
5494	0.283276
5495	0.283202
5496	0.283143
5497	0.283035
5498	0.282994
5499	0.282501
5500	0.282491
5501	0.282323
5502	0.281907
5503	0.281748
5504	0.281654
5505	0.281461
5506	0.281443
5507	0.281158
5508	0.281110
5509	0.281106
5510	0.281020
5511	0.280819
5512	0.280727
5513	0.280720
5514	0.280697
5515	0.280685
5516	0.280671
5517	0.280633
5518	0.280542
5519	0.280417
5520	0.280354
5521	0.280203
5522	0.280095
5523	0.279998
5524	0.279970
5525	0.279951
5526	0.279867
5527	0.279489
5528	0.279370
5529	0.279243
5530	0.279154
5531	0.278963
5532	0.278952
5533	0.278935
5534	0.278895
5535	0.278774
5536	0.278687
5537	0.278571
5538	0.278271
5539	0.278248
5540	0.278214
5541	0.278164
5542	0.278145
5543	0.277944
5544	0.277757
5545	0.277729
5546	0.277708
5547	0.277614
5548	0.277550
5549	0.277315
5550	0.277266
5551	0.277122
5552	0.277033
5553	0.276815
5554	0.276774
5555	0.276760
5556	0.276575
5557	0.276566
5558	0.276526
5559	0.276441
5560	0.276338
5561	0.276129
5562	0.275837
5563	0.275689
5564	0.275559
5565	0.275209
5566	0.275194
5567	0.274962
5568	0.274780
5569	0.274737
5570	0.274614
5571	0.274577
5572	0.274481
5573	0.274194
5574	0.274110
5575	0.273693
5576	0.273667
5577	0.273620
5578	0.273573
5579	0.273393
5580	0.273316
5581	0.273207
5582	0.273129
5583	0.273066
5584	0.272754
5585	0.272729
5586	0.272385
5587	0.272241
5588	0.272170
5589	0.272065
5590	0.272050
5591	0.271943
5592	0.271557
5593	0.271481
5594	0.271387
5595	0.271323
5596	0.271263
5597	0.271246
5598	0.271157
5599	0.270719
5600	0.270348
5601	0.270176
5602	0.270106
5603	0.269939
5604	0.269884
5605	0.269621
5606	0.269615
5607	0.269564
5608	0.269553
5609	0.269476
5610	0.269458
5611	0.269434
5612	0.269381
5613	0.269291
5614	0.269125
5615	0.268898
5616	0.268823
5617	0.268754
5618	0.268337
5619	0.268295
5620	0.267832
5621	0.267697
5622	0.267571
5623	0.267396
5624	0.267118
5625	0.267078
5626	0.267003
5627	0.266638
5628	0.266636
5629	0.266630
5630	0.266495
5631	0.266347
5632	0.266320
5633	0.266258
5634	0.266097
5635	0.265959
5636	0.265882
5637	0.265669
5638	0.265632
5639	0.265455
5640	0.264939
5641	0.264898
5642	0.264486
5643	0.264163
5644	0.264087
5645	0.263703
5646	0.263563
5647	0.263221
5648	0.262811
5649	0.262737
5650	0.262723
5651	0.262689
5652	0.262623
5653	0.262576
5654	0.262519
5655	0.262469
5656	0.262290
5657	0.262274
5658	0.262272
5659	0.262229
5660	0.262214
5661	0.262152
5662	0.262119
5663	0.261742
5664	0.261674
5665	0.261653
5666	0.261630
5667	0.261521
5668	0.261348
5669	0.261325
5670	0.261300
5671	0.261122
5672	0.260951
5673	0.260806
5674	0.260673
5675	0.260649
5676	0.260583
5677	0.260325
5678	0.260133
5679	0.260089
5680	0.259925
5681	0.259860
5682	0.259558
5683	0.259499
5684	0.259340
5685	0.259262
5686	0.259023
5687	0.258960
5688	0.258541
5689	0.258175
5690	0.258085
5691	0.258074
5692	0.258074
5693	0.258049
5694	0.257938
5695	0.257910
5696	0.257794
5697	0.257755
5698	0.257646
5699	0.257590
5700	0.257437
5701	0.257292
5702	0.257220
5703	0.257125
5704	0.257091
5705	0.256596
5706	0.256245
5707	0.256091
5708	0.255925
5709	0.255878
5710	0.255867
5711	0.255786
5712	0.255756
5713	0.255541
5714	0.255048
5715	0.254924
5716	0.254805
5717	0.254344
5718	0.254320
5719	0.254284
5720	0.254222
5721	0.254075
5722	0.254020
5723	0.253996
5724	0.253952
5725	0.253938
5726	0.253888
5727	0.253830
5728	0.253697
5729	0.253659
5730	0.253658
5731	0.253632
5732	0.253491
5733	0.253471
5734	0.253212
5735	0.253183
5736	0.253032
5737	0.252830
5738	0.252750
5739	0.252654
5740	0.252641
5741	0.252578
5742	0.252474
5743	0.252237
5744	0.252143
5745	0.252125
5746	0.252105
5747	0.252018
5748	0.251948
5749	0.251683
5750	0.251628
5751	0.251501
5752	0.251424
5753	0.251309
5754	0.251248
5755	0.251175
5756	0.250686
5757	0.250658
5758	0.250551
5759	0.250483
5760	0.250441
5761	0.250356
5762	0.250246
5763	0.250101
5764	0.249739
5765	0.249698
5766	0.249678
5767	0.249675
5768	0.249668
5769	0.249467
5770	0.249307
5771	0.249265
5772	0.248755
5773	0.248633
5774	0.248440
5775	0.248340
5776	0.247948
5777	0.247915
5778	0.247888
5779	0.247848
5780	0.247801
5781	0.247793
5782	0.247777
5783	0.247777
5784	0.247685
5785	0.247538
5786	0.247385
5787	0.247362
5788	0.246849
5789	0.246839
5790	0.246721
5791	0.246700
5792	0.246622
5793	0.246550
5794	0.246494
5795	0.246057
5796	0.245857
5797	0.245708
5798	0.245427
5799	0.245166
5800	0.245003
5801	0.244894
5802	0.244743
5803	0.244265
5804	0.244218
5805	0.244015
5806	0.243990
5807	0.243985
5808	0.243981
5809	0.243898
5810	0.243748
5811	0.243627
5812	0.243563
5813	0.243471
5814	0.243430
5815	0.243366
5816	0.242776
5817	0.242748
5818	0.242519
5819	0.242349
5820	0.242137
5821	0.242106
5822	0.241941
5823	0.241926
5824	0.241830
5825	0.241767
5826	0.241649
5827	0.241542
5828	0.241315
5829	0.241222
5830	0.241089
5831	0.240963
5832	0.240939
5833	0.240928
5834	0.240848
5835	0.240820
5836	0.240553
5837	0.240485
5838	0.240425
5839	0.240352
5840	0.240260
5841	0.240059
5842	0.239922
5843	0.239746
5844	0.239512
5845	0.239485
5846	0.239407
5847	0.239393
5848	0.239351
5849	0.239273
5850	0.239175
5851	0.238965
5852	0.238666
5853	0.238501
5854	0.238485
5855	0.238362
5856	0.238362
5857	0.238320
5858	0.238264
5859	0.238248
5860	0.237950
5861	0.237843
5862	0.237840
5863	0.237395
5864	0.237379
5865	0.236953
5866	0.236947
5867	0.236945
5868	0.236849
5869	0.236844
5870	0.236259
5871	0.236249
5872	0.236150
5873	0.235990
5874	0.235746
5875	0.235532
5876	0.234888
5877	0.234846
5878	0.234376
5879	0.234347
5880	0.234225
5881	0.233911
5882	0.233908
5883	0.233896
5884	0.233891
5885	0.233881
5886	0.233736
5887	0.233664
5888	0.233019
5889	0.232937
5890	0.232548
5891	0.232450
5892	0.232410
5893	0.232229
5894	0.232129
5895	0.232088
5896	0.231564
5897	0.231556
5898	0.231475
5899	0.231393
5900	0.231373
5901	0.231248
5902	0.231200
5903	0.231134
5904	0.230852
5905	0.230684
5906	0.230492
5907	0.230343
5908	0.230335
5909	0.230298
5910	0.230281
5911	0.230164
5912	0.230042
5913	0.229919
5914	0.229908
5915	0.229823
5916	0.229744
5917	0.229256
5918	0.229149
5919	0.229136
5920	0.228866
5921	0.228524
5922	0.228350
5923	0.228315
5924	0.228308
5925	0.228256
5926	0.227698
5927	0.227163
5928	0.225433
5929	0.224998
5930	0.224976
5931	0.224864
5932	0.224828
5933	0.224629
5934	0.224057
5935	0.224023
5936	0.223477
5937	0.223047
5938	0.222876
5939	0.222824
5940	0.222732
5941	0.222366
5942	0.222065
5943	0.221733
5944	0.221633
5945	0.221594
5946	0.221463
5947	0.221384
5948	0.221242
5949	0.219542
5950	0.218848
5951	0.218752
5952	0.218460
5953	0.218405
5954	0.218372
5955	0.217477
5956	0.216937
5957	0.216444
5958	0.215735
5959	0.215722
5960	0.215566
5961	0.215450
5962	0.214770
5963	0.214710
5964	0.214583
5965	0.214267
5966	0.214239
5967	0.214170
5968	0.213282
5969	0.212934
5970	0.212784
5971	0.212715
5972	0.212579
5973	0.212545
5974	0.212341
5975	0.212336
5976	0.212253
5977	0.212036
5978	0.211712
5979	0.210824
5980	0.210773
5981	0.210688
5982	0.210218
5983	0.210217
5984	0.210091
5985	0.209384
5986	0.209229
5987	0.209152
5988	0.209143
5989	0.209034
5990	0.208500
5991	0.208438
5992	0.208434
5993	0.208335
5994	0.207114
5995	0.206781
5996	0.206182
5997	0.204817
5998	0.204158
5999	0.203630
6000	0.202584
6001	0.202360
6002	0.199578
6003	0.199358
6004	0.199150
6005	0.199077
6006	0.198490
6007	0.198348
6008	0.197277
6009	0.197149
6010	0.196949
6011	0.196395
6012	0.195800
6013	0.195723
6014	0.195655
6015	0.195453
6016	0.195185
6017	0.194700
6018	0.194686
6019	0.194593
6020	0.194053
6021	0.193820
6022	0.193494
6023	0.193286
6024	0.193104
6025	0.191808
6026	0.191729
6027	0.191635
6028	0.191075
6029	0.189694
6030	0.189234
6031	0.188505
6032	0.188244
6033	0.188052
6034	0.187004
6035	0.184594
6036	0.183708
6037	0.182518
6038	0.181827
6039	0.169172
