1	0.050000
2	0.070000
3	0.090000
4	0.030000
5	0.070000
6	0.010000
7	0.020000
8	0.010000
9	0.040000
10	0.410000
11	0.030000
12	0.020000
13	0.030000
14	0.050000
15	0.120000
16	0.010000
17	0.140000
18	0.140000
19	0.290000
20	0.030000
21	0.020000
22	0.220000
23	0.200000
24	0.210000
25	0.090000
26	0.110000
27	0.060000
28	0.140000
29	0.040000
30	0.040000
31	0.010000
32	0.050000
33	0.160000
34	0.050000
35	0.050000
36	0.330000
37	0.010000
38	0.070000
39	0.060000
40	0.020000
41	0.030000
42	0.260000
43	0.050000
44	0.150000
45	0.030000
46	0.010000
47	0.030000
48	0.190000
49	0.070000
50	0.020000
51	0.050000
52	0.020000
53	0.250000
54	0.030000
55	0.060000
56	0.080000
57	0.040000
58	0.290000
59	0.140000
60	0.020000
61	0.000000
62	0.200000
63	0.090000
64	0.010000
65	0.090000
66	0.040000
67	0.010000
68	0.090000
69	0.030000
70	0.060000
71	0.020000
72	0.050000
73	0.240000
74	0.040000
75	0.080000
76	0.030000
77	0.020000
78	0.030000
79	0.000000
80	0.020000
81	0.080000
82	0.100000
83	0.040000
84	0.080000
85	0.030000
86	0.020000
87	0.070000
88	0.070000
89	0.000000
90	0.090000
91	0.060000
92	0.170000
93	0.030000
94	0.000000
95	0.110000
96	0.110000
97	0.010000
98	0.040000
99	0.140000
100	0.070000
101	0.000000
102	0.050000
103	0.000000
104	0.010000
105	0.030000
106	0.030000
107	0.010000
108	0.000000
109	0.040000
110	0.050000
111	0.020000
112	0.020000
113	0.010000
114	0.030000
115	0.010000
116	0.040000
117	0.210000
118	0.330000
119	0.020000
120	0.090000
121	0.040000
122	0.080000
123	0.310000
124	0.020000
125	0.040000
126	0.010000
127	0.150000
128	0.020000
129	0.100000
130	0.080000
131	0.130000
132	0.040000
133	0.030000
134	0.020000
135	0.080000
136	0.230000
137	0.110000
138	0.020000
139	0.120000
140	0.060000
141	0.000000
142	0.080000
143	0.080000
144	0.030000
145	0.030000
146	0.220000
147	0.200000
148	0.150000
149	0.370000
150	0.200000
151	0.380000
152	0.040000
153	0.010000
154	0.040000
155	0.080000
156	0.060000
157	0.190000
158	0.010000
159	0.050000
160	0.000000
161	0.150000
162	0.070000
163	0.130000
164	0.000000
165	0.040000
166	0.110000
167	0.020000
168	0.020000
169	0.370000
170	0.110000
171	0.010000
172	0.010000
173	0.260000
174	0.020000
175	0.300000
176	0.000000
177	0.090000
178	0.020000
179	0.090000
180	0.020000
181	0.190000
182	0.090000
183	0.060000
184	0.020000
185	0.000000
186	0.070000
187	0.120000
188	0.010000
189	0.020000
190	0.100000
191	0.020000
192	0.270000
193	0.200000
194	0.000000
195	0.460000
196	0.040000
197	0.020000
198	0.230000
199	0.130000
200	0.020000
201	0.030000
202	0.350000
203	0.000000
204	0.450000
205	0.140000
206	0.070000
207	0.010000
208	0.170000
209	0.010000
210	0.000000
211	0.000000
212	0.090000
213	0.010000
214	0.000000
215	0.040000
216	0.400000
217	0.010000
218	0.020000
219	0.030000
220	0.090000
221	0.010000
222	0.090000
223	0.150000
224	0.230000
225	0.200000
226	0.030000
227	0.020000
228	0.010000
229	0.080000
230	0.100000
231	0.100000
232	0.050000
233	0.050000
234	0.010000
235	0.210000
236	0.130000
237	0.070000
238	0.030000
239	0.020000
240	0.090000
241	0.050000
242	0.140000
243	0.060000
244	0.120000
245	0.320000
246	0.030000
247	0.020000
248	0.010000
249	0.110000
250	0.010000
251	0.070000
252	0.020000
253	0.040000
254	0.000000
255	0.260000
256	0.030000
257	0.070000
258	0.120000
259	0.150000
260	0.000000
261	0.020000
262	0.030000
263	0.200000
264	0.310000
265	0.120000
266	0.070000
267	0.060000
268	0.110000
269	0.020000
270	0.120000
271	0.190000
272	0.410000
273	0.110000
274	0.160000
275	0.120000
276	0.020000
277	0.070000
278	0.000000
279	0.010000
280	0.040000
281	0.060000
282	0.010000
283	0.050000
284	0.310000
285	0.070000
286	0.080000
287	0.050000
288	0.060000
289	0.070000
290	0.000000
291	0.030000
292	0.040000
293	0.130000
294	0.020000
295	0.250000
296	0.010000
297	0.130000
298	0.010000
299	0.090000
300	0.200000
301	0.110000
302	0.600000
303	0.140000
304	0.010000
305	0.030000
306	0.120000
307	0.110000
308	0.300000
309	0.140000
310	0.070000
311	0.050000
312	0.010000
313	0.030000
314	0.200000
315	0.000000
316	0.000000
317	0.020000
318	0.010000
319	0.460000
320	0.000000
321	0.200000
322	0.040000
323	0.110000
324	0.040000
325	0.000000
326	0.390000
327	0.060000
328	0.010000
329	0.370000
330	0.030000
331	0.290000
332	0.060000
333	0.180000
334	0.010000
335	0.180000
336	0.060000
337	0.130000
338	0.280000
339	0.010000
340	0.090000
341	0.010000
342	0.150000
343	0.170000
344	0.130000
345	0.010000
346	0.180000
347	0.090000
348	0.020000
349	0.180000
350	0.090000
351	0.020000
352	0.170000
353	0.030000
354	0.030000
355	0.340000
356	0.010000
357	0.030000
358	0.040000
359	0.040000
360	0.060000
361	0.000000
362	0.060000
363	0.010000
364	0.020000
365	0.020000
366	0.110000
367	0.000000
368	0.130000
369	0.000000
370	0.070000
371	0.070000
372	0.040000
373	0.080000
374	0.080000
375	0.030000
376	0.050000
377	0.180000
378	0.040000
379	0.000000
380	0.080000
381	0.010000
382	0.040000
383	0.040000
384	0.030000
385	0.140000
386	0.220000
387	0.050000
388	0.030000
389	0.040000
390	0.130000
391	0.020000
392	0.270000
393	0.040000
394	0.010000
395	0.040000
396	0.020000
397	0.050000
398	0.240000
399	0.020000
400	0.120000
401	0.030000
402	0.060000
403	0.150000
404	0.060000
405	0.010000
406	0.230000
407	0.020000
408	0.080000
409	0.150000
410	0.030000
411	0.390000
412	0.170000
413	0.070000
414	0.030000
415	0.190000
416	0.060000
417	0.020000
418	0.070000
419	0.160000
420	0.050000
421	0.000000
422	0.060000
423	0.070000
424	0.640000
425	0.090000
426	0.200000
427	0.010000
428	0.080000
429	0.200000
430	0.010000
431	0.150000
432	0.000000
433	0.000000
434	0.020000
435	0.080000
436	0.120000
437	0.050000
438	0.310000
439	0.080000
440	0.030000
441	0.070000
442	0.230000
443	0.030000
444	0.090000
445	0.180000
446	0.030000
447	0.010000
448	0.010000
449	0.000000
450	0.050000
451	0.130000
452	0.090000
453	0.300000
454	0.250000
455	0.020000
456	0.110000
457	0.090000
458	0.010000
459	0.030000
460	0.030000
461	0.200000
462	0.050000
463	0.010000
464	0.040000
465	0.050000
466	0.070000
467	0.090000
468	0.020000
469	0.040000
470	0.000000
471	0.060000
472	0.040000
473	0.010000
474	0.060000
475	0.100000
476	0.050000
477	0.010000
478	0.040000
479	0.120000
480	0.050000
481	0.070000
482	0.530000
483	0.060000
484	0.010000
485	0.050000
486	0.040000
487	0.030000
488	0.040000
489	0.050000
490	0.050000
491	0.050000
492	0.020000
493	0.030000
494	0.090000
495	0.080000
496	0.110000
497	0.020000
498	0.120000
499	0.140000
500	0.080000
501	0.010000
502	0.060000
503	0.010000
504	0.030000
505	0.140000
506	0.050000
507	0.030000
508	0.070000
509	0.390000
510	0.030000
511	0.010000
512	0.010000
513	0.050000
514	0.090000
515	0.140000
516	0.170000
517	0.050000
518	0.110000
519	0.040000
520	0.190000
521	0.030000
522	0.040000
523	0.120000
524	0.310000
525	0.040000
526	0.060000
527	0.030000
528	0.190000
529	0.120000
530	0.120000
531	0.490000
532	0.040000
533	0.340000
534	0.040000
535	0.020000
536	0.120000
537	0.060000
538	0.050000
539	0.080000
540	0.060000
541	0.210000
542	0.020000
543	0.150000
544	0.070000
545	0.010000
546	0.100000
547	0.130000
548	0.000000
549	0.550000
550	0.440000
551	0.150000
552	0.030000
553	0.010000
554	0.030000
555	0.030000
556	0.230000
557	0.030000
558	0.230000
559	0.030000
560	0.000000
561	0.040000
562	0.050000
563	0.030000
564	0.040000
565	0.030000
566	0.240000
567	0.000000
568	0.040000
569	0.010000
570	0.010000
571	0.110000
572	0.000000
573	0.030000
574	0.040000
575	0.170000
576	0.070000
577	0.210000
578	0.040000
579	0.040000
580	0.010000
581	0.030000
582	0.050000
583	0.030000
584	0.060000
585	0.110000
586	0.030000
587	0.200000
588	0.160000
589	0.000000
590	0.060000
591	0.120000
592	0.040000
593	0.010000
594	0.090000
595	0.080000
596	0.000000
597	0.040000
598	0.090000
599	0.030000
600	0.010000
601	0.170000
602	0.010000
603	0.090000
604	0.100000
605	0.120000
606	0.030000
607	0.020000
608	0.070000
609	0.120000
610	0.110000
611	0.130000
612	0.010000
613	0.160000
614	0.000000
615	0.130000
616	0.050000
617	0.010000
618	0.000000
619	0.020000
620	0.040000
621	0.110000
622	0.080000
623	0.120000
624	0.230000
625	0.010000
626	0.090000
627	0.010000
628	0.020000
629	0.000000
630	0.120000
631	0.180000
632	0.010000
633	0.020000
634	0.040000
635	0.060000
636	0.010000
637	0.260000
638	0.000000
639	0.140000
640	0.050000
641	0.150000
642	0.020000
643	0.060000
644	0.070000
645	0.060000
646	0.200000
647	0.040000
648	0.100000
649	0.060000
650	0.030000
651	0.190000
652	0.090000
653	0.010000
654	0.140000
655	0.170000
656	0.090000
657	0.040000
658	0.050000
659	0.070000
660	0.370000
661	0.100000
662	0.070000
663	0.010000
664	0.170000
665	0.010000
666	0.050000
667	0.140000
668	0.030000
669	0.200000
670	0.030000
671	0.080000
672	0.110000
673	0.170000
674	0.140000
675	0.050000
676	0.210000
677	0.090000
678	0.270000
679	0.100000
680	0.010000
681	0.010000
682	0.080000
683	0.030000
684	0.020000
685	0.090000
686	0.030000
687	0.130000
688	0.010000
689	0.060000
690	0.100000
691	0.060000
692	0.380000
693	0.020000
694	0.050000
695	0.090000
696	0.340000
697	0.190000
698	0.210000
699	0.430000
700	0.010000
701	0.070000
702	0.200000
703	0.010000
704	0.010000
705	0.070000
706	0.020000
707	0.030000
708	0.020000
709	0.030000
710	0.420000
711	0.160000
712	0.150000
713	0.160000
714	0.170000
715	0.070000
716	0.180000
717	0.010000
718	0.070000
719	0.050000
720	0.190000
721	0.300000
722	0.120000
723	0.020000
724	0.070000
725	0.080000
726	0.020000
727	0.100000
728	0.080000
729	0.160000
730	0.080000
731	0.020000
732	0.010000
733	0.080000
734	0.030000
735	0.220000
736	0.140000
737	0.250000
738	0.000000
739	0.100000
740	0.020000
741	0.000000
742	0.030000
743	0.050000
744	0.260000
745	0.010000
746	0.150000
747	0.060000
748	0.050000
749	0.120000
750	0.030000
751	0.020000
752	0.630000
753	0.140000
754	0.130000
755	0.200000
756	0.070000
757	0.180000
758	0.020000
759	0.010000
760	0.040000
761	0.050000
762	0.050000
763	0.040000
764	0.030000
765	0.300000
766	0.050000
767	0.100000
768	0.020000
769	0.030000
770	0.490000
771	0.020000
772	0.050000
773	0.080000
774	0.170000
775	0.000000
776	0.130000
777	0.330000
778	0.190000
779	0.050000
780	0.260000
781	0.130000
782	0.010000
783	0.020000
784	0.050000
785	0.050000
786	0.010000
787	0.100000
788	0.160000
789	0.220000
790	0.060000
791	0.200000
792	0.120000
793	0.120000
794	0.040000
795	0.090000
796	0.240000
797	0.010000
798	0.280000
799	0.010000
800	0.080000
801	0.180000
802	0.480000
803	0.050000
804	0.080000
805	0.010000
806	0.050000
807	0.010000
808	0.360000
809	0.060000
810	0.180000
811	0.120000
812	0.040000
813	0.020000
814	0.070000
815	0.030000
816	0.170000
817	0.220000
818	0.040000
819	0.050000
820	0.010000
821	0.000000
822	0.180000
823	0.080000
824	0.250000
825	0.030000
826	0.000000
827	0.010000
828	0.030000
829	0.140000
830	0.090000
831	0.010000
832	0.020000
833	0.040000
834	0.010000
835	0.000000
836	0.000000
837	0.040000
838	0.070000
839	0.360000
840	0.110000
841	0.000000
842	0.040000
843	0.140000
844	0.050000
845	0.060000
846	0.240000
847	0.020000
848	0.090000
849	0.020000
850	0.080000
851	0.130000
852	0.020000
853	0.020000
854	0.240000
855	0.080000
856	0.000000
857	0.020000
858	0.150000
859	0.050000
860	0.000000
861	0.090000
862	0.060000
863	0.130000
864	0.050000
865	0.050000
866	0.010000
867	0.030000
868	0.000000
869	0.380000
870	0.030000
871	0.030000
872	0.070000
873	0.030000
874	0.010000
875	0.080000
876	0.110000
877	0.420000
878	0.000000
879	0.010000
880	0.070000
881	0.520000
882	0.040000
883	0.030000
884	0.100000
885	0.060000
886	0.010000
887	0.030000
888	0.070000
889	0.470000
890	0.090000
891	0.110000
892	0.080000
893	0.000000
894	0.140000
895	0.050000
896	0.000000
897	0.190000
898	0.040000
899	0.290000
900	0.020000
901	0.030000
902	0.010000
903	0.040000
904	0.140000
905	0.100000
906	0.010000
907	0.010000
908	0.010000
909	0.050000
910	0.030000
911	0.230000
912	0.050000
913	0.060000
914	0.050000
915	0.020000
916	0.080000
917	0.030000
918	0.060000
919	0.160000
920	0.060000
921	0.140000
922	0.320000
923	0.010000
924	0.220000
925	0.030000
926	0.050000
927	0.060000
928	0.050000
929	0.200000
930	0.060000
931	0.060000
932	0.020000
933	0.050000
934	0.260000
935	0.140000
936	0.100000
937	0.190000
938	0.010000
939	0.160000
940	0.070000
941	0.020000
942	0.000000
943	0.040000
944	0.080000
945	0.170000
946	0.040000
947	0.000000
948	0.280000
949	0.140000
950	0.000000
951	0.020000
952	0.080000
953	0.140000
954	0.090000
955	0.200000
956	0.070000
957	0.260000
958	0.110000
959	0.060000
960	0.060000
961	0.040000
962	0.040000
963	0.260000
964	0.030000
965	0.090000
966	0.020000
967	0.010000
968	0.040000
969	0.020000
970	0.040000
971	0.200000
972	0.030000
973	0.160000
974	0.070000
975	0.200000
976	0.000000
977	0.150000
978	0.050000
979	0.060000
980	0.200000
981	0.170000
982	0.020000
983	0.040000
984	0.300000
985	0.160000
986	0.000000
987	0.120000
988	0.120000
989	0.000000
990	0.070000
991	0.010000
992	0.020000
993	0.060000
994	0.060000
995	0.000000
996	0.200000
997	0.050000
998	0.080000
999	0.060000
1000	0.080000
1001	0.110000
1002	0.050000
1003	0.040000
1004	0.120000
1005	0.050000
1006	0.040000
1007	0.010000
1008	0.060000
1009	0.050000
1010	0.600000
1011	0.020000
1012	0.050000
1013	0.010000
1014	0.040000
1015	0.340000
1016	0.010000
1017	0.010000
1018	0.150000
1019	0.440000
1020	0.050000
1021	0.130000
1022	0.020000
1023	0.020000
1024	0.010000
1025	0.030000
1026	0.010000
1027	0.050000
1028	0.020000
1029	0.080000
1030	0.070000
1031	0.110000
1032	0.070000
1033	0.080000
1034	0.060000
1035	0.010000
1036	0.040000
1037	0.000000
1038	0.080000
1039	0.010000
1040	0.260000
1041	0.060000
1042	0.000000
1043	0.030000
1044	0.070000
1045	0.020000
1046	0.000000
1047	0.070000
1048	0.050000
1049	0.050000
1050	0.140000
1051	0.360000
1052	0.000000
1053	0.230000
1054	0.020000
1055	0.060000
1056	0.070000
1057	0.090000
1058	0.220000
1059	0.360000
1060	0.000000
1061	0.050000
1062	0.130000
1063	0.100000
1064	0.090000
1065	0.000000
1066	0.040000
1067	0.090000
1068	0.210000
1069	0.000000
1070	0.010000
1071	0.020000
1072	0.100000
1073	0.070000
1074	0.110000
1075	0.000000
1076	0.010000
1077	0.240000
1078	0.010000
1079	0.090000
1080	0.000000
1081	0.060000
1082	0.080000
1083	0.030000
1084	0.120000
1085	0.020000
1086	0.190000
1087	0.270000
1088	0.590000
1089	0.080000
1090	0.050000
1091	0.030000
1092	0.010000
1093	0.030000
1094	0.090000
1095	0.010000
1096	0.050000
1097	0.070000
1098	0.020000
1099	0.060000
1100	0.020000
1101	0.340000
1102	0.020000
1103	0.030000
1104	0.060000
1105	0.160000
1106	0.020000
1107	0.030000
1108	0.010000
1109	0.030000
1110	0.030000
1111	0.010000
1112	0.500000
1113	0.190000
1114	0.010000
1115	0.120000
1116	0.030000
1117	0.520000
1118	0.000000
1119	0.200000
1120	0.470000
1121	0.080000
1122	0.040000
1123	0.010000
1124	0.450000
1125	0.260000
1126	0.010000
1127	0.080000
1128	0.070000
1129	0.150000
1130	0.270000
1131	0.060000
1132	0.100000
1133	0.030000
1134	0.180000
1135	0.070000
1136	0.030000
1137	0.320000
1138	0.060000
1139	0.090000
1140	0.190000
1141	0.360000
1142	0.160000
1143	0.010000
1144	0.020000
1145	0.080000
1146	0.020000
1147	0.120000
1148	0.050000
1149	0.060000
1150	0.530000
1151	0.330000
1152	0.070000
1153	0.050000
1154	0.010000
1155	0.160000
1156	0.000000
1157	0.050000
1158	0.020000
1159	0.010000
1160	0.070000
1161	0.070000
1162	0.070000
1163	0.000000
1164	0.220000
1165	0.080000
1166	0.020000
1167	0.050000
1168	0.070000
1169	0.000000
1170	0.120000
1171	0.000000
1172	0.200000
1173	0.060000
1174	0.000000
1175	0.000000
1176	0.110000
1177	0.090000
1178	0.010000
1179	0.280000
1180	0.020000
1181	0.550000
1182	0.310000
1183	0.200000
1184	0.020000
1185	0.080000
1186	0.050000
1187	0.010000
1188	0.070000
1189	0.010000
1190	0.050000
1191	0.010000
1192	0.060000
1193	0.060000
1194	0.200000
1195	0.040000
1196	0.070000
1197	0.030000
1198	0.090000
1199	0.190000
1200	0.040000
1201	0.070000
1202	0.430000
1203	0.200000
1204	0.110000
1205	0.050000
1206	0.000000
1207	0.320000
1208	0.030000
1209	0.090000
1210	0.060000
1211	0.260000
1212	0.000000
1213	0.020000
1214	0.010000
1215	0.060000
1216	0.230000
1217	0.080000
1218	0.160000
1219	0.030000
1220	0.020000
1221	0.010000
1222	0.060000
1223	0.120000
1224	0.330000
1225	0.020000
1226	0.000000
1227	0.060000
1228	0.170000
1229	0.030000
1230	0.180000
1231	0.050000
1232	0.100000
1233	0.100000
1234	0.060000
1235	0.000000
1236	0.030000
1237	0.010000
1238	0.030000
1239	0.080000
1240	0.000000
1241	0.100000
1242	0.190000
1243	0.260000
1244	0.100000
1245	0.060000
1246	0.490000
1247	0.020000
1248	0.000000
1249	0.030000
1250	0.000000
1251	0.040000
1252	0.020000
1253	0.020000
1254	0.010000
1255	0.090000
1256	0.010000
1257	0.000000
1258	0.050000
1259	0.060000
1260	0.300000
1261	0.130000
1262	0.080000
1263	0.200000
1264	0.420000
1265	0.100000
1266	0.150000
1267	0.060000
1268	0.100000
1269	0.040000
1270	0.010000
1271	0.070000
1272	0.160000
1273	0.180000
1274	0.160000
1275	0.010000
1276	0.040000
1277	0.020000
1278	0.090000
1279	0.210000
1280	0.020000
1281	0.030000
1282	0.040000
1283	0.060000
1284	0.150000
1285	0.540000
1286	0.020000
1287	0.060000
1288	0.030000
1289	0.060000
1290	0.030000
1291	0.160000
1292	0.030000
1293	0.070000
1294	0.070000
1295	0.010000
1296	0.070000
1297	0.220000
1298	0.430000
1299	0.170000
1300	0.090000
1301	0.260000
1302	0.040000
1303	0.380000
1304	0.140000
1305	0.000000
1306	0.190000
1307	0.040000
1308	0.110000
1309	0.000000
1310	0.000000
1311	0.110000
1312	0.000000
1313	0.010000
1314	0.010000
1315	0.080000
1316	0.040000
1317	0.380000
1318	0.000000
1319	0.040000
1320	0.180000
1321	0.130000
1322	0.190000
1323	0.080000
1324	0.090000
1325	0.260000
1326	0.030000
1327	0.010000
1328	0.020000
1329	0.210000
1330	0.030000
1331	0.070000
1332	0.070000
1333	0.290000
1334	0.070000
1335	0.150000
1336	0.040000
1337	0.000000
1338	0.070000
1339	0.170000
1340	0.300000
1341	0.000000
1342	0.140000
1343	0.280000
1344	0.120000
1345	0.160000
1346	0.020000
1347	0.070000
1348	0.090000
1349	0.070000
1350	0.170000
1351	0.040000
1352	0.070000
1353	0.050000
1354	0.280000
1355	0.010000
1356	0.300000
1357	0.000000
1358	0.030000
1359	0.030000
1360	0.140000
1361	0.100000
1362	0.120000
1363	0.000000
1364	0.060000
1365	0.010000
1366	0.090000
1367	0.090000
1368	0.050000
1369	0.280000
1370	0.080000
1371	0.020000
1372	0.060000
1373	0.080000
1374	0.040000
1375	0.040000
1376	0.080000
1377	0.130000
1378	0.000000
1379	0.030000
1380	0.120000
1381	0.070000
1382	0.010000
1383	0.400000
1384	0.030000
1385	0.020000
1386	0.080000
1387	0.080000
1388	0.000000
1389	0.400000
1390	0.280000
1391	0.280000
1392	0.230000
1393	0.060000
1394	0.000000
1395	0.220000
1396	0.150000
1397	0.070000
1398	0.010000
1399	0.200000
1400	0.070000
1401	0.030000
1402	0.050000
1403	0.090000
1404	0.060000
1405	0.040000
1406	0.020000
1407	0.100000
1408	0.020000
1409	0.140000
1410	0.040000
1411	0.050000
1412	0.020000
1413	0.150000
1414	0.000000
1415	0.140000
1416	0.020000
1417	0.000000
1418	0.030000
1419	0.000000
1420	0.240000
1421	0.120000
1422	0.350000
1423	0.040000
1424	0.000000
1425	0.270000
1426	0.300000
1427	0.050000
1428	0.010000
1429	0.010000
1430	0.170000
1431	0.010000
1432	0.050000
1433	0.000000
1434	0.060000
1435	0.010000
1436	0.050000
1437	0.170000
1438	0.030000
1439	0.020000
1440	0.140000
1441	0.000000
1442	0.050000
1443	0.010000
1444	0.000000
1445	0.030000
1446	0.070000
1447	0.580000
1448	0.430000
1449	0.470000
1450	0.020000
1451	0.280000
1452	0.000000
1453	0.010000
1454	0.010000
1455	0.080000
1456	0.020000
1457	0.150000
1458	0.100000
1459	0.000000
1460	0.010000
1461	0.020000
1462	0.010000
1463	0.030000
1464	0.130000
1465	0.140000
1466	0.040000
1467	0.050000
1468	0.180000
1469	0.040000
1470	0.190000
1471	0.020000
1472	0.060000
1473	0.040000
1474	0.110000
1475	0.030000
1476	0.100000
1477	0.020000
1478	0.000000
1479	0.020000
1480	0.000000
1481	0.120000
1482	0.050000
1483	0.240000
1484	0.100000
1485	0.040000
1486	0.000000
1487	0.000000
1488	0.030000
1489	0.210000
1490	0.030000
1491	0.250000
1492	0.060000
1493	0.020000
1494	0.070000
1495	0.030000
1496	0.210000
1497	0.090000
1498	0.120000
1499	0.140000
1500	0.070000
1501	0.180000
1502	0.020000
1503	0.170000
1504	0.060000
1505	0.130000
1506	0.090000
1507	0.060000
1508	0.010000
1509	0.210000
1510	0.000000
1511	0.060000
1512	0.010000
1513	0.080000
1514	0.120000
1515	0.050000
1516	0.180000
1517	0.030000
1518	0.050000
1519	0.100000
1520	0.010000
1521	0.020000
1522	0.010000
1523	0.130000
1524	0.130000
1525	0.040000
1526	0.010000
1527	0.100000
1528	0.110000
1529	0.010000
1530	0.290000
1531	0.000000
1532	0.070000
1533	0.040000
1534	0.020000
1535	0.000000
1536	0.050000
1537	0.000000
1538	0.020000
1539	0.010000
1540	0.070000
1541	0.010000
1542	0.170000
1543	0.110000
1544	0.130000
1545	0.050000
1546	0.210000
1547	0.110000
1548	0.030000
1549	0.020000
1550	0.050000
1551	0.150000
1552	0.160000
1553	0.030000
1554	0.020000
1555	0.100000
1556	0.240000
1557	0.030000
1558	0.060000
1559	0.010000
1560	0.060000
1561	0.060000
1562	0.000000
1563	0.100000
1564	0.000000
1565	0.010000
1566	0.020000
1567	0.060000
1568	0.040000
1569	0.040000
1570	0.020000
1571	0.150000
1572	0.010000
1573	0.000000
1574	0.040000
1575	0.060000
1576	0.010000
1577	0.140000
1578	0.040000
1579	0.320000
1580	0.030000
1581	0.040000
1582	0.010000
1583	0.040000
1584	0.230000
1585	0.160000
1586	0.290000
1587	0.280000
1588	0.040000
1589	0.040000
1590	0.040000
1591	0.140000
1592	0.270000
1593	0.120000
1594	0.090000
1595	0.080000
1596	0.020000
1597	0.220000
1598	0.020000
1599	0.230000
1600	0.160000
1601	0.060000
1602	0.230000
1603	0.010000
1604	0.000000
1605	0.310000
1606	0.090000
1607	0.140000
1608	0.060000
1609	0.210000
1610	0.040000
1611	0.180000
1612	0.040000
1613	0.520000
1614	0.020000
1615	0.000000
1616	0.080000
1617	0.220000
1618	0.070000
1619	0.020000
1620	0.010000
1621	0.000000
1622	0.010000
1623	0.080000
1624	0.090000
1625	0.030000
1626	0.050000
1627	0.050000
1628	0.370000
1629	0.040000
1630	0.000000
1631	0.030000
1632	0.140000
1633	0.010000
1634	0.030000
1635	0.280000
1636	0.140000
1637	0.020000
1638	0.050000
1639	0.310000
1640	0.010000
1641	0.200000
1642	0.000000
1643	0.050000
1644	0.060000
1645	0.160000
1646	0.020000
1647	0.340000
1648	0.090000
1649	0.090000
1650	0.170000
1651	0.030000
1652	0.000000
1653	0.020000
1654	0.030000
1655	0.140000
1656	0.020000
1657	0.000000
1658	0.420000
1659	0.030000
1660	0.010000
1661	0.020000
1662	0.040000
1663	0.030000
1664	0.040000
1665	0.080000
1666	0.360000
1667	0.080000
1668	0.000000
1669	0.030000
1670	0.060000
1671	0.140000
1672	0.090000
1673	0.050000
1674	0.020000
1675	0.100000
1676	0.390000
1677	0.020000
1678	0.100000
1679	0.120000
1680	0.570000
1681	0.130000
1682	0.010000
1683	0.010000
1684	0.030000
1685	0.130000
1686	0.020000
1687	0.100000
1688	0.090000
1689	0.130000
1690	0.070000
1691	0.040000
1692	0.120000
1693	0.190000
1694	0.420000
1695	0.220000
1696	0.140000
1697	0.250000
1698	0.290000
1699	0.190000
1700	0.010000
1701	0.150000
1702	0.150000
1703	0.060000
1704	0.040000
1705	0.030000
1706	0.070000
1707	0.030000
1708	0.040000
1709	0.000000
1710	0.030000
1711	0.000000
1712	0.320000
1713	0.000000
1714	0.150000
1715	0.050000
1716	0.060000
1717	0.160000
1718	0.010000
1719	0.020000
1720	0.050000
1721	0.080000
1722	0.200000
1723	0.070000
1724	0.030000
1725	0.040000
1726	0.010000
1727	0.160000
1728	0.040000
1729	0.000000
1730	0.000000
1731	0.010000
1732	0.030000
1733	0.380000
1734	0.020000
1735	0.040000
1736	0.010000
1737	0.220000
1738	0.060000
1739	0.050000
1740	0.060000
1741	0.210000
1742	0.100000
1743	0.090000
1744	0.130000
1745	0.030000
1746	0.200000
1747	0.050000
1748	0.270000
1749	0.340000
1750	0.040000
1751	0.020000
1752	0.330000
1753	0.230000
1754	0.020000
1755	0.200000
1756	0.060000
1757	0.140000
1758	0.150000
1759	0.040000
1760	0.010000
1761	0.060000
1762	0.070000
1763	0.050000
1764	0.250000
1765	0.050000
1766	0.010000
1767	0.290000
1768	0.000000
1769	0.050000
1770	0.000000
1771	0.040000
1772	0.010000
1773	0.040000
1774	0.010000
1775	0.160000
1776	0.190000
1777	0.040000
1778	0.170000
1779	0.010000
1780	0.400000
1781	0.040000
1782	0.030000
1783	0.010000
1784	0.070000
1785	0.040000
1786	0.060000
1787	0.050000
1788	0.030000
1789	0.020000
1790	0.230000
1791	0.110000
1792	0.010000
1793	0.180000
1794	0.170000
1795	0.070000
1796	0.030000
1797	0.100000
1798	0.050000
1799	0.060000
1800	0.260000
1801	0.000000
1802	0.080000
1803	0.060000
1804	0.140000
1805	0.180000
1806	0.100000
1807	0.160000
1808	0.030000
1809	0.030000
1810	0.000000
1811	0.040000
1812	0.410000
1813	0.010000
1814	0.010000
1815	0.040000
1816	0.100000
1817	0.160000
1818	0.020000
1819	0.100000
1820	0.240000
1821	0.000000
1822	0.100000
1823	0.040000
1824	0.040000
1825	0.040000
1826	0.080000
1827	0.070000
1828	0.150000
1829	0.050000
1830	0.060000
1831	0.150000
1832	0.000000
1833	0.090000
1834	0.050000
1835	0.430000
1836	0.250000
1837	0.360000
1838	0.000000
1839	0.030000
1840	0.020000
1841	0.040000
1842	0.220000
1843	0.080000
1844	0.010000
1845	0.030000
1846	0.070000
1847	0.020000
1848	0.000000
1849	0.040000
1850	0.120000
1851	0.150000
1852	0.060000
1853	0.040000
1854	0.210000
1855	0.010000
1856	0.070000
1857	0.050000
1858	0.100000
1859	0.060000
1860	0.170000
1861	0.270000
1862	0.030000
1863	0.050000
1864	0.000000
1865	0.150000
1866	0.050000
1867	0.030000
1868	0.030000
1869	0.050000
1870	0.070000
1871	0.180000
1872	0.010000
1873	0.180000
1874	0.060000
1875	0.320000
1876	0.040000
1877	0.000000
1878	0.030000
1879	0.380000
1880	0.500000
1881	0.000000
1882	0.150000
1883	0.140000
1884	0.350000
1885	0.040000
1886	0.010000
1887	0.090000
1888	0.030000
1889	0.180000
1890	0.190000
1891	0.230000
1892	0.010000
1893	0.010000
1894	0.060000
1895	0.080000
1896	0.090000
1897	0.190000
1898	0.040000
1899	0.450000
1900	0.020000
1901	0.070000
1902	0.050000
1903	0.180000
1904	0.170000
1905	0.050000
1906	0.040000
1907	0.010000
1908	0.050000
1909	0.040000
1910	0.000000
1911	0.030000
1912	0.530000
1913	0.040000
1914	0.050000
1915	0.010000
1916	0.110000
1917	0.120000
1918	0.030000
1919	0.000000
1920	0.240000
1921	0.000000
1922	0.310000
1923	0.010000
1924	0.050000
1925	0.150000
1926	0.120000
1927	0.010000
1928	0.080000
1929	0.010000
1930	0.200000
1931	0.040000
1932	0.080000
1933	0.000000
1934	0.040000
1935	0.000000
1936	0.000000
1937	0.180000
1938	0.060000
1939	0.200000
1940	0.060000
1941	0.550000
1942	0.000000
1943	0.270000
1944	0.040000
1945	0.070000
1946	0.070000
1947	0.110000
1948	0.000000
1949	0.140000
1950	0.030000
1951	0.020000
1952	0.040000
1953	0.020000
1954	0.100000
1955	0.020000
1956	0.030000
1957	0.040000
1958	0.230000
1959	0.020000
1960	0.050000
1961	0.090000
1962	0.080000
1963	0.010000
1964	0.020000
1965	0.070000
1966	0.020000
1967	0.010000
1968	0.220000
1969	0.200000
1970	0.040000
1971	0.070000
1972	0.120000
1973	0.030000
1974	0.240000
1975	0.010000
1976	0.070000
1977	0.040000
1978	0.120000
1979	0.020000
1980	0.630000
1981	0.020000
1982	0.090000
1983	0.300000
1984	0.130000
1985	0.020000
1986	0.040000
1987	0.040000
1988	0.290000
1989	0.010000
1990	0.000000
1991	0.040000
1992	0.080000
1993	0.020000
1994	0.030000
1995	0.070000
1996	0.200000
1997	0.020000
1998	0.250000
1999	0.140000
2000	0.130000
2001	0.030000
2002	0.090000
2003	0.000000
2004	0.000000
2005	0.050000
2006	0.000000
2007	0.040000
2008	0.180000
2009	0.060000
2010	0.360000
2011	0.110000
2012	0.170000
2013	0.030000
2014	0.080000
2015	0.420000
2016	0.310000
2017	0.140000
2018	0.090000
2019	0.030000
2020	0.340000
2021	0.030000
2022	0.160000
2023	0.150000
2024	0.020000
2025	0.130000
2026	0.030000
2027	0.070000
2028	0.010000
2029	0.140000
2030	0.300000
2031	0.080000
2032	0.040000
2033	0.010000
2034	0.010000
2035	0.110000
2036	0.040000
2037	0.000000
2038	0.210000
2039	0.080000
2040	0.060000
2041	0.500000
2042	0.330000
2043	0.050000
2044	0.040000
2045	0.010000
2046	0.130000
2047	0.210000
2048	0.020000
2049	0.000000
2050	0.220000
2051	0.130000
2052	0.010000
2053	0.010000
2054	0.230000
2055	0.040000
2056	0.230000
2057	0.040000
2058	0.070000
2059	0.170000
2060	0.140000
2061	0.010000
2062	0.010000
2063	0.470000
2064	0.070000
2065	0.040000
2066	0.040000
2067	0.070000
2068	0.150000
2069	0.050000
2070	0.130000
2071	0.160000
2072	0.020000
2073	0.400000
2074	0.030000
2075	0.020000
2076	0.050000
2077	0.200000
2078	0.050000
2079	0.020000
2080	0.050000
2081	0.000000
2082	0.100000
2083	0.020000
2084	0.130000
2085	0.010000
2086	0.010000
2087	0.020000
2088	0.030000
2089	0.030000
2090	0.100000
2091	0.030000
2092	0.290000
2093	0.040000
2094	0.050000
2095	0.030000
2096	0.150000
2097	0.110000
2098	0.110000
2099	0.010000
2100	0.120000
2101	0.040000
2102	0.250000
2103	0.080000
2104	0.030000
2105	0.350000
2106	0.370000
2107	0.040000
2108	0.040000
2109	0.130000
2110	0.110000
2111	0.020000
2112	0.060000
2113	0.000000
2114	0.090000
2115	0.090000
2116	0.340000
2117	0.020000
2118	0.070000
2119	0.160000
2120	0.070000
2121	0.030000
2122	0.170000
2123	0.000000
2124	0.110000
2125	0.090000
2126	0.040000
2127	0.130000
2128	0.010000
2129	0.040000
2130	0.010000
2131	0.200000
2132	0.020000
2133	0.000000
2134	0.040000
2135	0.040000
2136	0.050000
2137	0.050000
2138	0.000000
2139	0.010000
2140	0.180000
2141	0.010000
2142	0.010000
2143	0.080000
2144	0.060000
2145	0.150000
2146	0.080000
2147	0.000000
2148	0.070000
2149	0.010000
2150	0.000000
2151	0.010000
2152	0.030000
2153	0.210000
2154	0.070000
2155	0.000000
2156	0.100000
2157	0.090000
2158	0.120000
2159	0.010000
2160	0.020000
2161	0.060000
2162	0.080000
2163	0.040000
2164	0.170000
2165	0.230000
2166	0.230000
2167	0.000000
2168	0.180000
2169	0.040000
2170	0.030000
2171	0.090000
2172	0.260000
2173	0.080000
2174	0.030000
2175	0.200000
2176	0.110000
2177	0.180000
2178	0.100000
2179	0.010000
2180	0.110000
2181	0.680000
2182	0.010000
2183	0.020000
2184	0.020000
2185	0.310000
2186	0.100000
2187	0.060000
2188	0.140000
2189	0.060000
2190	0.130000
2191	0.040000
2192	0.060000
2193	0.020000
2194	0.060000
2195	0.050000
2196	0.020000
2197	0.010000
2198	0.000000
2199	0.010000
2200	0.000000
2201	0.070000
2202	0.010000
2203	0.250000
2204	0.000000
2205	0.200000
2206	0.050000
2207	0.000000
2208	0.130000
2209	0.010000
2210	0.010000
2211	0.020000
2212	0.060000
2213	0.010000
2214	0.070000
2215	0.100000
2216	0.020000
2217	0.000000
2218	0.000000
2219	0.120000
2220	0.050000
2221	0.120000
2222	0.040000
2223	0.120000
2224	0.030000
2225	0.240000
2226	0.070000
2227	0.080000
2228	0.040000
2229	0.010000
2230	0.010000
2231	0.110000
2232	0.080000
2233	0.100000
2234	0.000000
2235	0.090000
2236	0.020000
2237	0.030000
2238	0.010000
2239	0.080000
2240	0.160000
2241	0.000000
2242	0.260000
2243	0.060000
2244	0.220000
2245	0.000000
2246	0.130000
2247	0.200000
2248	0.030000
2249	0.040000
2250	0.060000
2251	0.050000
2252	0.000000
2253	0.020000
2254	0.050000
2255	0.150000
2256	0.070000
2257	0.030000
2258	0.100000
2259	0.150000
2260	0.020000
2261	0.150000
2262	0.200000
2263	0.220000
2264	0.130000
2265	0.050000
2266	0.030000
2267	0.020000
2268	0.010000
2269	0.010000
2270	0.080000
2271	0.220000
2272	0.120000
2273	0.040000
2274	0.070000
2275	0.020000
2276	0.040000
2277	0.020000
2278	0.020000
2279	0.000000
2280	0.020000
2281	0.090000
2282	0.110000
2283	0.020000
2284	0.060000
2285	0.070000
2286	0.030000
2287	0.010000
2288	0.400000
2289	0.050000
2290	0.080000
2291	0.000000
2292	0.020000
2293	0.080000
2294	0.040000
2295	0.030000
2296	0.020000
2297	0.020000
2298	0.100000
2299	0.000000
2300	0.030000
2301	0.000000
2302	0.180000
2303	0.260000
2304	0.350000
2305	0.020000
2306	0.010000
2307	0.140000
2308	0.040000
2309	0.110000
2310	0.140000
2311	0.000000
2312	0.000000
2313	0.000000
2314	0.020000
2315	0.020000
2316	0.110000
2317	0.040000
2318	0.030000
2319	0.080000
2320	0.000000
2321	0.110000
2322	0.080000
2323	0.130000
2324	0.060000
2325	0.010000
2326	0.030000
2327	0.050000
2328	0.000000
2329	0.000000
2330	0.110000
2331	0.060000
2332	0.010000
2333	0.020000
2334	0.110000
2335	0.030000
2336	0.000000
2337	0.040000
2338	0.200000
2339	0.000000
2340	0.230000
2341	0.080000
2342	0.140000
2343	0.000000
2344	0.250000
2345	0.030000
2346	0.030000
2347	0.040000
2348	0.100000
2349	0.030000
2350	0.050000
2351	0.180000
2352	0.000000
2353	0.070000
2354	0.040000
2355	0.100000
2356	0.000000
2357	0.000000
2358	0.030000
2359	0.050000
2360	0.030000
2361	0.000000
2362	0.050000
2363	0.030000
2364	0.000000
2365	0.080000
2366	0.020000
2367	0.050000
2368	0.020000
2369	0.040000
2370	0.080000
2371	0.090000
2372	0.070000
2373	0.000000
2374	0.180000
2375	0.000000
2376	0.370000
2377	0.060000
2378	0.140000
2379	0.070000
2380	0.250000
2381	0.000000
2382	0.050000
2383	0.230000
2384	0.050000
2385	0.030000
2386	0.100000
2387	0.020000
2388	0.030000
2389	0.150000
2390	0.060000
2391	0.150000
2392	0.030000
2393	0.160000
2394	0.050000
2395	0.210000
2396	0.010000
2397	0.030000
2398	0.040000
2399	0.020000
2400	0.090000
2401	0.110000
2402	0.120000
2403	0.200000
2404	0.090000
2405	0.070000
2406	0.080000
2407	0.100000
2408	0.010000
2409	0.100000
2410	0.040000
2411	0.240000
2412	0.000000
2413	0.010000
2414	0.190000
2415	0.030000
2416	0.030000
2417	0.040000
2418	0.000000
2419	0.330000
2420	0.070000
2421	0.080000
2422	0.030000
2423	0.010000
2424	0.150000
2425	0.030000
2426	0.010000
2427	0.030000
2428	0.100000
2429	0.070000
2430	0.050000
2431	0.060000
2432	0.050000
2433	0.030000
2434	0.030000
2435	0.180000
2436	0.220000
2437	0.060000
2438	0.110000
2439	0.010000
2440	0.010000
2441	0.000000
2442	0.010000
2443	0.000000
2444	0.010000
2445	0.010000
2446	0.320000
2447	0.000000
2448	0.100000
2449	0.010000
2450	0.020000
2451	0.110000
2452	0.010000
2453	0.390000
2454	0.120000
2455	0.060000
2456	0.100000
2457	0.330000
2458	0.050000
2459	0.030000
2460	0.060000
2461	0.150000
2462	0.260000
2463	0.020000
2464	0.020000
2465	0.160000
2466	0.100000
2467	0.030000
2468	0.100000
2469	0.130000
2470	0.010000
2471	0.010000
2472	0.210000
2473	0.000000
2474	0.040000
2475	0.010000
2476	0.020000
2477	0.060000
2478	0.180000
2479	0.000000
2480	0.050000
2481	0.100000
2482	0.040000
2483	0.020000
2484	0.450000
2485	0.190000
2486	0.150000
2487	0.020000
2488	0.010000
2489	0.150000
2490	0.000000
2491	0.120000
2492	0.160000
2493	0.080000
2494	0.020000
2495	0.010000
2496	0.340000
2497	0.040000
2498	0.020000
2499	0.020000
2500	0.070000
2501	0.080000
2502	0.010000
2503	0.000000
2504	0.210000
2505	0.060000
2506	0.210000
2507	0.360000
2508	0.030000
2509	0.070000
2510	0.020000
2511	0.020000
2512	0.020000
2513	0.050000
2514	0.000000
2515	0.020000
2516	0.010000
2517	0.050000
2518	0.020000
2519	0.020000
2520	0.010000
2521	0.100000
2522	0.010000
2523	0.090000
2524	0.020000
2525	0.050000
2526	0.130000
2527	0.020000
2528	0.030000
2529	0.390000
2530	0.040000
2531	0.010000
2532	0.000000
2533	0.010000
2534	0.020000
2535	0.080000
2536	0.000000
2537	0.460000
2538	0.020000
2539	0.090000
2540	0.010000
2541	0.050000
2542	0.020000
2543	0.040000
2544	0.450000
2545	0.070000
2546	0.060000
2547	0.130000
2548	0.040000
2549	0.030000
2550	0.030000
2551	0.070000
2552	0.030000
2553	0.000000
2554	0.020000
2555	0.150000
2556	0.030000
2557	0.080000
2558	0.020000
2559	0.140000
2560	0.010000
2561	0.070000
2562	0.060000
2563	0.010000
2564	0.060000
2565	0.220000
2566	0.280000
2567	0.320000
2568	0.060000
2569	0.000000
2570	0.050000
2571	0.040000
2572	0.210000
2573	0.080000
2574	0.060000
2575	0.080000
2576	0.090000
2577	0.010000
2578	0.090000
2579	0.050000
2580	0.010000
2581	0.100000
2582	0.010000
2583	0.180000
2584	0.000000
2585	0.110000
2586	0.020000
2587	0.000000
2588	0.010000
2589	0.130000
2590	0.110000
2591	0.050000
2592	0.130000
2593	0.090000
2594	0.100000
2595	0.100000
2596	0.020000
2597	0.030000
2598	0.050000
2599	0.200000
2600	0.030000
2601	0.000000
2602	0.030000
2603	0.010000
2604	0.110000
2605	0.180000
2606	0.030000
2607	0.090000
2608	0.160000
2609	0.090000
2610	0.000000
2611	0.380000
2612	0.050000
2613	0.040000
2614	0.000000
2615	0.080000
2616	0.030000
2617	0.020000
2618	0.020000
2619	0.170000
2620	0.260000
2621	0.270000
2622	0.020000
2623	0.000000
2624	0.200000
2625	0.000000
2626	0.050000
2627	0.220000
2628	0.050000
2629	0.210000
2630	0.020000
2631	0.030000
2632	0.010000
2633	0.030000
2634	0.220000
2635	0.000000
2636	0.050000
2637	0.070000
2638	0.230000
2639	0.000000
2640	0.000000
2641	0.210000
2642	0.040000
2643	0.280000
2644	0.030000
2645	0.100000
2646	0.040000
2647	0.020000
2648	0.120000
2649	0.110000
2650	0.030000
2651	0.030000
2652	0.060000
2653	0.010000
2654	0.040000
2655	0.040000
2656	0.070000
2657	0.040000
2658	0.040000
2659	0.150000
2660	0.000000
2661	0.010000
2662	0.010000
2663	0.130000
2664	0.230000
2665	0.370000
2666	0.120000
2667	0.010000
2668	0.070000
2669	0.100000
2670	0.220000
2671	0.000000
2672	0.050000
2673	0.010000
2674	0.060000
2675	0.090000
2676	0.050000
2677	0.010000
2678	0.050000
2679	0.300000
2680	0.140000
2681	0.020000
2682	0.040000
2683	0.190000
2684	0.120000
2685	0.190000
2686	0.010000
2687	0.000000
2688	0.200000
2689	0.130000
2690	0.050000
2691	0.230000
2692	0.050000
2693	0.040000
2694	0.000000
2695	0.080000
2696	0.000000
2697	0.020000
2698	0.040000
2699	0.140000
2700	0.120000
2701	0.050000
2702	0.030000
2703	0.040000
2704	0.020000
2705	0.030000
2706	0.050000
2707	0.000000
2708	0.000000
2709	0.010000
2710	0.000000
2711	0.020000
2712	0.010000
2713	0.050000
2714	0.010000
2715	0.050000
2716	0.060000
2717	0.050000
2718	0.020000
2719	0.040000
2720	0.010000
2721	0.030000
2722	0.060000
2723	0.000000
2724	0.060000
2725	0.000000
2726	0.040000
2727	0.040000
2728	0.080000
2729	0.040000
2730	0.170000
2731	0.240000
2732	0.030000
2733	0.030000
2734	0.050000
2735	0.010000
2736	0.080000
2737	0.110000
2738	0.010000
2739	0.010000
2740	0.140000
2741	0.040000
2742	0.050000
2743	0.000000
2744	0.040000
2745	0.140000
2746	0.060000
2747	0.130000
2748	0.140000
2749	0.110000
2750	0.220000
2751	0.110000
2752	0.190000
2753	0.170000
2754	0.030000
2755	0.020000
2756	0.290000
2757	0.060000
2758	0.050000
2759	0.020000
2760	0.090000
2761	0.390000
2762	0.020000
2763	0.010000
2764	0.210000
2765	0.130000
2766	0.120000
2767	0.010000
2768	0.070000
2769	0.090000
2770	0.030000
2771	0.210000
2772	0.130000
2773	0.050000
2774	0.140000
2775	0.020000
2776	0.150000
2777	0.240000
2778	0.040000
2779	0.080000
2780	0.020000
2781	0.120000
2782	0.000000
2783	0.040000
2784	0.150000
2785	0.060000
2786	0.300000
2787	0.150000
2788	0.040000
2789	0.160000
2790	0.110000
2791	0.020000
2792	0.090000
2793	0.460000
2794	0.110000
2795	0.030000
2796	0.370000
2797	0.020000
2798	0.050000
2799	0.040000
2800	0.040000
2801	0.050000
2802	0.060000
2803	0.120000
2804	0.130000
2805	0.050000
2806	0.040000
2807	0.300000
2808	0.060000
2809	0.100000
2810	0.190000
2811	0.030000
2812	0.080000
2813	0.030000
2814	0.140000
2815	0.040000
2816	0.030000
2817	0.120000
2818	0.290000
2819	0.000000
2820	0.370000
2821	0.020000
2822	0.050000
2823	0.050000
2824	0.110000
2825	0.100000
2826	0.180000
2827	0.030000
2828	0.020000
2829	0.010000
2830	0.130000
2831	0.080000
2832	0.180000
2833	0.030000
2834	0.000000
2835	0.020000
2836	0.030000
2837	0.160000
2838	0.080000
2839	0.030000
2840	0.180000
2841	0.190000
2842	0.090000
2843	0.000000
2844	0.080000
2845	0.080000
2846	0.060000
2847	0.170000
2848	0.090000
2849	0.120000
2850	0.010000
2851	0.010000
2852	0.000000
2853	0.050000
2854	0.140000
2855	0.080000
2856	0.060000
2857	0.240000
2858	0.030000
2859	0.100000
2860	0.230000
2861	0.040000
2862	0.090000
2863	0.040000
2864	0.030000
2865	0.100000
2866	0.180000
2867	0.010000
2868	0.220000
2869	0.010000
2870	0.080000
2871	0.010000
2872	0.200000
2873	0.170000
2874	0.030000
2875	0.050000
2876	0.180000
2877	0.030000
2878	0.260000
2879	0.020000
2880	0.210000
2881	0.020000
2882	0.070000
2883	0.050000
2884	0.020000
2885	0.050000
2886	0.000000
2887	0.300000
2888	0.250000
2889	0.070000
2890	0.040000
2891	0.030000
2892	0.080000
2893	0.030000
2894	0.000000
2895	0.260000
2896	0.150000
2897	0.100000
2898	0.120000
2899	0.270000
2900	0.270000
2901	0.160000
2902	0.050000
2903	0.120000
2904	0.010000
2905	0.130000
2906	0.080000
2907	0.400000
2908	0.000000
2909	0.490000
2910	0.080000
2911	0.060000
2912	0.040000
2913	0.140000
2914	0.070000
2915	0.090000
2916	0.070000
2917	0.080000
2918	0.180000
2919	0.070000
2920	0.010000
2921	0.000000
2922	0.030000
2923	0.050000
2924	0.100000
2925	0.010000
2926	0.040000
2927	0.070000
2928	0.320000
2929	0.280000
2930	0.010000
2931	0.120000
2932	0.010000
2933	0.200000
2934	0.110000
2935	0.060000
2936	0.040000
2937	0.080000
2938	0.220000
2939	0.120000
2940	0.030000
2941	0.190000
2942	0.030000
2943	0.090000
2944	0.150000
2945	0.040000
2946	0.270000
2947	0.120000
2948	0.010000
2949	0.050000
2950	0.000000
2951	0.080000
2952	0.160000
2953	0.050000
2954	0.040000
2955	0.160000
2956	0.030000
2957	0.100000
2958	0.050000
2959	0.000000
2960	0.050000
2961	0.020000
2962	0.180000
2963	0.050000
2964	0.070000
2965	0.020000
2966	0.150000
2967	0.180000
2968	0.050000
2969	0.140000
2970	0.050000
2971	0.020000
2972	0.030000
2973	0.040000
2974	0.170000
2975	0.030000
2976	0.140000
2977	0.000000
2978	0.020000
2979	0.050000
2980	0.080000
2981	0.040000
2982	0.000000
2983	0.030000
2984	0.020000
2985	0.070000
2986	0.290000
2987	0.070000
2988	0.040000
2989	0.110000
2990	0.060000
2991	0.050000
2992	0.020000
2993	0.080000
2994	0.030000
2995	0.130000
2996	0.190000
2997	0.160000
2998	0.020000
2999	0.010000
3000	0.080000
3001	0.100000
3002	0.150000
3003	0.020000
3004	0.110000
3005	0.040000
3006	0.060000
3007	0.070000
3008	0.010000
3009	0.000000
3010	0.020000
3011	0.110000
3012	0.260000
3013	0.180000
3014	0.120000
3015	0.010000
3016	0.030000
3017	0.260000
3018	0.360000
3019	0.020000
3020	0.040000
3021	0.010000
3022	0.130000
3023	0.050000
3024	0.120000
3025	0.010000
3026	0.000000
3027	0.010000
3028	0.110000
3029	0.480000
3030	0.010000
3031	0.180000
3032	0.240000
3033	0.130000
3034	0.020000
3035	0.160000
3036	0.070000
3037	0.010000
3038	0.080000
3039	0.000000
3040	0.010000
3041	0.070000
3042	0.030000
3043	0.000000
3044	0.040000
3045	0.140000
3046	0.020000
3047	0.100000
3048	0.140000
3049	0.010000
3050	0.030000
3051	0.180000
3052	0.010000
3053	0.150000
3054	0.280000
3055	0.200000
3056	0.220000
3057	0.150000
3058	0.180000
3059	0.070000
3060	0.000000
3061	0.070000
3062	0.040000
3063	0.080000
3064	0.070000
3065	0.200000
3066	0.070000
3067	0.370000
3068	0.050000
3069	0.130000
3070	0.040000
3071	0.010000
3072	0.100000
3073	0.070000
3074	0.110000
3075	0.210000
3076	0.020000
3077	0.140000
3078	0.020000
3079	0.120000
3080	0.260000
3081	0.270000
3082	0.170000
3083	0.050000
3084	0.030000
3085	0.040000
3086	0.070000
3087	0.130000
3088	0.070000
3089	0.020000
3090	0.080000
3091	0.060000
3092	0.030000
3093	0.050000
3094	0.040000
3095	0.140000
3096	0.090000
3097	0.040000
3098	0.100000
3099	0.080000
3100	0.050000
3101	0.260000
3102	0.040000
3103	0.040000
3104	0.010000
3105	0.190000
3106	0.030000
3107	0.030000
3108	0.300000
3109	0.010000
3110	0.280000
3111	0.000000
3112	0.220000
3113	0.060000
3114	0.070000
3115	0.020000
3116	0.120000
3117	0.070000
3118	0.400000
3119	0.090000
3120	0.020000
3121	0.130000
3122	0.020000
3123	0.040000
3124	0.010000
3125	0.220000
3126	0.040000
3127	0.000000
3128	0.190000
3129	0.370000
3130	0.110000
3131	0.040000
3132	0.000000
3133	0.000000
3134	0.130000
3135	0.030000
3136	0.060000
3137	0.010000
3138	0.250000
3139	0.010000
3140	0.200000
3141	0.100000
3142	0.100000
3143	0.250000
3144	0.000000
3145	0.120000
3146	0.050000
3147	0.150000
3148	0.160000
3149	0.000000
3150	0.040000
3151	0.170000
3152	0.010000
3153	0.030000
3154	0.140000
3155	0.090000
3156	0.040000
3157	0.220000
3158	0.150000
3159	0.080000
3160	0.060000
3161	0.090000
3162	0.040000
3163	0.490000
3164	0.010000
3165	0.050000
3166	0.090000
3167	0.200000
3168	0.010000
3169	0.080000
3170	0.060000
3171	0.050000
3172	0.150000
3173	0.120000
3174	0.080000
3175	0.060000
3176	0.000000
3177	0.050000
3178	0.180000
3179	0.020000
3180	0.170000
3181	0.020000
3182	0.250000
3183	0.070000
3184	0.090000
3185	0.140000
3186	0.040000
3187	0.040000
3188	0.010000
3189	0.200000
3190	0.060000
3191	0.090000
3192	0.200000
3193	0.120000
3194	0.040000
3195	0.200000
3196	0.120000
3197	0.030000
3198	0.020000
3199	0.070000
3200	0.120000
3201	0.150000
3202	0.090000
3203	0.160000
3204	0.050000
3205	0.290000
3206	0.040000
3207	0.050000
3208	0.120000
3209	0.020000
3210	0.050000
3211	0.070000
3212	0.060000
3213	0.150000
3214	0.020000
3215	0.010000
3216	0.210000
3217	0.160000
3218	0.040000
3219	0.060000
3220	0.030000
3221	0.040000
3222	0.030000
3223	0.040000
3224	0.370000
3225	0.020000
3226	0.140000
3227	0.120000
3228	0.110000
3229	0.110000
3230	0.080000
3231	0.140000
3232	0.000000
3233	0.090000
3234	0.020000
3235	0.040000
3236	0.020000
3237	0.070000
3238	0.030000
3239	0.010000
3240	0.180000
3241	0.010000
3242	0.080000
3243	0.140000
3244	0.050000
3245	0.000000
3246	0.110000
3247	0.050000
3248	0.080000
3249	0.040000
3250	0.110000
3251	0.050000
3252	0.020000
3253	0.100000
3254	0.060000
3255	0.010000
3256	0.050000
3257	0.080000
3258	0.030000
3259	0.280000
3260	0.200000
3261	0.240000
3262	0.020000
3263	0.090000
3264	0.000000
3265	0.320000
3266	0.060000
3267	0.090000
3268	0.150000
3269	0.160000
3270	0.150000
3271	0.140000
3272	0.230000
3273	0.020000
3274	0.130000
3275	0.010000
3276	0.020000
3277	0.210000
3278	0.030000
3279	0.060000
3280	0.340000
3281	0.310000
3282	0.010000
3283	0.010000
3284	0.030000
3285	0.170000
3286	0.010000
3287	0.010000
3288	0.050000
3289	0.050000
3290	0.060000
3291	0.020000
3292	0.370000
3293	0.030000
3294	0.030000
3295	0.040000
3296	0.040000
3297	0.080000
3298	0.020000
3299	0.250000
3300	0.260000
3301	0.120000
3302	0.130000
3303	0.050000
3304	0.060000
3305	0.040000
3306	0.080000
3307	0.010000
3308	0.240000
3309	0.160000
3310	0.050000
3311	0.380000
3312	0.250000
3313	0.330000
3314	0.100000
3315	0.090000
3316	0.080000
3317	0.080000
3318	0.050000
3319	0.010000
3320	0.110000
3321	0.060000
3322	0.060000
3323	0.150000
3324	0.030000
3325	0.010000
3326	0.010000
3327	0.220000
3328	0.020000
3329	0.090000
3330	0.030000
3331	0.140000
3332	0.040000
3333	0.210000
3334	0.070000
3335	0.020000
3336	0.380000
3337	0.120000
3338	0.060000
3339	0.110000
3340	0.060000
3341	0.090000
3342	0.020000
3343	0.020000
3344	0.040000
3345	0.080000
3346	0.130000
3347	0.060000
3348	0.010000
3349	0.090000
3350	0.080000
3351	0.010000
3352	0.000000
3353	0.250000
3354	0.030000
3355	0.030000
3356	0.240000
3357	0.110000
3358	0.270000
3359	0.030000
3360	0.010000
3361	0.100000
3362	0.030000
3363	0.160000
3364	0.050000
3365	0.010000
3366	0.040000
3367	0.230000
3368	0.040000
3369	0.020000
3370	0.140000
3371	0.370000
3372	0.040000
3373	0.040000
3374	0.060000
3375	0.010000
3376	0.010000
3377	0.000000
3378	0.080000
3379	0.010000
3380	0.300000
3381	0.010000
3382	0.020000
3383	0.070000
3384	0.070000
3385	0.000000
3386	0.040000
3387	0.090000
3388	0.050000
3389	0.460000
3390	0.070000
3391	0.670000
3392	0.080000
3393	0.260000
3394	0.160000
3395	0.050000
3396	0.030000
3397	0.040000
3398	0.040000
3399	0.130000
3400	0.170000
3401	0.300000
3402	0.160000
3403	0.060000
3404	0.040000
3405	0.050000
3406	0.030000
3407	0.030000
3408	0.070000
3409	0.010000
3410	0.390000
3411	0.410000
3412	0.290000
3413	0.110000
3414	0.290000
3415	0.160000
3416	0.220000
3417	0.050000
3418	0.090000
3419	0.140000
3420	0.180000
3421	0.030000
3422	0.110000
3423	0.210000
3424	0.050000
3425	0.230000
3426	0.050000
3427	0.010000
3428	0.040000
3429	0.020000
3430	0.220000
3431	0.060000
3432	0.010000
3433	0.150000
3434	0.170000
3435	0.070000
3436	0.090000
3437	0.030000
3438	0.050000
3439	0.000000
3440	0.050000
3441	0.230000
3442	0.250000
3443	0.010000
3444	0.010000
3445	0.090000
3446	0.000000
3447	0.120000
3448	0.040000
3449	0.090000
3450	0.110000
3451	0.070000
3452	0.130000
3453	0.210000
3454	0.250000
3455	0.020000
3456	0.110000
3457	0.130000
3458	0.020000
3459	0.040000
3460	0.130000
3461	0.070000
3462	0.370000
3463	0.050000
3464	0.240000
3465	0.050000
3466	0.020000
3467	0.100000
3468	0.050000
3469	0.260000
3470	0.010000
3471	0.340000
3472	0.020000
3473	0.050000
3474	0.220000
3475	0.510000
3476	0.030000
3477	0.000000
3478	0.010000
3479	0.100000
3480	0.030000
3481	0.170000
3482	0.080000
3483	0.210000
3484	0.090000
3485	0.040000
3486	0.000000
3487	0.230000
3488	0.000000
3489	0.200000
3490	0.120000
3491	0.190000
3492	0.000000
3493	0.160000
3494	0.020000
3495	0.030000
3496	0.030000
3497	0.070000
3498	0.050000
3499	0.180000
3500	0.080000
3501	0.130000
3502	0.080000
3503	0.250000
3504	0.150000
3505	0.080000
3506	0.070000
3507	0.360000
3508	0.060000
3509	0.290000
3510	0.120000
3511	0.120000
3512	0.190000
3513	0.240000
3514	0.090000
3515	0.100000
3516	0.130000
3517	0.090000
3518	0.150000
3519	0.220000
3520	0.190000
3521	0.160000
3522	0.050000
3523	0.090000
3524	0.060000
3525	0.030000
3526	0.380000
3527	0.020000
3528	0.000000
3529	0.160000
3530	0.020000
3531	0.050000
3532	0.030000
3533	0.050000
3534	0.080000
3535	0.040000
3536	0.050000
3537	0.000000
3538	0.050000
3539	0.500000
3540	0.180000
3541	0.020000
3542	0.000000
3543	0.020000
3544	0.030000
3545	0.030000
3546	0.140000
3547	0.200000
3548	0.000000
3549	0.030000
3550	0.150000
3551	0.050000
3552	0.000000
3553	0.020000
3554	0.000000
3555	0.010000
3556	0.190000
3557	0.250000
3558	0.250000
3559	0.040000
3560	0.110000
3561	0.150000
3562	0.500000
3563	0.060000
3564	0.100000
3565	0.100000
3566	0.030000
3567	0.090000
3568	0.080000
3569	0.140000
3570	0.000000
3571	0.050000
3572	0.050000
3573	0.030000
3574	0.030000
3575	0.000000
3576	0.140000
3577	0.050000
3578	0.180000
3579	0.050000
3580	0.140000
3581	0.060000
3582	0.000000
3583	0.000000
3584	0.000000
3585	0.060000
3586	0.070000
3587	0.060000
3588	0.140000
3589	0.330000
3590	0.380000
3591	0.120000
3592	0.220000
3593	0.090000
3594	0.140000
3595	0.030000
3596	0.090000
3597	0.040000
3598	0.020000
3599	0.070000
3600	0.190000
3601	0.080000
3602	0.090000
3603	0.080000
3604	0.020000
3605	0.130000
3606	0.030000
3607	0.110000
3608	0.020000
3609	0.010000
3610	0.110000
3611	0.100000
3612	0.160000
3613	0.020000
3614	0.190000
3615	0.070000
3616	0.020000
3617	0.020000
3618	0.520000
3619	0.040000
3620	0.240000
3621	0.290000
3622	0.060000
3623	0.010000
3624	0.290000
3625	0.050000
3626	0.460000
3627	0.000000
3628	0.020000
3629	0.070000
3630	0.220000
3631	0.050000
3632	0.000000
3633	0.050000
3634	0.000000
3635	0.070000
3636	0.030000
3637	0.040000
3638	0.120000
3639	0.030000
3640	0.010000
3641	0.360000
3642	0.000000
3643	0.180000
3644	0.040000
3645	0.090000
3646	0.060000
3647	0.010000
3648	0.250000
3649	0.040000
3650	0.690000
3651	0.130000
3652	0.150000
3653	0.030000
3654	0.180000
3655	0.080000
3656	0.010000
3657	0.020000
3658	0.050000
3659	0.140000
3660	0.040000
3661	0.100000
3662	0.010000
3663	0.040000
3664	0.080000
3665	0.170000
3666	0.020000
3667	0.030000
3668	0.030000
3669	0.360000
3670	0.010000
3671	0.060000
3672	0.090000
3673	0.240000
3674	0.130000
3675	0.500000
3676	0.080000
3677	0.010000
3678	0.030000
3679	0.210000
3680	0.030000
3681	0.320000
3682	0.040000
3683	0.380000
3684	0.120000
3685	0.210000
3686	0.090000
3687	0.070000
3688	0.200000
3689	0.000000
3690	0.090000
3691	0.190000
3692	0.010000
3693	0.390000
3694	0.110000
3695	0.180000
3696	0.080000
3697	0.110000
3698	0.050000
3699	0.030000
3700	0.010000
3701	0.120000
3702	0.030000
3703	0.010000
3704	0.140000
3705	0.480000
3706	0.080000
3707	0.000000
3708	0.010000
3709	0.030000
3710	0.020000
3711	0.130000
3712	0.040000
3713	0.430000
3714	0.010000
3715	0.180000
3716	0.180000
3717	0.230000
3718	0.210000
3719	0.030000
3720	0.040000
3721	0.140000
3722	0.000000
3723	0.050000
3724	0.380000
3725	0.020000
3726	0.210000
3727	0.220000
3728	0.100000
3729	0.400000
3730	0.040000
3731	0.020000
3732	0.150000
3733	0.140000
3734	0.010000
3735	0.060000
3736	0.130000
3737	0.100000
3738	0.040000
3739	0.010000
3740	0.010000
3741	0.150000
3742	0.150000
3743	0.070000
3744	0.040000
3745	0.000000
3746	0.320000
3747	0.040000
3748	0.040000
3749	0.000000
3750	0.020000
3751	0.320000
3752	0.130000
3753	0.060000
3754	0.040000
3755	0.080000
3756	0.190000
3757	0.190000
3758	0.060000
3759	0.060000
3760	0.220000
3761	0.240000
3762	0.110000
3763	0.170000
3764	0.020000
3765	0.040000
3766	0.010000
3767	0.040000
3768	0.410000
3769	0.230000
3770	0.160000
3771	0.120000
3772	0.030000
3773	0.250000
3774	0.040000
3775	0.070000
3776	0.010000
3777	0.070000
3778	0.250000
3779	0.000000
3780	0.330000
3781	0.010000
3782	0.000000
3783	0.030000
3784	0.040000
3785	0.050000
3786	0.030000
3787	0.000000
3788	0.020000
3789	0.110000
3790	0.100000
3791	0.000000
3792	0.290000
3793	0.000000
3794	0.040000
3795	0.020000
3796	0.110000
3797	0.050000
3798	0.020000
3799	0.080000
3800	0.050000
3801	0.000000
3802	0.000000
3803	0.010000
3804	0.100000
3805	0.020000
3806	0.000000
3807	0.270000
3808	0.360000
3809	0.040000
3810	0.010000
3811	0.100000
3812	0.120000
3813	0.040000
3814	0.000000
3815	0.050000
3816	0.100000
3817	0.040000
3818	0.030000
3819	0.170000
3820	0.020000
3821	0.200000
3822	0.170000
3823	0.290000
3824	0.360000
3825	0.380000
3826	0.010000
3827	0.110000
3828	0.040000
3829	0.140000
3830	0.050000
3831	0.050000
3832	0.140000
3833	0.210000
3834	0.070000
3835	0.130000
3836	0.150000
3837	0.090000
3838	0.000000
3839	0.000000
3840	0.080000
3841	0.300000
3842	0.300000
3843	0.010000
3844	0.000000
3845	0.070000
3846	0.060000
3847	0.320000
3848	0.050000
3849	0.010000
3850	0.130000
3851	0.060000
3852	0.010000
3853	0.220000
3854	0.120000
3855	0.060000
3856	0.000000
3857	0.060000
3858	0.070000
3859	0.160000
3860	0.020000
3861	0.070000
3862	0.050000
3863	0.040000
3864	0.090000
3865	0.010000
3866	0.100000
3867	0.010000
3868	0.030000
3869	0.030000
3870	0.010000
3871	0.030000
3872	0.080000
3873	0.040000
3874	0.140000
3875	0.050000
3876	0.040000
3877	0.020000
3878	0.250000
3879	0.030000
3880	0.100000
3881	0.040000
3882	0.030000
3883	0.050000
3884	0.330000
3885	0.200000
3886	0.140000
3887	0.120000
3888	0.160000
3889	0.110000
3890	0.100000
3891	0.070000
3892	0.300000
3893	0.000000
3894	0.130000
3895	0.020000
3896	0.130000
3897	0.000000
3898	0.070000
3899	0.040000
3900	0.130000
3901	0.030000
3902	0.000000
3903	0.000000
3904	0.060000
3905	0.140000
3906	0.040000
3907	0.010000
3908	0.090000
3909	0.040000
3910	0.270000
3911	0.000000
3912	0.110000
3913	0.120000
3914	0.130000
3915	0.010000
3916	0.360000
3917	0.110000
3918	0.010000
3919	0.080000
3920	0.060000
3921	0.030000
3922	0.280000
3923	0.090000
3924	0.040000
3925	0.150000
3926	0.010000
3927	0.050000
3928	0.030000
3929	0.350000
3930	0.130000
3931	0.210000
3932	0.020000
3933	0.050000
3934	0.270000
3935	0.030000
3936	0.030000
3937	0.090000
3938	0.050000
3939	0.030000
3940	0.280000
3941	0.110000
3942	0.370000
3943	0.050000
3944	0.030000
3945	0.280000
3946	0.240000
3947	0.120000
3948	0.020000
3949	0.000000
3950	0.010000
3951	0.100000
3952	0.030000
3953	0.110000
3954	0.010000
3955	0.000000
3956	0.000000
3957	0.200000
3958	0.120000
3959	0.000000
3960	0.030000
3961	0.060000
3962	0.000000
3963	0.270000
3964	0.030000
3965	0.180000
3966	0.080000
3967	0.210000
3968	0.030000
3969	0.000000
3970	0.230000
3971	0.150000
3972	0.000000
3973	0.040000
3974	0.100000
3975	0.070000
3976	0.280000
3977	0.040000
3978	0.080000
3979	0.050000
3980	0.000000
3981	0.110000
3982	0.050000
3983	0.020000
3984	0.050000
3985	0.040000
3986	0.010000
3987	0.060000
3988	0.080000
3989	0.080000
3990	0.050000
3991	0.020000
3992	0.260000
3993	0.190000
3994	0.190000
3995	0.150000
3996	0.040000
3997	0.070000
3998	0.150000
3999	0.360000
4000	0.080000
4001	0.110000
4002	0.060000
4003	0.000000
4004	0.000000
4005	0.160000
4006	0.150000
4007	0.260000
4008	0.000000
4009	0.080000
4010	0.020000
4011	0.070000
4012	0.030000
4013	0.110000
4014	0.060000
4015	0.030000
4016	0.250000
4017	0.000000
4018	0.040000
4019	0.040000
4020	0.060000
4021	0.260000
4022	0.310000
4023	0.120000
4024	0.080000
4025	0.000000
4026	0.120000
4027	0.040000
4028	0.070000
4029	0.030000
4030	0.060000
4031	0.000000
4032	0.090000
4033	0.360000
4034	0.070000
4035	0.060000
4036	0.080000
4037	0.020000
4038	0.030000
4039	0.030000
4040	0.010000
4041	0.230000
4042	0.260000
4043	0.040000
4044	0.040000
4045	0.010000
4046	0.070000
4047	0.050000
4048	0.250000
4049	0.070000
4050	0.160000
4051	0.040000
4052	0.020000
4053	0.260000
4054	0.140000
4055	0.160000
4056	0.000000
4057	0.010000
4058	0.360000
4059	0.060000
4060	0.200000
4061	0.000000
4062	0.110000
4063	0.070000
4064	0.510000
4065	0.030000
4066	0.140000
4067	0.060000
4068	0.030000
4069	0.020000
4070	0.140000
4071	0.050000
4072	0.200000
4073	0.000000
4074	0.010000
4075	0.080000
4076	0.020000
4077	0.100000
4078	0.040000
4079	0.130000
4080	0.080000
4081	0.060000
4082	0.100000
4083	0.370000
4084	0.030000
4085	0.220000
4086	0.130000
4087	0.030000
4088	0.010000
4089	0.410000
4090	0.260000
4091	0.050000
4092	0.080000
4093	0.130000
4094	0.220000
4095	0.060000
4096	0.170000
4097	0.050000
4098	0.070000
4099	0.230000
4100	0.010000
4101	0.030000
4102	0.000000
4103	0.030000
4104	0.230000
4105	0.000000
4106	0.010000
4107	0.290000
4108	0.010000
4109	0.030000
4110	0.010000
4111	0.040000
4112	0.080000
4113	0.000000
4114	0.200000
4115	0.290000
4116	0.270000
4117	0.110000
4118	0.160000
4119	0.010000
4120	0.050000
4121	0.060000
4122	0.150000
4123	0.120000
4124	0.180000
4125	0.030000
4126	0.210000
4127	0.070000
4128	0.030000
4129	0.030000
4130	0.020000
4131	0.040000
4132	0.180000
4133	0.070000
4134	0.040000
4135	0.020000
4136	0.020000
4137	0.080000
4138	0.090000
4139	0.060000
4140	0.230000
4141	0.100000
4142	0.010000
4143	0.040000
4144	0.120000
4145	0.010000
4146	0.030000
4147	0.070000
4148	0.040000
4149	0.050000
4150	0.040000
4151	0.020000
4152	0.130000
4153	0.020000
4154	0.020000
4155	0.020000
4156	0.240000
4157	0.030000
4158	0.010000
4159	0.030000
4160	0.050000
4161	0.100000
4162	0.030000
4163	0.020000
4164	0.030000
4165	0.000000
4166	0.000000
4167	0.420000
4168	0.020000
4169	0.590000
4170	0.070000
4171	0.170000
4172	0.070000
4173	0.080000
4174	0.060000
4175	0.000000
4176	0.050000
4177	0.110000
4178	0.020000
4179	0.160000
4180	0.050000
4181	0.000000
4182	0.080000
4183	0.210000
4184	0.000000
4185	0.000000
4186	0.240000
4187	0.040000
4188	0.030000
4189	0.030000
4190	0.060000
4191	0.030000
4192	0.000000
4193	0.170000
4194	0.080000
4195	0.060000
4196	0.000000
4197	0.040000
4198	0.000000
4199	0.000000
4200	0.050000
4201	0.010000
4202	0.030000
4203	0.070000
4204	0.150000
4205	0.040000
4206	0.030000
4207	0.060000
4208	0.010000
4209	0.020000
4210	0.030000
4211	0.000000
4212	0.050000
4213	0.340000
4214	0.020000
4215	0.200000
4216	0.010000
4217	0.220000
4218	0.080000
4219	0.010000
4220	0.080000
4221	0.030000
4222	0.050000
4223	0.010000
4224	0.040000
4225	0.120000
4226	0.070000
4227	0.200000
4228	0.040000
4229	0.000000
4230	0.000000
4231	0.070000
4232	0.050000
4233	0.160000
4234	0.180000
4235	0.060000
4236	0.020000
4237	0.070000
4238	0.400000
4239	0.050000
4240	0.020000
4241	0.050000
4242	0.060000
4243	0.020000
4244	0.010000
4245	0.030000
4246	0.000000
4247	0.000000
4248	0.060000
4249	0.000000
4250	0.090000
4251	0.050000
4252	0.000000
4253	0.220000
4254	0.020000
4255	0.000000
4256	0.010000
4257	0.060000
4258	0.190000
4259	0.020000
4260	0.240000
4261	0.080000
4262	0.010000
4263	0.040000
4264	0.000000
4265	0.020000
4266	0.030000
4267	0.030000
4268	0.030000
4269	0.180000
4270	0.000000
4271	0.190000
4272	0.000000
4273	0.010000
4274	0.030000
4275	0.050000
4276	0.020000
4277	0.650000
4278	0.000000
4279	0.270000
4280	0.090000
4281	0.070000
4282	0.000000
4283	0.040000
4284	0.000000
4285	0.160000
4286	0.030000
4287	0.010000
4288	0.000000
4289	0.010000
4290	0.050000
4291	0.120000
4292	0.050000
4293	0.020000
4294	0.070000
4295	0.000000
4296	0.010000
4297	0.050000
4298	0.090000
4299	0.040000
4300	0.080000
4301	0.030000
4302	0.040000
4303	0.220000
4304	0.050000
4305	0.360000
4306	0.010000
4307	0.040000
4308	0.090000
4309	0.060000
4310	0.160000
4311	0.100000
4312	0.360000
4313	0.200000
4314	0.020000
4315	0.080000
4316	0.060000
4317	0.030000
4318	0.190000
4319	0.050000
4320	0.050000
4321	0.080000
4322	0.300000
4323	0.080000
4324	0.040000
4325	0.010000
4326	0.040000
4327	0.080000
4328	0.180000
4329	0.060000
4330	0.020000
4331	0.010000
4332	0.010000
4333	0.010000
4334	0.050000
4335	0.160000
4336	0.010000
4337	0.010000
4338	0.010000
4339	0.020000
4340	0.030000
4341	0.050000
4342	0.080000
4343	0.010000
4344	0.630000
4345	0.310000
4346	0.100000
4347	0.010000
4348	0.000000
4349	0.030000
4350	0.050000
4351	0.070000
4352	0.090000
4353	0.040000
4354	0.270000
4355	0.030000
4356	0.270000
4357	0.000000
4358	0.000000
4359	0.060000
4360	0.000000
4361	0.120000
4362	0.140000
4363	0.170000
4364	0.040000
4365	0.000000
4366	0.010000
4367	0.150000
4368	0.160000
4369	0.020000
4370	0.060000
4371	0.060000
4372	0.030000
4373	0.060000
4374	0.210000
4375	0.050000
4376	0.030000
4377	0.000000
4378	0.090000
4379	0.500000
4380	0.060000
4381	0.180000
4382	0.010000
4383	0.000000
4384	0.140000
4385	0.000000
4386	0.540000
4387	0.360000
4388	0.230000
4389	0.030000
4390	0.010000
4391	0.040000
4392	0.040000
4393	0.040000
4394	0.010000
4395	0.060000
4396	0.050000
4397	0.070000
4398	0.050000
4399	0.030000
4400	0.010000
4401	0.200000
4402	0.030000
4403	0.100000
4404	0.030000
4405	0.050000
4406	0.320000
4407	0.010000
4408	0.150000
4409	0.120000
4410	0.050000
4411	0.220000
4412	0.070000
4413	0.010000
4414	0.010000
4415	0.180000
4416	0.120000
4417	0.030000
4418	0.120000
4419	0.030000
4420	0.010000
4421	0.000000
4422	0.340000
4423	0.070000
4424	0.070000
4425	0.510000
4426	0.040000
4427	0.050000
4428	0.050000
4429	0.020000
4430	0.060000
4431	0.060000
4432	0.030000
4433	0.150000
4434	0.010000
4435	0.020000
4436	0.050000
4437	0.140000
4438	0.110000
4439	0.020000
4440	0.040000
4441	0.030000
4442	0.000000
4443	0.040000
4444	0.120000
4445	0.020000
4446	0.260000
4447	0.220000
4448	0.520000
4449	0.160000
4450	0.040000
4451	0.120000
4452	0.040000
4453	0.080000
4454	0.070000
4455	0.050000
4456	0.030000
4457	0.130000
4458	0.340000
4459	0.120000
4460	0.110000
4461	0.090000
4462	0.040000
4463	0.020000
4464	0.000000
4465	0.030000
4466	0.110000
4467	0.030000
4468	0.040000
4469	0.010000
4470	0.110000
4471	0.070000
4472	0.300000
4473	0.160000
4474	0.000000
4475	0.000000
4476	0.120000
4477	0.100000
4478	0.200000
4479	0.040000
4480	0.190000
4481	0.030000
4482	0.430000
4483	0.070000
4484	0.160000
4485	0.060000
4486	0.010000
4487	0.020000
4488	0.060000
4489	0.390000
4490	0.220000
4491	0.050000
4492	0.030000
4493	0.000000
4494	0.080000
4495	0.010000
4496	0.090000
4497	0.170000
4498	0.080000
4499	0.090000
4500	0.010000
4501	0.090000
4502	0.200000
4503	0.030000
4504	0.030000
4505	0.110000
4506	0.110000
4507	0.220000
4508	0.520000
4509	0.250000
4510	0.330000
4511	0.110000
4512	0.110000
4513	0.070000
4514	0.000000
4515	0.040000
4516	0.010000
4517	0.330000
4518	0.040000
4519	0.060000
4520	0.040000
4521	0.260000
4522	0.120000
4523	0.250000
4524	0.270000
4525	0.010000
4526	0.040000
4527	0.000000
4528	0.030000
4529	0.000000
4530	0.040000
4531	0.230000
4532	0.100000
4533	0.060000
4534	0.030000
4535	0.310000
4536	0.070000
4537	0.020000
4538	0.020000
4539	0.040000
4540	0.030000
4541	0.020000
4542	0.020000
4543	0.570000
4544	0.010000
4545	0.050000
4546	0.070000
4547	0.030000
4548	0.010000
4549	0.000000
4550	0.010000
4551	0.050000
4552	0.110000
4553	0.050000
4554	0.050000
4555	0.030000
4556	0.080000
4557	0.040000
4558	0.030000
4559	0.020000
4560	0.310000
4561	0.010000
4562	0.310000
4563	0.080000
4564	0.040000
4565	0.030000
4566	0.010000
4567	0.040000
4568	0.090000
4569	0.010000
4570	0.020000
4571	0.030000
4572	0.050000
4573	0.060000
4574	0.010000
4575	0.010000
4576	0.020000
4577	0.070000
4578	0.220000
4579	0.300000
4580	0.040000
4581	0.000000
4582	0.050000
4583	0.040000
4584	0.010000
4585	0.210000
4586	0.090000
4587	0.040000
4588	0.060000
4589	0.080000
4590	0.060000
4591	0.290000
4592	0.130000
4593	0.170000
4594	0.040000
4595	0.100000
4596	0.020000
4597	0.010000
4598	0.060000
4599	0.070000
4600	0.220000
4601	0.160000
4602	0.040000
4603	0.030000
4604	0.100000
4605	0.030000
4606	0.050000
4607	0.400000
4608	0.060000
4609	0.090000
4610	0.150000
4611	0.270000
4612	0.000000
4613	0.020000
4614	0.010000
4615	0.120000
4616	0.020000
4617	0.000000
4618	0.060000
4619	0.000000
4620	0.090000
4621	0.100000
4622	0.030000
4623	0.020000
4624	0.030000
4625	0.080000
4626	0.180000
4627	0.020000
4628	0.020000
4629	0.020000
4630	0.030000
4631	0.080000
4632	0.050000
4633	0.040000
4634	0.150000
4635	0.180000
4636	0.020000
4637	0.040000
4638	0.050000
4639	0.040000
4640	0.200000
4641	0.030000
4642	0.050000
4643	0.060000
4644	0.120000
4645	0.070000
4646	0.060000
4647	0.340000
4648	0.030000
4649	0.000000
4650	0.230000
4651	0.000000
4652	0.020000
4653	0.090000
4654	0.050000
4655	0.270000
4656	0.110000
4657	0.030000
4658	0.220000
4659	0.140000
4660	0.000000
4661	0.150000
4662	0.060000
4663	0.130000
4664	0.000000
4665	0.040000
4666	0.210000
4667	0.070000
4668	0.060000
4669	0.060000
4670	0.040000
4671	0.070000
4672	0.020000
4673	0.360000
4674	0.040000
4675	0.230000
4676	0.050000
4677	0.010000
4678	0.040000
4679	0.020000
4680	0.220000
4681	0.130000
4682	0.280000
4683	0.000000
4684	0.050000
4685	0.110000
4686	0.110000
4687	0.090000
4688	0.050000
4689	0.040000
4690	0.080000
4691	0.010000
4692	0.000000
4693	0.050000
4694	0.050000
4695	0.010000
4696	0.000000
4697	0.000000
4698	0.010000
4699	0.030000
4700	0.140000
4701	0.100000
4702	0.050000
4703	0.010000
4704	0.080000
4705	0.110000
4706	0.120000
4707	0.040000
4708	0.410000
4709	0.070000
4710	0.010000
4711	0.140000
4712	0.020000
4713	0.040000
4714	0.050000
4715	0.310000
4716	0.030000
4717	0.050000
4718	0.060000
4719	0.000000
4720	0.040000
4721	0.040000
4722	0.050000
4723	0.020000
4724	0.010000
4725	0.400000
4726	0.030000
4727	0.060000
4728	0.440000
4729	0.140000
4730	0.000000
4731	0.080000
4732	0.440000
4733	0.020000
4734	0.160000
4735	0.020000
4736	0.120000
4737	0.050000
4738	0.100000
4739	0.050000
4740	0.000000
4741	0.050000
4742	0.140000
4743	0.000000
4744	0.040000
4745	0.120000
4746	0.060000
4747	0.150000
4748	0.280000
4749	0.010000
4750	0.120000
4751	0.000000
4752	0.010000
4753	0.040000
4754	0.000000
4755	0.030000
4756	0.000000
4757	0.090000
4758	0.010000
4759	0.040000
4760	0.040000
4761	0.040000
4762	0.050000
4763	0.010000
4764	0.050000
4765	0.200000
4766	0.010000
4767	0.010000
4768	0.030000
4769	0.080000
4770	0.040000
4771	0.060000
4772	0.110000
4773	0.030000
4774	0.140000
4775	0.010000
4776	0.040000
4777	0.030000
4778	0.010000
4779	0.120000
4780	0.080000
4781	0.060000
4782	0.120000
4783	0.030000
4784	0.190000
4785	0.140000
4786	0.220000
4787	0.010000
4788	0.010000
4789	0.100000
4790	0.190000
4791	0.120000
4792	0.020000
4793	0.030000
4794	0.130000
4795	0.100000
4796	0.240000
4797	0.000000
4798	0.060000
4799	0.070000
4800	0.230000
4801	0.110000
4802	0.360000
4803	0.030000
4804	0.000000
4805	0.040000
4806	0.000000
4807	0.070000
4808	0.300000
4809	0.090000
4810	0.080000
4811	0.020000
4812	0.030000
4813	0.040000
4814	0.110000
4815	0.080000
4816	0.130000
4817	0.090000
4818	0.080000
4819	0.080000
4820	0.020000
4821	0.140000
4822	0.050000
4823	0.310000
4824	0.260000
4825	0.080000
4826	0.190000
4827	0.010000
4828	0.000000
4829	0.250000
4830	0.070000
4831	0.120000
4832	0.030000
4833	0.060000
4834	0.250000
4835	0.070000
4836	0.060000
4837	0.020000
4838	0.000000
4839	0.000000
4840	0.060000
4841	0.120000
4842	0.080000
4843	0.070000
4844	0.050000
4845	0.040000
4846	0.010000
4847	0.080000
4848	0.060000
4849	0.050000
4850	0.050000
4851	0.010000
4852	0.070000
4853	0.070000
4854	0.100000
4855	0.130000
4856	0.040000
4857	0.070000
4858	0.080000
4859	0.040000
4860	0.030000
4861	0.140000
4862	0.130000
4863	0.000000
4864	0.070000
4865	0.220000
4866	0.010000
4867	0.420000
4868	0.100000
4869	0.180000
4870	0.040000
4871	0.000000
4872	0.000000
4873	0.010000
4874	0.010000
4875	0.060000
4876	0.040000
4877	0.030000
4878	0.020000
4879	0.290000
4880	0.000000
4881	0.020000
4882	0.110000
4883	0.030000
4884	0.450000
4885	0.020000
4886	0.040000
4887	0.260000
4888	0.110000
4889	0.210000
4890	0.080000
4891	0.040000
4892	0.010000
4893	0.110000
4894	0.070000
4895	0.040000
4896	0.000000
4897	0.220000
4898	0.180000
4899	0.180000
4900	0.000000
4901	0.150000
4902	0.080000
4903	0.020000
4904	0.170000
4905	0.110000
4906	0.230000
4907	0.070000
4908	0.110000
4909	0.090000
4910	0.080000
4911	0.080000
4912	0.000000
4913	0.030000
4914	0.040000
4915	0.140000
4916	0.020000
4917	0.110000
4918	0.250000
4919	0.090000
4920	0.060000
4921	0.120000
4922	0.110000
4923	0.040000
4924	0.020000
4925	0.010000
4926	0.010000
4927	0.160000
4928	0.110000
4929	0.010000
4930	0.020000
4931	0.070000
4932	0.290000
4933	0.100000
4934	0.120000
4935	0.030000
4936	0.060000
4937	0.080000
4938	0.020000
4939	0.150000
4940	0.100000
4941	0.050000
4942	0.240000
4943	0.040000
4944	0.040000
4945	0.140000
4946	0.150000
4947	0.100000
4948	0.290000
4949	0.020000
4950	0.270000
4951	0.240000
4952	0.060000
4953	0.130000
4954	0.060000
4955	0.000000
4956	0.140000
4957	0.120000
4958	0.180000
4959	0.130000
4960	0.020000
4961	0.040000
4962	0.150000
4963	0.030000
4964	0.230000
4965	0.060000
4966	0.060000
4967	0.050000
4968	0.020000
4969	0.010000
4970	0.010000
4971	0.040000
4972	0.250000
4973	0.060000
4974	0.010000
4975	0.090000
4976	0.010000
4977	0.040000
4978	0.020000
4979	0.210000
4980	0.150000
4981	0.060000
4982	0.060000
4983	0.020000
4984	0.010000
4985	0.050000
4986	0.050000
4987	0.030000
4988	0.030000
4989	0.060000
4990	0.050000
4991	0.000000
4992	0.000000
4993	0.020000
4994	0.110000
4995	0.170000
4996	0.030000
4997	0.010000
4998	0.080000
4999	0.060000
5000	0.130000
5001	0.090000
5002	0.220000
5003	0.040000
5004	0.020000
5005	0.150000
5006	0.000000
5007	0.030000
5008	0.150000
5009	0.080000
5010	0.040000
5011	0.190000
5012	0.010000
5013	0.030000
5014	0.080000
5015	0.490000
5016	0.000000
5017	0.060000
5018	0.160000
5019	0.160000
5020	0.010000
5021	0.070000
5022	0.030000
5023	0.040000
5024	0.030000
5025	0.090000
5026	0.460000
5027	0.020000
5028	0.010000
5029	0.020000
5030	0.030000
5031	0.010000
5032	0.120000
5033	0.000000
5034	0.140000
5035	0.040000
5036	0.020000
5037	0.130000
5038	0.200000
5039	0.010000
5040	0.060000
5041	0.100000
5042	0.160000
5043	0.000000
5044	0.110000
5045	0.040000
5046	0.530000
5047	0.230000
5048	0.040000
5049	0.160000
5050	0.060000
5051	0.000000
5052	0.020000
5053	0.200000
5054	0.360000
5055	0.000000
5056	0.090000
5057	0.100000
5058	0.010000
5059	0.010000
5060	0.090000
5061	0.190000
5062	0.030000
5063	0.080000
5064	0.080000
5065	0.110000
5066	0.020000
5067	0.010000
5068	0.010000
5069	0.000000
5070	0.250000
5071	0.090000
5072	0.080000
5073	0.030000
5074	0.290000
5075	0.040000
5076	0.040000
5077	0.260000
5078	0.070000
5079	0.050000
5080	0.000000
5081	0.080000
5082	0.130000
5083	0.120000
5084	0.120000
5085	0.170000
5086	0.140000
5087	0.210000
5088	0.030000
5089	0.000000
5090	0.340000
5091	0.080000
5092	0.060000
5093	0.040000
5094	0.100000
5095	0.010000
5096	0.260000
5097	0.100000
5098	0.070000
5099	0.020000
5100	0.220000
5101	0.000000
5102	0.190000
5103	0.280000
5104	0.090000
5105	0.030000
5106	0.040000
5107	0.300000
5108	0.180000
5109	0.060000
5110	0.010000
5111	0.280000
5112	0.150000
5113	0.220000
5114	0.080000
5115	0.060000
5116	0.040000
5117	0.020000
5118	0.120000
5119	0.020000
5120	0.180000
5121	0.050000
5122	0.040000
5123	0.000000
5124	0.200000
5125	0.000000
5126	0.140000
5127	0.030000
5128	0.090000
5129	0.150000
5130	0.020000
5131	0.360000
5132	0.020000
5133	0.000000
5134	0.080000
5135	0.060000
5136	0.260000
5137	0.090000
5138	0.070000
5139	0.090000
5140	0.090000
5141	0.000000
5142	0.130000
5143	0.140000
5144	0.030000
5145	0.000000
5146	0.000000
5147	0.040000
5148	0.090000
5149	0.040000
5150	0.010000
5151	0.030000
5152	0.030000
5153	0.120000
5154	0.020000
5155	0.050000
5156	0.350000
5157	0.060000
5158	0.030000
5159	0.000000
5160	0.000000
5161	0.180000
5162	0.030000
5163	0.430000
5164	0.030000
5165	0.120000
5166	0.100000
5167	0.110000
5168	0.020000
5169	0.120000
5170	0.040000
5171	0.000000
5172	0.290000
5173	0.090000
5174	0.000000
5175	0.020000
5176	0.060000
5177	0.100000
5178	0.060000
5179	0.060000
5180	0.130000
5181	0.070000
5182	0.160000
5183	0.030000
5184	0.110000
5185	0.070000
5186	0.040000
5187	0.130000
5188	0.100000
5189	0.050000
5190	0.020000
5191	0.060000
5192	0.000000
5193	0.220000
5194	0.040000
5195	0.020000
5196	0.050000
5197	0.020000
5198	0.210000
5199	0.060000
5200	0.040000
5201	0.080000
5202	0.010000
5203	0.040000
5204	0.020000
5205	0.160000
5206	0.050000
5207	0.010000
5208	0.080000
5209	0.120000
5210	0.100000
5211	0.060000
5212	0.060000
5213	0.040000
5214	0.030000
5215	0.020000
5216	0.030000
5217	0.170000
5218	0.010000
5219	0.080000
5220	0.370000
5221	0.000000
5222	0.300000
5223	0.150000
5224	0.030000
5225	0.210000
5226	0.100000
5227	0.040000
5228	0.050000
5229	0.100000
5230	0.100000
5231	0.020000
5232	0.090000
5233	0.080000
5234	0.160000
5235	0.050000
5236	0.140000
5237	0.080000
5238	0.000000
5239	0.290000
5240	0.010000
5241	0.110000
5242	0.150000
5243	0.010000
5244	0.010000
5245	0.000000
5246	0.060000
5247	0.030000
5248	0.040000
5249	0.230000
5250	0.160000
5251	0.160000
5252	0.050000
5253	0.120000
5254	0.030000
5255	0.080000
5256	0.410000
5257	0.090000
5258	0.010000
5259	0.020000
5260	0.150000
5261	0.080000
5262	0.020000
5263	0.120000
5264	0.180000
5265	0.150000
5266	0.020000
5267	0.060000
5268	0.100000
5269	0.210000
5270	0.050000
5271	0.260000
5272	0.040000
5273	0.110000
5274	0.030000
5275	0.020000
5276	0.110000
5277	0.270000
5278	0.110000
5279	0.040000
5280	0.000000
5281	0.180000
5282	0.010000
5283	0.180000
5284	0.050000
5285	0.010000
5286	0.110000
5287	0.080000
5288	0.010000
5289	0.160000
5290	0.030000
5291	0.090000
5292	0.040000
5293	0.130000
5294	0.120000
5295	0.000000
5296	0.110000
5297	0.030000
5298	0.020000
5299	0.020000
5300	0.240000
5301	0.120000
5302	0.110000
5303	0.100000
5304	0.020000
5305	0.120000
5306	0.480000
5307	0.000000
5308	0.030000
5309	0.010000
5310	0.010000
5311	0.040000
5312	0.420000
5313	0.000000
5314	0.000000
5315	0.050000
5316	0.010000
5317	0.280000
5318	0.060000
5319	0.120000
5320	0.000000
5321	0.180000
5322	0.060000
5323	0.190000
5324	0.140000
5325	0.020000
5326	0.090000
5327	0.080000
5328	0.020000
5329	0.310000
5330	0.010000
5331	0.090000
5332	0.090000
5333	0.340000
5334	0.010000
5335	0.180000
5336	0.010000
5337	0.040000
5338	0.010000
5339	0.160000
5340	0.090000
5341	0.000000
5342	0.100000
5343	0.030000
5344	0.110000
5345	0.040000
5346	0.010000
5347	0.120000
5348	0.000000
5349	0.120000
5350	0.210000
5351	0.030000
5352	0.070000
5353	0.180000
5354	0.050000
5355	0.190000
5356	0.000000
5357	0.030000
5358	0.030000
5359	0.280000
5360	0.010000
5361	0.130000
5362	0.050000
5363	0.040000
5364	0.130000
5365	0.020000
5366	0.090000
5367	0.740000
5368	0.050000
5369	0.170000
5370	0.000000
5371	0.280000
5372	0.030000
5373	0.080000
5374	0.020000
5375	0.020000
5376	0.100000
5377	0.080000
5378	0.010000
5379	0.050000
5380	0.020000
5381	0.040000
5382	0.040000
5383	0.020000
5384	0.010000
5385	0.080000
5386	0.040000
5387	0.440000
5388	0.040000
5389	0.070000
5390	0.200000
5391	0.000000
5392	0.040000
5393	0.000000
5394	0.410000
5395	0.100000
5396	0.090000
5397	0.320000
5398	0.010000
5399	0.030000
5400	0.000000
5401	0.080000
5402	0.100000
5403	0.070000
5404	0.300000
5405	0.050000
5406	0.080000
5407	0.030000
5408	0.030000
5409	0.000000
5410	0.020000
5411	0.000000
5412	0.220000
5413	0.190000
5414	0.020000
5415	0.070000
5416	0.080000
5417	0.010000
5418	0.230000
5419	0.090000
5420	0.000000
5421	0.040000
5422	0.000000
5423	0.090000
5424	0.200000
5425	0.020000
5426	0.060000
5427	0.100000
5428	0.210000
5429	0.050000
5430	0.020000
5431	0.020000
5432	0.060000
5433	0.310000
5434	0.200000
5435	0.080000
5436	0.020000
5437	0.150000
5438	0.050000
5439	0.000000
5440	0.020000
5441	0.220000
5442	0.060000
5443	0.140000
5444	0.030000
5445	0.180000
5446	0.040000
5447	0.020000
5448	0.140000
5449	0.140000
5450	0.260000
5451	0.070000
5452	0.210000
5453	0.210000
5454	0.090000
5455	0.070000
5456	0.030000
5457	0.120000
5458	0.260000
5459	0.050000
5460	0.110000
5461	0.020000
5462	0.010000
5463	0.140000
5464	0.090000
5465	0.020000
5466	0.200000
5467	0.010000
5468	0.130000
5469	0.070000
5470	0.090000
5471	0.020000
5472	0.160000
5473	0.100000
5474	0.090000
5475	0.300000
5476	0.020000
5477	0.030000
5478	0.030000
5479	0.070000
5480	0.100000
5481	0.020000
5482	0.340000
5483	0.080000
5484	0.120000
5485	0.190000
5486	0.010000
5487	0.070000
5488	0.180000
5489	0.060000
5490	0.040000
5491	0.150000
5492	0.200000
5493	0.480000
5494	0.080000
5495	0.010000
5496	0.070000
5497	0.150000
5498	0.060000
5499	0.050000
5500	0.030000
5501	0.090000
5502	0.040000
5503	0.030000
5504	0.290000
5505	0.090000
5506	0.050000
5507	0.020000
5508	0.070000
5509	0.020000
5510	0.080000
5511	0.290000
5512	0.120000
5513	0.040000
5514	0.000000
5515	0.060000
5516	0.060000
5517	0.170000
5518	0.100000
5519	0.130000
5520	0.110000
5521	0.020000
5522	0.350000
5523	0.170000
5524	0.060000
5525	0.000000
5526	0.090000
5527	0.000000
5528	0.050000
5529	0.010000
5530	0.210000
5531	0.010000
5532	0.040000
5533	0.040000
5534	0.040000
5535	0.140000
5536	0.220000
5537	0.040000
5538	0.020000
5539	0.180000
5540	0.060000
5541	0.050000
5542	0.030000
5543	0.250000
5544	0.030000
5545	0.140000
5546	0.000000
5547	0.110000
5548	0.040000
5549	0.010000
5550	0.250000
5551	0.000000
5552	0.000000
5553	0.220000
5554	0.050000
5555	0.220000
5556	0.070000
5557	0.200000
5558	0.030000
5559	0.010000
5560	0.080000
5561	0.090000
5562	0.090000
5563	0.070000
5564	0.010000
5565	0.080000
5566	0.060000
5567	0.050000
5568	0.180000
5569	0.060000
5570	0.190000
5571	0.090000
5572	0.130000
5573	0.110000
5574	0.190000
5575	0.040000
5576	0.200000
5577	0.000000
5578	0.080000
5579	0.020000
5580	0.120000
5581	0.030000
5582	0.040000
5583	0.070000
5584	0.000000
5585	0.200000
5586	0.020000
5587	0.040000
5588	0.020000
5589	0.000000
5590	0.010000
5591	0.040000
5592	0.160000
5593	0.160000
5594	0.060000
5595	0.250000
5596	0.230000
5597	0.130000
5598	0.100000
5599	0.140000
5600	0.070000
5601	0.090000
5602	0.100000
5603	0.070000
5604	0.110000
5605	0.230000
5606	0.020000
5607	0.020000
5608	0.020000
5609	0.030000
5610	0.030000
5611	0.050000
5612	0.020000
5613	0.060000
5614	0.460000
5615	0.220000
5616	0.150000
5617	0.050000
5618	0.050000
5619	0.080000
5620	0.170000
5621	0.320000
5622	0.020000
5623	0.300000
5624	0.110000
5625	0.140000
5626	0.050000
5627	0.410000
5628	0.050000
5629	0.100000
5630	0.270000
5631	0.050000
5632	0.040000
5633	0.070000
5634	0.170000
5635	0.020000
5636	0.440000
5637	0.020000
5638	0.010000
5639	0.060000
5640	0.000000
5641	0.070000
5642	0.000000
5643	0.470000
5644	0.030000
5645	0.210000
5646	0.120000
5647	0.140000
5648	0.120000
5649	0.040000
5650	0.200000
5651	0.000000
5652	0.000000
5653	0.070000
5654	0.170000
5655	0.040000
5656	0.020000
5657	0.140000
5658	0.040000
5659	0.110000
5660	0.040000
5661	0.070000
5662	0.100000
5663	0.240000
5664	0.330000
5665	0.050000
5666	0.030000
5667	0.170000
5668	0.050000
5669	0.020000
5670	0.110000
5671	0.090000
5672	0.000000
5673	0.050000
5674	0.040000
5675	0.320000
5676	0.020000
5677	0.130000
5678	0.120000
5679	0.020000
5680	0.020000
5681	0.020000
5682	0.230000
5683	0.070000
5684	0.390000
5685	0.030000
5686	0.250000
5687	0.000000
5688	0.090000
5689	0.370000
5690	0.060000
5691	0.050000
5692	0.050000
5693	0.030000
5694	0.040000
5695	0.010000
5696	0.030000
5697	0.000000
5698	0.130000
5699	0.210000
5700	0.040000
5701	0.180000
5702	0.070000
5703	0.020000
5704	0.020000
5705	0.060000
5706	0.170000
5707	0.060000
5708	0.060000
5709	0.130000
5710	0.170000
5711	0.000000
5712	0.050000
5713	0.020000
5714	0.030000
5715	0.060000
5716	0.190000
5717	0.210000
5718	0.110000
5719	0.000000
5720	0.280000
5721	0.060000
5722	0.200000
5723	0.190000
5724	0.090000
5725	0.010000
5726	0.190000
5727	0.010000
5728	0.000000
5729	0.000000
5730	0.200000
5731	0.060000
5732	0.040000
5733	0.250000
5734	0.210000
5735	0.030000
5736	0.070000
5737	0.050000
5738	0.260000
5739	0.010000
5740	0.060000
5741	0.010000
5742	0.000000
5743	0.030000
5744	0.130000
5745	0.110000
5746	0.110000
5747	0.280000
5748	0.040000
5749	0.180000
5750	0.060000
5751	0.020000
5752	0.050000
5753	0.070000
5754	0.160000
5755	0.100000
5756	0.040000
5757	0.140000
5758	0.060000
5759	0.290000
5760	0.020000
5761	0.030000
5762	0.060000
5763	0.440000
5764	0.040000
5765	0.240000
5766	0.030000
5767	0.120000
5768	0.000000
5769	0.060000
5770	0.060000
5771	0.080000
5772	0.000000
5773	0.030000
5774	0.060000
5775	0.060000
5776	0.240000
5777	0.120000
5778	0.020000
5779	0.110000
5780	0.120000
5781	0.010000
5782	0.070000
5783	0.010000
5784	0.010000
5785	0.210000
5786	0.020000
5787	0.280000
5788	0.170000
5789	0.000000
5790	0.110000
5791	0.140000
5792	0.200000
5793	0.010000
5794	0.000000
5795	0.570000
5796	0.000000
5797	0.090000
5798	0.080000
5799	0.070000
5800	0.030000
5801	0.150000
5802	0.010000
5803	0.050000
5804	0.040000
5805	0.060000
5806	0.020000
5807	0.060000
5808	0.090000
5809	0.230000
5810	0.040000
5811	0.090000
5812	0.290000
5813	0.090000
5814	0.070000
5815	0.110000
5816	0.010000
5817	0.010000
5818	0.060000
5819	0.070000
5820	0.080000
5821	0.070000
5822	0.010000
5823	0.130000
5824	0.270000
5825	0.060000
5826	0.170000
5827	0.040000
5828	0.000000
5829	0.120000
5830	0.070000
5831	0.580000
5832	0.160000
5833	0.030000
5834	0.030000
5835	0.020000
5836	0.070000
5837	0.090000
5838	0.130000
5839	0.010000
5840	0.080000
5841	0.250000
5842	0.050000
5843	0.110000
5844	0.080000
5845	0.130000
5846	0.070000
5847	0.210000
5848	0.240000
5849	0.040000
5850	0.020000
5851	0.070000
5852	0.180000
5853	0.140000
5854	0.080000
5855	0.020000
5856	0.080000
5857	0.020000
5858	0.140000
5859	0.030000
5860	0.020000
5861	0.160000
5862	0.170000
5863	0.010000
5864	0.050000
5865	0.090000
5866	0.050000
5867	0.000000
5868	0.100000
5869	0.070000
5870	0.040000
5871	0.050000
5872	0.200000
5873	0.060000
5874	0.270000
5875	0.100000
5876	0.060000
5877	0.030000
5878	0.110000
5879	0.040000
5880	0.360000
5881	0.080000
5882	0.030000
5883	0.020000
5884	0.090000
5885	0.110000
5886	0.360000
5887	0.040000
5888	0.210000
5889	0.120000
5890	0.300000
5891	0.040000
5892	0.080000
5893	0.060000
5894	0.050000
5895	0.000000
5896	0.000000
5897	0.000000
5898	0.020000
5899	0.000000
5900	0.020000
5901	0.030000
5902	0.080000
5903	0.080000
5904	0.000000
5905	0.110000
5906	0.120000
5907	0.070000
5908	0.190000
5909	0.010000
5910	0.050000
5911	0.060000
5912	0.070000
5913	0.040000
5914	0.020000
5915	0.100000
5916	0.260000
5917	0.270000
5918	0.020000
5919	0.020000
5920	0.130000
5921	0.090000
5922	0.140000
5923	0.030000
5924	0.010000
5925	0.180000
5926	0.030000
5927	0.050000
5928	0.020000
5929	0.000000
5930	0.070000
5931	0.140000
5932	0.050000
5933	0.040000
5934	0.040000
5935	0.010000
5936	0.060000
5937	0.070000
5938	0.090000
5939	0.130000
5940	0.000000
5941	0.010000
5942	0.080000
5943	0.060000
5944	0.030000
5945	0.010000
5946	0.040000
5947	0.020000
5948	0.140000
5949	0.130000
5950	0.400000
5951	0.110000
5952	0.080000
5953	0.130000
5954	0.210000
5955	0.160000
5956	0.150000
5957	0.130000
5958	0.100000
5959	0.000000
5960	0.110000
5961	0.060000
5962	0.050000
5963	0.180000
5964	0.210000
5965	0.010000
5966	0.080000
5967	0.010000
5968	0.030000
5969	0.050000
5970	0.000000
5971	0.170000
5972	0.170000
5973	0.080000
5974	0.030000
5975	0.110000
5976	0.120000
5977	0.000000
5978	0.190000
5979	0.000000
5980	0.100000
5981	0.100000
5982	0.220000
5983	0.040000
5984	0.040000
5985	0.070000
5986	0.060000
5987	0.090000
5988	0.020000
5989	0.030000
5990	0.140000
5991	0.040000
5992	0.030000
5993	0.030000
5994	0.080000
5995	0.120000
5996	0.290000
5997	0.040000
5998	0.060000
5999	0.010000
6000	0.050000
6001	0.100000
6002	0.100000
6003	0.140000
6004	0.020000
6005	0.000000
6006	0.030000
6007	0.170000
6008	0.030000
6009	0.070000
6010	0.290000
6011	0.160000
6012	0.010000
6013	0.060000
6014	0.040000
6015	0.040000
6016	0.310000
6017	0.010000
6018	0.090000
6019	0.000000
6020	0.080000
6021	0.210000
6022	0.070000
6023	0.030000
6024	0.080000
6025	0.170000
6026	0.070000
6027	0.030000
6028	0.060000
6029	0.030000
6030	0.020000
6031	0.060000
6032	0.040000
6033	0.070000
6034	0.010000
6035	0.000000
6036	0.400000
6037	0.210000
6038	0.000000
6039	0.030000
6040	0.220000
